109,65
65,24
106,69
42,10
82,101
86,90
17,20
7,25
46,12
89,45
76,100
68,25
126,106
57,20
45,9
88,86
116,132
58,19
108,105
97,52
98,51
90,84
133,133
34,8
142,109
123,132
88,98
82,40
65,96
106,61
52,17
115,106
143,115
14,43
111,123
59,97
108,59
30,14
136,108
84,95
29,11
71,100
105,106
138,110
122,107
123,107
86,93
99,103
7,22
97,107
76,99
24,73
83,40
119,132
145,115
10,36
101,101
99,77
11,41
117,130
9,9
59,19
16,60
86,41
60,20
8,18
28,77
11,15
87,44
112,121
141,126
38,5
81,36
88,105
25,16
143,120
93,83
14,50
90,99
21,68
54,18
95,77
102,56
84,102
68,97
72,100
19,18
108,65
7,15
141,131
20,21
77,100
132,132
125,106
145,116
100,76
109,103
130,130
16,51
103,104
10,9
108,117
142,127
9,20
18,57
14,19
79,102
108,114
14,53
110,105
15,48
49,14
64,98
74,30
5,10
55,16
103,58
107,68
92,100
111,119
131,109
73,99
115,132
35,85
41,10
97,101
70,98
104,104
118,104
16,20
37,87
78,34
67,27
100,75
56,20
46,11
11,39
89,42
68,28
96,52
108,108
13,37
97,49
35,8
33,8
71,31
10,26
93,46
104,58
76,35
83,104
105,59
123,129
110,112
139,133
143,116
85,98
32,82
92,99
107,61
111,124
66,99
130,108
86,102
28,13
128,132
109,63
63,96
91,105
42,8
6,18
102,102
106,109
107,105
76,102
83,37
23,20
145,120
88,88
69,26
84,38
108,107
135,133
34,6
31,82
80,36
91,82
12,19
105,60
143,125
63,24
19,67
14,41
53,18
105,70
132,107
128,106
30,12
136,110
87,101
34,83
121,107
31,9
65,23
105,104
68,100
119,104
75,99
6,21
122,105
138,108
37,89
99,105
7,16
24,75
39,87
145,113
10,34
129,130
8,14
9,15
59,21
12,44
60,22
8,20
17,63
13,49
28,79
61,23
114,103
134,131
142,122
141,124
93,81
41,91
33,86
116,127
15,53
21,66
54,16
67,97
95,79
87,98
50,16
84,96
5,15
61,98
96,106
68,99
129,106
40,6
7,9
41,7
107,103
81,103
43,9
48,92
11,32
98,74
140,127
144,122
12,43
103,106
8,27
32,8
50,94
35,5
92,82
14,17
40,88
55,94
10,17
15,20
37,7
20,65
83,101
46,91
27,17
60,97
57,97
49,12
110,111
52,15
44,92
94,82
104,68
111,113
60,95
69,100
64,26
80,100
35,87
98,107
104,106
133,109
25,77
142,129
88,45
135,107
44,9
139,108
47,12
12,34
45,12
102,71
108,110
109,120
70,28
113,125
105,57
18,65
77,32
143,118
65,99
28,17
19,60
44,91
32,84
140,128
107,63
20,63
62,98
105,67
66,97
130,106
86,100
28,15
34,86
109,61
63,98
106,65
29,14
66,27
86,94
7,21
118,130
107,107
79,34
9,34
124,106
140,109
39,88
88,90
116,128
33,7
16,57
86,42
114,106
80,38
11,10
24,18
38,6
81,39
95,51
110,121
25,19
99,52
82,36
13,16
22,69
106,57
78,102
143,127
33,83
55,96
53,16
101,54
15,46
21,71
121,105
31,11
114,131
119,106
75,101
87,93
93,106
99,107
24,77
144,111
145,119
36,85
112,103
26,79
16,48
12,46
10,10
17,61
13,47
112,125
61,21
142,120
9,23
18,58
92,85
103,69
114,127
20,68
26,19
41,89
48,12
15,55
67,99
84,98
85,92
50,14
92,105
5,13
61,96
103,57
107,67
111,106
40,8
45,93
86,104
115,131
137,133
127,106
81,101
43,11
102,104
56,17
48,94
11,34
44,12
27,76
144,124
12,37
53,94
96,49
8,29
32,10
13,40
17,54
70,27
35,7
9,24
50,92
89,86
40,90
113,122
115,124
37,5
11,30
76,32
104,55
83,103
122,129
62,23
51,14
110,109
58,95
73,29
22,73
102,55
94,80
127,130
121,130
104,70
111,115
69,98
23,71
86,99
80,102
120,105
138,133
100,105
106,68
5,16
98,105
104,108
133,107
134,107
52,93
17,21
22,18
44,11
18,18
139,110
57,21
47,14
90,45
45,10
69,29
93,48
58,18
102,69
97,53
109,118
94,47
98,50
90,87
94,49
42,91
12,16
39,8
65,97
19,62
106,60
26,15
143,112
140,130
14,42
111,120
62,96
27,14
30,9
136,107
87,104
34,84
84,94
31,12
29,12
66,25
7,23
22,21
106,105
107,109
126,108
9,32
24,72
140,111
39,90
116,130
99,74
108,103
97,78
16,59
86,40
8,17
114,104
112,120
11,12
141,127
24,20
47,91
12,15
88,104
136,131
25,17
58,97
99,54
78,100
93,84
14,45
117,106
84,101
94,100
71,98
105,108
114,129
6,9
100,101
141,132
61,95
96,77
119,130
145,117
36,87
16,50
103,105
101,73
102,73
108,116
9,21
18,56
103,71
75,32
30,81
20,70
122,132
14,52
48,14
5,11
55,17
111,116
131,106
137,131
23,72
45,91
125,129
132,130
142,130
21,18
88,42
17,18
100,74
56,19
46,10
89,43
135,110
57,18
96,51
103,102
8,31
17,52
13,38
91,45
97,50
108,115
128,130
33,9
92,46
10,29
93,47
56,95
115,126
76,34
38,8
62,21
18,66
51,16
77,35
53,96
143,117
139,130
19,59
140,133
107,58
116,104
108,61
73,101
86,97
28,12
120,107
138,131
109,64
106,66
100,107
70,100
98,103
137,110
95,100
78,36
52,95
86,91
7,24
106,108
76,101
68,26
38,87
90,43
88,87
69,27
145,121
97,75
90,85
31,83
91,83
42,89
47,92
12,18
88,99
110,122
99,51
143,114
13,19
22,70
63,25
106,58
89,105
111,122
132,106
15,45
29,10
6,20
97,106
24,74
23,18
145,114
135,131
10,37
99,76
109,109
97,76
11,40
113,106
9,8
8,19
17,56
134,130
28,78
11,14
112,122
18,63
74,32
141,125
136,133
54,96
14,51
110,103
116,126
117,104
21,67
54,19
43,90
102,57
94,106
111,105
59,95
72,101
95,106
19,21
87,89
108,66
7,14
100,103
131,130
141,130
96,79
42,7
132,133
129,132
98,77
11,33
26,75
16,52
144,121
12,42
8,26
108,118
134,133
142,124
92,81
36,5
10,16
75,34
114,123
20,64
122,130
72,29
110,110
49,13
64,99
22,74
143,110
52,14
126,132
127,129
74,31
55,19
104,67
53,15
111,118
23,74
129,108
64,25
73,98
35,84
41,9
97,100
25,78
142,128
88,44
102,108
11,38
29,80
68,29
108,113
47,13
144,112
102,70
108,109
141,111
113,126
71,30
10,27
15,18
31,84
56,97
11,18
94,50
104,59
42,92
46,93
18,64
77,33
15,56
143,119
28,16
19,61
44,90
20,62
27,13
132,109
116,106
130,109
30,10
109,62
106,64
98,101
29,15
105,102
137,108
66,26
6,19
86,89
102,103
7,26
106,106
79,35
140,108
124,105
39,89
88,89
84,39
8,8
16,56
90,83
133,130
120,130
73,32
80,37
11,11
142,112
91,85
24,17
47,94
95,48
110,120
99,53
82,39
13,17
19,66
22,68
100,54
55,97
53,17
105,69
15,47
30,13
64,23
87,100
31,8
114,130
119,107
6,10
123,108
37,88
118,132
24,76
144,110
145,112
10,35
11,42
26,78
9,14
59,20
12,45
103,108
60,23
17,62
49,94
13,48
87,41
112,124
142,123
9,16
92,84
30,82
114,126
26,18
33,85
14,49
57,95
21,65
95,78
43,92
84,97
85,93
5,14
107,64
124,129
40,7
87,91
93,100
125,132
7,8
131,132
107,102
74,101
25,75
21,21
51,93
43,8
101,107
102,107
106,102
98,75
135,109
85,40
27,77
38,89
12,36
53,95
96,48
144,123
8,28
17,55
13,41
50,95
29,79
108,112
9,25
113,123
36,7
10,30
115,125
11,31
72,31
62,22
90,105
60,98
73,30
63,23
22,72
102,54
44,93
84,104
85,102
94,83
89,99
103,55
111,112
86,98
80,101
120,104
65,26
5,17
98,104
82,103
78,33
67,28
79,36
139,111
18,21
124,108
90,44
12,35
54,94
93,49
58,21
108,111
109,119
112,106
70,29
141,109
98,53
72,32
90,86
95,47
10,25
89,88
142,111
42,90
105,56
143,113
115,104
32,85
140,129
107,62
121,132
105,66
27,15
34,87
84,93
111,103
134,109
66,24
6,17
123,105
86,95
102,101
99,101
22,20
106,104
107,106
9,33
83,38
88,91
10,38
101,103
116,129
97,79
117,132
33,6
16,58
86,43
8,16
11,13
24,19
38,7
81,38
95,50
39,6
82,37
19,68
143,126
85,104
33,82
14,44
21,70
87,102
91,99
114,128
124,132
72,98
87,92
96,76
77,102
127,108
125,108
145,118
36,86
84,40
109,105
98,78
26,76
59,22
130,132
16,49
90,88
102,72
17,60
49,92
13,46
87,43
61,20
142,121
9,22
18,59
103,68
75,33
30,80
114,124
20,69
26,16
41,88
79,100
15,54
64,96
126,129
143,109
85,91
50,15
92,106
5,12
107,66
111,117
127,132
40,9
20,18
104,102
118,106
74,99
16,18
88,41
51,95
43,10
67,25
100,73
56,18
101,105
102,105
113,103
27,79
144,125
53,93
17,53
8,30
32,11
13,39
50,93
35,6
9,31
33,10
14,20
40,91
71,29
92,45
10,28
15,17
56,94
11,17
104,56
94,79
46,94
27,18
51,17
77,36
139,131
21,72
128,108
120,132
94,81
140,132
107,59
104,71
96,100
111,114
69,97
23,70
108,60
86,96
80,103
