49,146
142,63
136,194
213,128
23,60
43,136
30,41
113,189
28,41
55,35
33,41
200,145
63,163
121,190
174,176
195,150
86,22
60,29
165,81
15,30
62,162
96,184
87,23
137,194
162,202
50,39
33,101
101,185
184,163
134,55
182,93
170,182
75,172
21,59
37,113
207,117
158,200
210,132
27,39
77,17
172,178
172,87
169,83
47,143
190,102
172,200
129,53
34,41
17,39
182,165
111,188
208,117
61,25
51,148
72,15
210,119
169,186
198,146
106,36
98,30
99,31
88,24
19,44
158,74
169,203
41,127
190,158
114,190
43,134
176,172
212,121
27,82
172,199
16,29
25,70
149,67
67,18
41,43
140,196
29,88
26,74
18,31
138,194
45,140
85,21
118,45
124,48
48,41
142,196
164,81
179,91
170,184
176,91
35,105
204,113
40,124
102,186
168,186
135,194
55,153
169,204
159,200
113,41
183,95
21,55
53,151
168,192
212,128
22,36
170,85
92,27
88,180
55,36
42,43
194,105
63,164
69,17
153,199
117,190
61,162
124,192
82,21
136,59
35,110
100,32
33,98
23,64
148,198
114,41
37,118
184,97
49,144
206,116
142,61
172,181
110,188
23,62
176,176
128,51
35,43
24,68
93,182
174,204
149,198
98,184
70,17
153,200
152,69
63,24
95,184
75,174
107,187
154,71
21,57
19,41
65,23
20,34
43,131
21,35
39,121
46,140
52,39
150,68
186,98
53,38
57,35
79,176
36,43
42,130
214,126
17,37
69,166
168,197
92,182
125,192
94,182
208,119
31,91
180,169
51,150
119,45
32,96
144,63
19,46
41,125
190,156
211,121
168,82
176,174
39,118
89,182
212,123
22,35
25,68
67,20
29,86
94,28
18,29
27,74
194,151
123,190
45,138
80,18
67,165
193,152
81,19
203,113
123,47
35,107
154,73
204,115
199,146
134,57
168,188
129,192
126,50
214,128
79,17
21,53
168,194
206,115
148,66
212,130
170,83
174,88
193,105
161,201
171,85
32,41
171,204
69,168
196,107
174,203
200,110
97,184
173,87
57,158
126,192
199,109
204,140
61,160
186,162
15,29
82,19
180,92
33,96
182,94
23,66
37,116
76,17
150,67
85,180
128,53
41,130
34,42
17,34
58,31
160,75
201,144
59,30
204,139
182,166
205,138
66,164
180,91
31,92
61,28
104,35
152,71
202,113
210,120
208,136
102,35
130,192
177,172
100,184
155,200
75,15
196,149
177,91
178,171
19,43
190,155
65,21
43,133
39,123
27,81
57,33
192,105
214,124
67,17
127,192
115,43
94,27
18,32
119,190
71,15
84,21
192,152
131,53
132,54
97,29
133,55
183,164
103,35
19,48
34,104
112,41
170,199
24,37
89,25
144,64
89,180
26,39
47,144
174,87
25,74
188,101
161,77
29,84
27,76
68,17
116,43
194,106
73,170
120,46
57,155
45,136
121,47
185,162
198,108
45,43
125,49
49,40
30,90
208,134
35,109
77,174
131,192
141,196
181,93
156,200
108,37
168,190
95,182
139,59
20,50
140,60
90,25
21,51
114,42
168,196
188,159
49,147
54,152
142,62
23,61
113,190
143,63
54,37
28,40
65,164
192,103
195,107
79,174
174,201
200,144
57,156
86,180
120,190
204,142
38,43
186,160
15,31
180,167
33,102
101,186
184,162
209,119
101,33
71,168
112,39
75,173
99,184
80,176
140,59
21,60
37,114
49,148
171,182
47,41
38,118
39,124
28,39
147,65
85,178
172,86
47,140
171,199
41,128
165,202
201,111
83,176
214,123
17,32
130,53
160,77
139,194
182,164
71,16
162,79
39,43
31,94
61,26
51,149
52,150
157,200
73,15
102,33
154,200
88,23
19,45
100,31
43,135
90,182
25,71
67,19
59,158
29,89
194,152
18,30
192,154
198,107
118,44
164,80
198,148
176,90
105,186
19,50
78,17
170,197
24,39
147,196
36,112
202,143
170,84
203,142
64,164
92,26
25,72
173,201
206,137
93,27
163,79
55,37
29,82
27,78
110,39
116,190
58,158
143,196
45,41
82,20
136,58
35,111
131,194
33,99
137,59
70,168
108,39
166,202
178,91
170,204
23,65
19,33
184,96
49,145
172,180
23,63
113,188
202,144
191,154
16,32
200,146
63,162
59,29
174,177
86,23
49,39
33,100
101,184
184,164
82,176
138,59
71,170
63,25
170,183
21,58
209,134
37,112
178,172
210,133
20,33
172,179
47,142
53,39
190,103
187,99
151,198
172,201
83,178
17,38
68,166
139,196
37,43
163,202
69,167
208,118
162,77
180,168
118,43
132,194
96,29
198,147
106,37
48,144
98,31
88,25
19,47
158,75
169,202
41,126
197,148
168,81
133,194
39,119
115,190
176,173
212,122
25,69
40,43
146,196
67,21
29,87
122,190
27,75
194,150
123,191
45,139
80,17
124,49
170,185
35,104
154,72
33,104
124,47
204,114
134,56
168,187
55,152
147,198
21,54
53,150
168,193
148,65
212,129
22,37
112,188
109,188
185,97
161,202
164,202
151,69
200,109
174,202
153,198
87,180
61,161
202,111
81,176
100,33
33,97
157,73
23,67
134,194
37,117
141,61
76,16
206,117
22,60
46,41
50,148
146,65
172,182
31,41
128,52
29,41
172,204
17,35
59,31
18,40
204,138
86,21
31,93
61,29
152,70
202,112
105,35
74,172
107,186
102,34
196,148
21,56
64,23
19,40
53,152
76,15
178,170
65,22
190,154
20,35
175,89
51,39
66,21
43,130
39,120
56,154
150,69
186,99
56,35
53,37
190,101
60,160
57,34
192,104
160,200
214,127
17,36
118,190
186,161
28,82
164,79
31,90
180,170
106,186
132,53
167,81
31,96
106,35
98,29
189,158
158,73
19,49
112,40
156,73
41,124
170,198
190,157
168,83
176,175
89,181
108,188
212,132
123,192
173,204
23,37
188,100
206,138
17,29
29,85
94,29
27,77
72,170
73,171
120,45
117,43
181,166
45,137
80,19
67,164
122,47
49,41
76,174
35,106
131,193
168,189
63,23
55,154
95,183
35,112
126,51
188,160
23,68
21,52
168,195
188,158
148,67
213,123
212,131
174,89
188,99
161,200
207,136
78,174
150,198
79,175
73,172
200,111
57,157
17,40
191,103
204,141
174,178
180,93
180,166
33,103
205,115
62,25
166,81
182,95
71,169
159,75
144,196
127,51
15,32
145,65
168,202
37,115
210,134
84,178
44,136
59,160
85,179
172,85
47,141
41,129
57,31
197,107
83,177
34,43
17,33
139,195
160,76
71,17
179,170
162,78
175,176
31,95
61,27
210,121
107,188
211,132
74,15
196,150
169,197
19,42
43,132
39,122
103,186
186,97
91,25
27,80
57,32
214,125
59,159
29,90
189,101
18,33
83,21
91,182
95,29
128,192
43,43
192,153
152,198
153,71
132,55
167,202
170,186
176,89
155,73
104,186
145,196
187,160
24,38
114,43
25,39
144,65
147,197
202,142
92,25
25,73
206,136
29,83
27,79
194,107
120,47
57,154
111,39
44,43
67,166
198,109
45,42
208,135
136,57
35,108
107,37
108,38
168,191
135,57
126,49
109,39
173,178
140,61
21,50
184,95
