270,220
233,256
272,262
282,251
263,219
226,213
269,260
280,260
260,217
278,221
278,262
239,260
220,218
283,223
244,260
223,224
286,231
277,262
284,242
231,213
227,246
217,211
233,259
282,252
234,213
261,219
262,219
256,260
264,219
280,257
221,218
223,234
278,222
242,215
286,237
259,217
223,231
239,215
281,223
219,216
284,247
223,240
225,241
227,245
224,240
255,258
247,217
215,211
221,221
222,213
223,233
246,216
244,259
286,238
245,215
245,258
240,215
250,258
284,244
286,240
233,260
235,213
253,217
254,217
221,211
231,251
215,214
229,248
223,236
248,217
233,253
286,235
238,213
232,252
265,260
243,215
270,221
217,215
282,248
235,260
234,260
273,262
240,260
255,260
227,213
260,218
215,213
248,258
258,217
222,211
223,227
286,228
237,213
284,243
238,214
262,260
261,260
267,260
266,260
268,219
233,258
273,221
282,253
254,258
270,262
269,262
236,260
274,262
280,258
223,213
278,223
223,230
286,225
257,217
275,221
284,240
217,216
225,240
227,244
221,224
270,219
263,260
268,260
266,219
229,213
267,219
282,254
221,220
246,217
223,232
284,223
286,239
223,229
286,226
226,244
247,258
284,245
252,258
285,225
225,243
271,221
284,224
216,214
252,217
225,213
280,254
265,219
246,215
231,250
221,223
223,239
233,252
277,221
282,223
286,232
217,214
282,249
216,211
281,254
275,262
233,213
251,217
260,219
231,249
215,212
257,260
278,260
230,248
223,226
241,215
233,255
249,258
286,229
229,247
238,215
225,244
280,223
236,213
233,257
282,250
283,248
272,221
269,261
271,262
280,259
276,262
231,252
259,260
258,260
285,240
223,225
286,230
218,216
219,218
244,215
246,258
222,224
264,260
284,241
256,217
279,260
228,213
280,256
220,211
221,219
223,235
286,236
223,228
286,227
219,217
260,260
284,246
230,213
269,219
225,242
274,221
253,258
284,225
255,259
250,217
241,260
280,255
224,213
279,223
221,222
222,212
223,238
244,258
286,233
219,211
276,221
228,246
255,217
238,260
237,260
232,213
231,248
249,217
242,260
243,260
278,261
223,237
233,254
286,234
229,246
251,258
218,211
284,248
