232,57
74,106
353,49
175,34
30,100
341,76
141,95
188,30
38,119
73,91
147,38
81,139
280,16
104,137
269,18
215,64
31,103
257,46
25,58
260,45
299,122
247,143
212,147
71,93
310,85
225,24
44,129
174,83
73,92
115,44
332,81
216,63
219,26
293,133
209,96
67,94
126,42
345,27
111,137
186,135
132,95
252,49
56,139
195,141
108,108
37,56
347,70
205,28
248,76
306,11
345,28
91,93
199,30
175,81
303,12
125,124
200,141
333,79
246,78
86,50
63,139
210,96
156,36
178,121
166,85
186,137
65,102
282,43
156,91
32,105
285,14
18,84
110,93
238,22
235,150
236,24
145,95
291,136
27,95
119,134
106,137
109,108
237,55
249,76
126,95
18,60
331,15
313,85
351,64
50,54
218,90
239,149
208,28
265,43
104,93
50,137
342,75
307,87
272,147
236,23
312,10
240,82
262,71
241,53
245,144
120,44
183,133
277,64
48,136
122,131
32,103
76,139
225,61
207,69
22,58
229,57
295,130
205,145
117,95
29,99
339,77
127,42
317,83
121,133
283,47
343,73
73,106
306,87
330,81
151,93
235,84
129,42
278,64
99,46
282,15
191,75
324,83
115,110
242,145
260,141
250,49
180,111
184,106
133,95
279,16
87,93
274,39
328,14
132,40
72,51
73,139
271,40
262,144
108,46
148,95
279,41
326,12
59,54
101,106
160,89
341,22
270,18
208,96
154,36
201,71
22,87
243,51
211,26
266,70
180,125
248,21
301,117
254,47
24,91
46,134
146,95
100,93
28,95
191,102
303,87
70,139
16,83
10,74
119,113
301,110
177,32
274,16
183,78
23,58
191,30
13,64
182,130
113,137
353,45
232,84
268,18
112,94
239,53
24,58
333,16
61,139
205,69
301,103
159,89
25,93
209,147
70,106
199,71
182,133
93,139
349,33
60,52
228,24
265,18
200,100
292,135
241,147
258,19
280,60
118,44
137,40
287,140
118,95
337,78
247,50
301,96
340,77
210,26
14,64
200,28
233,84
272,67
276,64
122,42
158,36
214,65
19,85
248,49
198,30
254,75
20,60
277,16
193,75
68,139
208,67
353,48
266,146
72,93
41,56
316,85
284,14
30,101
341,75
188,31
117,111
120,114
182,110
38,116
149,95
206,96
237,82
220,61
257,45
247,142
39,119
95,106
44,130
11,75
339,19
33,58
253,20
294,131
315,10
79,93
293,132
247,22
345,26
272,16
115,135
207,96
228,59
337,18
194,102
322,83
254,20
163,87
296,127
187,77
248,77
163,36
331,16
233,57
125,123
200,142
26,93
66,52
128,42
257,135
294,12
178,118
92,93
95,48
62,139
65,101
85,106
32,106
18,85
12,64
94,139
250,141
188,75
67,52
105,137
212,65
38,56
331,14
135,40
157,91
214,148
218,91
275,16
239,148
225,59
99,139
261,45
307,86
53,139
271,68
83,50
351,59
209,67
85,139
127,95
202,98
314,85
334,16
282,58
48,137
110,108
225,60
207,68
121,131
253,49
75,139
22,59
109,93
183,108
76,106
192,139
260,135
121,132
190,30
15,81
351,41
81,106
66,139
212,94
251,141
74,91
75,91
149,38
48,135
275,39
22,90
98,139
246,51
184,107
27,58
122,116
264,18
345,73
132,41
283,143
231,24
161,36
72,52
218,63
325,83
164,87
297,127
262,145
265,70
140,40
134,95
118,112
203,143
82,106
341,21
238,82
203,28
154,37
194,140
307,10
201,70
182,32
225,88
125,42
180,126
42,123
248,22
301,116
219,90
24,92
81,93
46,135
353,43
114,110
79,106
44,56
189,75
224,151
277,147
279,62
262,18
10,75
119,112
173,34
123,117
301,109
269,68
107,108
142,40
182,131
353,44
263,70
232,85
16,60
226,88
17,83
145,38
112,95
256,47
301,102
251,49
34,108
220,90
244,80
245,78
32,58
267,43
161,87
327,13
349,32
60,53
211,67
289,139
241,146
350,65
280,61
246,22
221,151
223,151
337,77
301,95
177,81
109,44
210,27
200,29
257,74
171,83
336,18
218,26
272,68
201,98
276,65
305,12
187,32
281,43
119,95
284,48
30,99
193,74
181,110
75,106
38,114
353,55
266,147
67,139
117,135
20,85
101,46
117,110
49,137
38,117
258,74
149,94
118,135
135,95
189,104
180,32
330,14
58,139
77,93
241,22
40,119
278,145
263,18
324,12
90,139
44,131
191,139
339,18
318,10
103,106
347,67
293,131
80,139
345,25
74,50
223,24
117,112
82,50
236,149
114,44
300,12
104,106
97,93
350,36
224,88
187,76
248,78
178,124
208,145
65,99
282,46
249,49
87,139
263,145
175,83
231,86
125,122
200,143
347,32
222,90
86,48
162,87
148,38
294,13
210,94
178,119
203,69
65,100
32,107
268,68
12,65
93,106
116,44
351,61
185,32
157,90
214,149
221,61
243,80
99,138
261,44
46,56
322,10
211,147
124,42
144,40
346,28
278,39
285,143
253,48
319,10
274,66
261,141
75,50
297,12
278,62
172,34
343,75
291,14
351,40
251,140
345,71
199,100
180,128
144,38
22,91
169,34
215,149
184,108
251,20
55,54
188,104
226,151
228,151
35,58
345,72
257,20
132,42
297,126
103,93
69,93
180,112
10,70
341,20
142,95
270,16
92,48
194,141
201,69
165,87
221,26
243,53
280,41
15,62
180,127
204,69
301,115
123,127
158,89
24,93
64,52
279,145
46,132
106,108
253,139
353,42
193,30
89,93
255,135
100,46
52,137
277,146
10,72
102,137
301,108
123,116
87,106
79,139
82,93
193,102
232,86
196,100
16,61
240,22
275,66
88,106
239,55
259,45
246,143
301,101
234,24
34,109
227,59
120,95
267,42
290,137
327,12
60,54
211,66
269,147
289,138
312,85
241,145
280,62
113,95
185,135
259,18
301,94
67,103
107,93
200,30
328,83
314,10
197,100
92,139
276,66
97,48
198,141
76,92
338,77
284,49
270,68
184,133
193,73
249,20
38,115
185,106
353,54
273,66
110,44
243,22
214,94
218,149
20,86
76,91
204,96
277,39
14,80
70,93
182,108
149,93
90,48
236,55
143,95
119,44
326,83
202,69
40,120
264,43
121,115
85,93
186,106
211,94
124,127
271,147
205,96
159,36
345,24
199,141
228,86
121,116
252,76
115,137
95,93
12,76
194,100
178,125
97,139
208,146
245,51
65,98
282,47
232,24
213,26
12,75
175,82
125,121
98,93
262,72
86,49
343,23
220,149
210,95
178,116
168,34
282,54
233,151
268,69
214,147
253,76
18,83
114,95
12,66
54,54
273,39
247,78
108,93
113,110
351,60
153,93
281,16
72,139
256,135
28,96
157,89
33,107
206,69
26,58
261,43
226,24
103,137
351,37
153,38
255,20
220,26
282,56
14,62
164,36
190,138
248,141
285,142
237,149
88,48
311,85
352,42
192,30
231,151
198,100
295,12
271,39
278,63
103,46
69,106
343,74
37,113
55,139
86,93
210,67
180,129
157,36
68,52
144,39
22,88
260,136
274,147
188,105
136,95
230,57
346,71
240,147
297,125
180,113
112,44
347,29
42,126
209,28
10,71
111,93
270,17
317,10
302,91
165,86
243,52
280,42
335,17
262,142
123,129
301,114
206,145
46,133
289,14
253,138
185,77
223,88
264,145
57,139
196,141
52,138
179,79
277,145
10,73
119,114
301,107
123,119
89,139
224,24
182,129
303,89
16,62
90,93
130,42
226,86
162,36
219,61
239,54
222,26
301,100
323,11
96,106
276,147
65,139
309,85
353,59
289,137
36,56
204,28
133,40
105,46
301,93
67,102
86,139
121,95
171,85
85,50
76,93
98,46
212,26
284,50
215,63
184,134
222,151
235,24
329,83
57,54
206,28
353,53
266,145
293,14
137,95
20,87
204,97
178,81
146,38
23,91
299,121
178,32
14,81
182,109
258,72
78,50
188,137
172,83
78,93
215,92
67,93
108,137
255,74
40,121
166,36
227,86
121,114
150,93
29,58
339,20
124,120
344,73
152,38
61,52
84,139
229,24
266,18
128,95
347,69
138,40
306,12
35,109
299,119
115,136
12,77
125,127
197,71
201,28
194,101
60,139
280,145
62,52
195,30
178,122
70,52
309,10
259,135
208,147
65,97
282,44
102,46
21,60
80,93
278,16
12,68
105,107
125,120
235,149
291,135
221,90
222,88
119,133
343,22
220,150
348,67
42,56
153,91
178,117
242,22
167,85
282,55
268,70
12,67
105,108
213,147
197,73
169,85
190,104
122,95
113,109
351,63
153,92
282,143
217,63
28,97
214,26
72,106
36,112
202,143
79,50
195,100
34,58
295,129
351,36
316,10
282,57
176,81
51,137
14,63
21,87
190,139
176,32
285,141
51,54
273,16
78,139
194,73
288,14
187,106
173,83
338,18
267,18
245,22
332,16
68,93
69,105
179,114
54,139
77,106
351,42
227,24
254,137
136,40
129,95
22,89
78,106
297,123
260,137
83,93
36,109
94,106
273,147
188,106
213,94
288,139
91,139
242,53
65,95
121,42
104,46
39,56
297,124
180,114
347,28
77,139
42,127
276,16
100,137
10,68
123,120
46,131
84,50
40,56
194,139
165,85
349,67
280,43
335,16
262,143
283,54
123,128
298,12
301,113
284,47
195,73
249,141
215,26
56,54
183,77
96,93
253,137
292,14
116,135
251,76
52,139
301,106
123,118
252,20
186,77
349,36
303,88
258,20
226,87
180,79
247,49
301,99
323,10
34,107
28,58
263,43
327,14
353,58
231,57
36,57
301,92
284,52
141,40
255,47
242,80
353,51
171,84
334,79
194,30
268,147
308,10
236,82
183,32
94,48
98,47
284,51
30,102
184,135
84,93
302,12
14,79
71,106
329,82
38,113
353,52
207,145
342,22
155,36
214,92
204,98
134,40
45,56
66,95
197,141
166,34
77,50
295,127
299,120
247,141
258,73
43,127
99,106
143,40
244,145
138,95
17,60
293,135
281,58
49,54
40,122
268,41
216,149
347,68
239,82
204,144
151,38
83,139
101,93
84,106
284,143
100,106
11,68
12,78
250,20
69,139
125,126
333,81
26,94
343,24
112,108
111,44
204,143
152,93
244,22
178,123
327,83
188,32
65,96
282,45
300,119
267,70
89,106
181,79
74,139
105,106
222,89
261,72
190,102
30,58
88,93
220,151
230,24
160,36
178,114
270,41
139,40
218,92
96,139
258,45
278,40
318,83
197,72
307,85
240,80
225,151
227,151
113,108
351,62
82,139
120,42
181,32
28,98
107,46
90,106
109,137
310,10
167,34
68,104
325,12
36,113
170,85
229,59
123,95
295,128
351,39
43,56
261,18
317,85
176,33
105,93
241,80
301,12
252,139
270,147
181,129
258,135
281,145
139,95
69,104
275,147
348,32
87,48
203,98
230,151
238,55
260,138
108,44
36,110
229,86
86,106
237,22
331,81
320,83
102,106
31,58
217,26
117,44
154,38
304,12
130,95
186,32
347,31
42,124
10,69
66,102
47,56
266,43
301,119
259,72
265,145
235,57
45,131
349,66
83,106
48,56
193,139
123,131
250,76
16,81
197,30
19,60
93,93
311,10
301,112
187,137
244,78
161,89
353,47
179,32
217,149
154,91
155,91
283,14
179,81
76,50
276,39
301,105
260,72
235,55
349,35
303,91
124,95
200,98
255,137
280,58
48,54
73,50
219,63
222,24
170,34
81,50
301,98
210,28
88,139
106,93
353,57
36,58
59,139
150,38
287,139
236,84
301,91
67,104
284,53
116,110
53,54
353,50
47,135
290,14
271,16
93,48
95,139
115,95
236,83
244,51
30,103
341,77
254,76
189,137
304,87
329,81
38,118
335,79
65,52
219,149
190,75
323,83
214,93
215,65
71,139
184,32
232,151
287,14
257,47
166,35
131,95
299,123
321,10
272,39
80,106
44,128
73,93
240,53
293,134
243,145
67,95
123,42
106,46
40,123
224,61
44,127
210,147
253,47
347,71
204,145
187,75
264,70
229,151
306,10
296,12
260,18
171,34
120,133
12,79
196,73
125,125
144,95
58,54
333,80
26,95
207,28
294,14
98,48
245,143
102,93
178,120
186,136
32,104
217,92
189,30
235,151
291,137
184,77
97,106
190,103
119,135
256,20
131,42
178,115
234,84
351,65
182,79
278,41
99,137
236,22
240,81
262,70
340,20
216,26
91,48
245,145
120,43
116,95
28,99
239,147
308,85
98,106
229,58
305,87
269,41
202,28
295,131
351,38
213,65
107,137
336,79
281,143
63,52
196,30
71,52
207,67
317,84
190,137
176,34
256,74
238,149
22,60
201,143
112,137
251,139
110,137
281,144
282,14
260,140
233,24
180,110
147,95
239,22
41,123
262,43
234,57
140,95
72,50
200,71
271,41
80,50
260,139
101,137
179,125
108,45
36,111
222,61
64,139
313,10
352,59
13,79
96,48
99,93
282,16
174,34
267,147
286,141
347,30
42,125
226,59
248,20
301,118
52,54
192,102
321,83
235,56
349,65
298,123
335,18
262,141
123,130
16,82
165,36
301,111
91,106
183,79
114,137
244,79
89,48
161,88
198,71
353,46
286,14
179,80
216,92
112,93
94,93
320,10
301,104
230,86
111,108
223,61
319,83
267,41
182,132
349,34
211,65
303,90
200,99
329,14
255,136
258,18
280,59
48,55
69,52
287,141
344,24
219,62
222,25
337,79
247,51
301,97
323,12
92,106
168,85
192,75
234,151
353,56
125,95
272,66
315,85
284,54
254,74
113,44
299,12
