139,16
32,54
22,57
65,24
29,50
33,55
23,60
32,44
31,44
142,33
17,46
41,57
91,35
40,66
144,10
30,66
95,55
114,72
14,43
162,9
50,27
56,58
20,32
57,59
129,19
110,48
42,57
92,35
124,67
105,29
45,28
93,34
39,42
61,25
70,44
36,29
75,42
171,17
162,38
173,27
99,31
108,50
74,23
51,43
102,18
58,59
40,42
88,36
132,13
147,47
130,13
33,29
137,69
12,41
93,59
130,39
117,46
87,37
121,43
85,21
126,64
118,45
144,30
96,19
39,57
97,18
143,65
104,51
170,33
105,50
27,31
77,41
119,70
78,22
138,16
21,55
64,24
52,43
115,15
136,70
147,52
50,65
11,39
27,65
23,31
168,12
37,56
61,43
121,44
18,48
131,63
98,54
144,21
105,17
95,34
120,23
122,43
82,21
121,22
163,37
81,40
122,21
103,51
51,57
143,18
19,32
29,48
77,22
30,47
121,68
93,19
57,26
84,38
128,41
44,28
127,64
96,33
86,20
132,39
101,68
106,17
141,67
133,38
107,28
63,24
172,29
100,53
107,50
105,70
15,44
112,48
52,57
139,11
165,10
101,18
110,71
141,17
58,62
79,41
9,37
123,67
10,34
37,42
159,8
26,65
157,8
72,43
160,38
150,41
94,63
137,36
55,65
119,45
171,19
52,26
94,65
172,20
24,61
38,29
72,23
144,63
173,25
125,20
134,70
145,62
131,64
109,49
137,16
146,61
140,11
125,14
37,66
117,24
46,28
118,23
114,15
147,49
115,46
148,42
68,23
131,18
125,66
90,36
122,68
36,56
86,38
120,44
17,48
93,57
13,42
111,26
48,43
25,31
99,32
135,38
80,40
112,72
139,35
109,16
172,19
160,9
107,70
133,67
113,47
103,52
21,53
126,20
106,70
29,53
21,31
112,26
147,54
29,47
129,63
40,57
99,67
169,15
97,55
133,17
59,25
145,22
140,35
132,64
141,34
165,37
75,22
166,12
153,9
39,66
30,45
9,34
83,39
143,32
158,8
34,42
156,8
31,54
29,66
70,23
104,29
134,17
60,25
156,38
115,72
113,72
170,17
81,39
71,44
45,57
51,26
172,31
118,70
39,29
136,16
116,24
102,31
58,60
41,28
154,9
46,27
48,65
103,30
54,43
35,56
18,32
84,21
130,40
93,62
98,32
144,27
103,69
149,10
95,56
108,16
145,26
172,22
137,12
170,34
166,36
134,68
173,23
25,62
138,11
123,14
119,69
146,59
57,64
144,64
34,66
31,30
56,43
96,66
47,27
147,51
55,43
133,12
118,15
153,39
62,43
149,41
31,66
104,17
142,67
45,43
95,33
158,38
41,66
124,42
122,22
171,32
133,65
91,20
22,56
29,51
166,11
127,19
34,55
147,56
32,43
31,45
98,67
113,25
142,32
68,24
111,71
16,46
17,47
13,33
63,43
169,13
139,68
53,65
87,20
108,28
117,71
14,42
58,64
143,30
54,26
56,57
115,24
140,17
23,58
40,28
36,66
78,41
55,57
30,53
114,25
10,39
17,32
100,68
155,39
129,40
124,66
93,35
97,32
106,29
111,16
94,56
42,66
146,10
168,35
75,43
108,27
136,12
169,34
123,21
43,66
138,36
99,54
47,65
151,9
173,28
101,52
108,49
100,31
74,22
130,18
114,16
132,12
147,44
100,67
131,17
33,30
137,70
116,46
12,40
34,29
43,42
93,60
151,40
96,18
120,15
144,29
145,24
135,37
121,14
123,42
105,51
77,42
45,65
19,50
167,35
20,53
29,30
143,10
109,71
103,17
53,43
127,20
116,15
147,53
67,24
152,40
42,42
132,17
63,44
28,66
144,20
120,22
43,57
44,66
127,41
164,37
125,41
14,33
48,27
46,65
143,19
76,22
32,55
46,43
29,49
152,9
30,46
167,12
121,69
147,58
56,26
16,32
128,40
110,16
132,38
145,10
115,71
44,57
49,57
63,25
172,28
164,10
15,45
165,11
100,18
128,19
135,70
57,58
47,43
129,18
141,18
113,16
9,38
42,28
36,42
110,49
67,44
65,44
11,40
26,64
110,27
73,43
135,16
150,40
35,29
137,37
94,64
50,57
24,60
173,26
138,12
125,21
73,23
167,36
145,63
124,14
55,26
89,20
146,60
141,11
131,13
129,13
88,37
119,23
147,46
120,69
41,42
115,47
11,33
59,43
134,12
54,65
51,65
69,23
117,45
93,58
111,27
85,20
126,65
74,43
134,38
49,43
39,56
143,64
26,31
27,30
56,64
160,8
126,13
33,66
107,71
79,22
133,68
47,57
21,54
143,20
114,47
91,19
34,56
147,55
22,31
138,69
12,33
168,13
60,43
130,63
18,49
170,15
81,21
145,23
50,43
140,34
163,10
99,18
92,19
23,57
54,57
112,16
35,42
9,35
57,25
30,54
64,44
94,19
85,38
131,39
71,23
134,16
128,64
170,16
51,27
99,53
82,39
150,9
172,30
105,69
88,20
95,65
35,66
22,55
102,30
58,63
79,40
111,72
9,36
58,25
97,66
148,44
72,44
95,19
69,44
93,63
148,10
55,64
38,56
161,38
119,44
171,18
162,37
145,27
37,29
172,21
24,62
122,14
53,26
173,24
25,63
145,61
146,58
127,13
30,30
102,17
96,65
57,43
147,48
148,43
125,65
149,42
119,15
93,56
154,39
13,41
142,66
24,31
143,66
126,41
116,71
171,33
112,47
133,66
104,69
29,52
147,57
58,43
128,63
98,66
113,26
27,66
33,43
16,45
155,9
96,55
102,68
169,14
97,54
139,69
38,42
145,21
48,57
62,25
132,65
141,33
165,36
15,32
143,31
115,25
140,16
23,59
66,24
118,24
83,38
10,38
43,28
49,65
52,65
34,43
156,9
104,30
68,44
140,68
66,44
147,10
156,39
136,37
97,33
106,28
157,38
107,17
171,31
169,35
109,27
124,21
14,44
118,71
101,53
39,28
32,66
142,11
53,57
101,31
90,20
21,32
58,61
108,71
128,13
25,64
38,66
10,33
147,45
32,30
111,48
140,67
83,21
43,43
93,61
135,12
94,34
144,28
103,68
120,14
149,9
108,17
145,25
123,43
76,42
172,23
134,69
19,51
28,30
126,14
46,57
20,52
79,21
142,18
143,11
147,50
117,15
89,36
152,39
90,35
122,67
86,37
80,21
44,43
18,50
159,38
44,65
139,36
98,18
125,42
106,50
102,52
163,9
14,32
20,51
161,9
49,27
