149,87
206,24
99,126
137,91
134,55
230,123
269,106
121,101
157,127
135,93
197,105
137,92
122,63
180,38
14,165
159,50
117,105
48,245
161,125
181,114
238,125
186,111
149,89
105,117
124,124
197,82
226,121
143,91
108,132
254,127
39,156
132,95
116,68
171,44
67,239
218,65
124,123
125,99
144,89
56,139
207,22
155,52
16,163
109,156
72,120
10,178
12,223
215,111
60,134
259,123
153,87
188,34
117,68
90,102
181,77
167,46
99,131
175,94
253,32
169,81
170,97
10,189
12,214
187,88
151,54
102,85
267,113
221,63
155,106
73,120
256,125
12,205
251,15
65,199
63,185
136,54
176,93
67,203
232,10
157,85
144,54
225,61
207,69
77,228
10,175
122,101
12,196
158,127
103,133
108,80
188,88
209,69
155,129
20,235
26,158
267,111
115,105
206,80
175,117
55,142
147,89
153,130
12,195
108,79
162,125
187,111
259,87
188,87
101,120
173,80
257,29
191,75
122,149
267,100
124,62
253,83
225,79
265,94
216,65
133,95
54,142
220,117
120,65
93,167
257,22
22,237
167,122
208,105
69,206
95,163
184,113
247,46
249,128
123,100
86,104
122,126
15,164
224,119
82,109
230,61
166,99
201,71
76,175
169,46
154,87
246,12
71,179
64,131
173,42
247,39
31,156
183,113
41,245
224,14
132,143
85,169
157,129
235,59
74,119
42,156
174,42
151,131
83,108
158,51
197,28
143,112
87,104
127,145
132,118
62,243
63,195
116,130
154,54
148,133
88,104
128,121
205,69
118,68
106,80
73,214
199,71
113,130
139,114
231,61
190,84
266,115
123,147
214,78
100,161
13,225
63,241
249,13
206,22
52,245
77,219
204,24
222,118
54,245
112,76
183,36
92,98
43,245
245,81
107,80
211,78
140,114
240,57
130,56
103,117
162,50
59,243
269,105
166,46
105,115
150,54
225,119
175,42
215,67
180,39
58,138
205,105
202,71
117,104
181,113
149,88
105,116
71,237
261,90
143,90
63,132
102,161
235,125
224,63
116,69
191,32
235,10
218,78
125,98
56,140
106,132
16,164
60,136
102,88
105,159
15,229
255,127
166,83
245,53
68,239
89,102
109,155
258,86
207,105
50,148
68,126
72,121
10,179
12,216
254,31
130,143
60,135
142,112
85,106
99,130
10,186
12,215
256,22
76,116
188,75
107,157
167,81
120,149
263,119
267,112
74,177
182,77
71,209
12,206
251,14
209,67
65,198
68,181
168,46
176,94
67,202
149,133
208,20
206,78
172,42
174,119
77,227
222,78
119,151
10,172
84,171
103,132
12,197
14,225
202,26
77,116
79,175
209,68
255,19
110,132
257,27
203,105
139,91
267,110
114,74
231,123
153,129
89,169
159,127
259,86
173,79
257,28
21,235
22,235
171,121
191,74
267,103
51,146
253,82
95,165
225,78
189,32
265,93
236,125
133,94
119,101
54,143
112,130
43,154
188,111
136,93
120,66
66,130
93,166
97,163
208,106
263,91
186,36
211,20
165,48
240,127
247,41
86,105
19,160
171,119
73,179
64,132
247,38
123,124
251,35
168,98
63,197
157,128
133,56
189,75
179,77
148,110
150,131
118,66
12,224
103,161
54,144
42,245
132,119
63,194
160,104
127,97
47,245
81,173
250,82
125,60
128,122
255,84
223,63
244,80
106,81
252,16
73,213
211,67
231,60
190,85
155,85
246,129
138,54
92,100
146,54
21,160
120,101
46,152
249,12
160,102
206,23
99,123
34,156
145,135
77,218
222,119
244,128
189,86
92,99
116,105
245,80
232,59
218,114
225,12
104,117
130,57
94,165
189,111
219,14
113,74
229,121
230,121
269,104
163,48
37,156
166,47
44,245
138,139
172,81
100,121
105,114
70,239
117,128
215,66
66,202
217,78
143,135
110,78
228,61
47,150
250,14
75,233
226,119
261,89
138,91
254,18
131,56
244,12
136,141
210,108
116,70
213,18
140,137
238,10
257,86
125,97
56,141
147,54
106,133
255,126
245,52
121,126
152,131
211,109
68,127
125,122
72,122
70,208
98,92
10,176
229,12
12,217
109,113
241,57
259,125
12,168
142,113
203,69
223,14
263,121
156,85
69,239
90,100
10,187
138,116
12,208
76,117
264,119
249,82
223,119
267,115
70,179
73,237
243,80
172,44
71,208
77,233
190,109
12,207
18,162
260,123
63,187
156,52
255,21
242,10
227,121
67,205
267,104
110,109
149,132
208,21
206,79
172,43
77,226
170,81
64,185
10,173
119,150
12,198
195,107
89,167
79,174
83,171
213,78
255,18
257,26
26,156
62,189
267,97
115,107
101,132
175,119
239,10
118,103
89,168
111,76
146,112
171,120
267,102
268,104
95,164
99,161
265,92
133,93
118,126
29,156
109,78
112,131
192,107
102,119
93,165
242,55
23,158
26,238
208,107
263,90
121,149
75,177
148,89
247,40
122,124
194,84
220,78
212,109
107,113
129,58
69,181
73,178
92,167
75,217
243,53
147,110
241,127
204,69
251,34
159,85
63,196
70,126
72,212
42,154
172,119
193,30
32,156
218,14
225,80
265,119
35,243
57,245
75,175
152,106
118,67
137,141
12,225
103,160
125,147
127,147
254,84
141,137
154,52
75,215
79,114
261,123
101,161
52,144
180,77
248,37
91,100
40,156
168,81
46,150
217,113
71,122
73,212
185,88
218,16
226,80
123,149
170,46
134,56
247,12
212,18
18,234
39,245
61,243
63,243
46,153
160,103
208,78
99,122
144,112
244,129
236,80
204,105
234,10
198,28
193,73
178,40
218,115
186,88
80,112
116,153
208,69
189,110
11,172
103,119
162,48
180,90
222,14
209,107
111,132
174,79
105,113
145,112
165,125
237,80
184,36
58,136
264,92
14,168
242,127
80,110
206,105
253,18
71,239
261,88
180,40
239,80
60,243
210,109
173,119
116,71
247,129
257,85
150,87
56,142
97,92
133,118
10,182
61,191
65,241
101,88
177,117
86,169
62,134
245,51
182,113
150,110
104,82
174,96
50,146
142,137
10,177
137,116
12,218
216,16
109,112
237,59
241,56
259,124
65,202
12,169
105,134
263,120
139,54
90,101
73,235
23,237
99,132
10,184
12,209
76,118
63,189
212,67
107,159
234,80
167,83
48,148
267,114
73,236
206,69
176,40
250,35
216,111
71,211
184,88
77,232
229,61
12,200
162,102
128,58
63,186
66,183
141,114
255,20
67,204
267,107
69,208
109,132
182,90
149,131
208,22
77,225
131,143
12,199
103,134
202,24
192,30
235,80
255,29
257,25
26,157
45,154
67,181
267,96
221,14
114,72
115,106
10,194
175,118
179,115
259,88
210,67
147,133
134,141
263,92
232,123
246,49
204,80
118,127
119,103
247,82
36,243
219,78
112,132
151,87
66,128
113,155
26,239
140,91
186,34
75,176
134,93
247,43
122,125
260,88
151,108
193,107
212,110
126,97
238,80
149,54
233,125
69,180
73,177
182,38
75,216
96,163
57,243
205,80
137,139
237,10
96,92
131,120
227,12
65,185
249,127
127,122
199,82
185,77
42,155
100,88
232,80
218,15
265,118
31,241
179,79
57,244
94,94
152,107
137,140
16,229
17,233
127,146
136,116
167,98
154,53
75,214
261,122
52,145
212,20
139,137
132,120
46,151
68,128
161,85
223,78
49,245
233,80
77,223
243,11
155,87
265,96
30,239
123,148
34,242
40,245
212,19
198,26
18,235
63,242
99,125
196,107
222,117
104,159
215,78
180,92
187,34
202,80
160,127
22,158
80,113
196,82
253,31
201,105
129,143
189,109
266,96
103,118
104,134
162,49
180,91
14,166
141,91
126,60
66,241
238,126
165,124
169,121
58,137
234,125
203,80
192,84
249,37
110,76
80,111
175,79
253,17
71,238
143,54
74,235
75,235
169,98
117,151
250,127
35,156
163,83
108,113
177,115
129,97
257,84
149,110
243,127
118,151
174,94
197,71
221,65
78,175
226,12
10,183
12,220
205,24
61,190
245,129
195,30
177,116
220,14
245,50
193,84
72,237
199,26
104,83
50,147
231,80
76,233
98,90
170,98
117,153
10,190
12,219
216,17
109,111
237,58
133,143
65,201
102,86
12,170
111,155
203,71
69,126
197,73
10,185
138,114
12,210
113,109
63,188
107,158
167,82
48,149
200,80
176,41
216,112
71,210
184,89
77,231
134,118
12,201
18,160
148,54
135,141
210,78
213,67
72,179
166,123
196,28
28,239
126,147
236,10
77,224
194,73
14,228
219,115
202,25
192,31
83,173
230,12
199,105
257,24
68,206
267,99
87,169
201,80
114,73
207,78
10,195
195,82
234,59
163,125
106,113
146,110
167,121
25,237
228,121
176,79
232,124
129,95
25,158
99,163
128,145
222,63
119,102
247,45
123,99
219,65
114,153
244,127
82,110
66,129
203,24
113,154
238,57
186,35
30,240
226,61
247,42
229,80
194,82
16,232
37,243
212,111
144,135
185,75
27,239
69,179
161,50
78,116
243,55
27,156
103,84
53,245
256,84
209,20
195,73
183,77
96,93
63,198
65,184
70,124
185,76
100,89
46,245
57,138
265,117
33,241
179,78
94,95
152,108
230,80
141,54
16,230
114,130
136,117
156,104
161,83
257,125
191,107
261,121
262,121
52,146
190,32
247,49
38,244
227,61
192,73
67,241
161,84
142,54
44,154
59,136
77,222
243,10
155,86
34,243
179,92
38,156
77,175
170,44
178,92
198,27
108,157
166,48
157,104
75,118
20,160
242,80
99,124
50,245
164,125
194,30
55,245
177,79
126,58
252,33
217,65
218,113
161,102
22,159
80,114
197,107
164,100
221,117
14,167
227,80
249,35
161,127
238,127
185,113
165,123
221,78
143,89
64,241
249,36
110,77
115,130
253,16
201,26
75,234
165,100
194,107
210,107
228,80
84,106
143,137
129,96
22,160
174,95
129,145
221,64
10,180
12,221
251,127
61,189
12,172
116,72
188,32
62,132
135,54
245,49
150,108
99,129
104,84
145,89
98,91
117,152
10,191
12,212
216,18
109,110
237,57
113,107
133,142
64,198
65,200
102,87
12,171
123,62
19,235
203,70
24,158
127,58
164,48
115,153
154,106
248,129
197,72
71,212
240,80
138,115
11,195
12,211
113,108
241,55
209,78
173,96
48,150
200,81
225,63
176,42
216,113
184,90
93,96
77,230
12,202
14,226
162,100
18,161
230,10
160,50
17,162
91,167
255,22
132,56
245,12
67,206
267,109
196,29
252,82
181,90
30,156
214,18
53,144
241,80
14,229
239,127
41,156
83,172
255,31
202,105
191,73
67,183
267,98
124,60
146,135
10,192
29,239
140,54
124,147
94,96
100,132
251,16
81,110
153,54
107,132
146,111
147,135
232,125
268,107
74,214
99,162
248,12
247,44
86,106
142,91
113,153
26,237
99,90
252,127
164,83
130,95
78,114
30,241
180,115
119,126
247,37
194,83
158,85
16,233
224,12
85,171
70,122
166,100
157,52
182,36
75,218
243,54
265,115
36,156
96,94
63,193
213,111
160,85
70,125
116,128
171,96
100,90
191,109
176,117
231,10
115,72
265,116
88,102
158,52
16,231
215,18
111,109
136,118
156,105
106,82
45,245
76,218
190,86
58,243
61,134
153,106
247,48
139,139
177,92
38,245
67,240
200,26
258,125
172,96
200,105
77,221
214,67
112,74
239,57
170,45
119,66
18,233
92,96
65,130
99,127
228,12
56,245
130,58
251,82
134,54
230,122
269,107
126,59
49,148
185,111
118,128
197,106
236,59
190,75
137,93
122,62
33,156
215,65
82,173
192,32
178,79
14,164
131,95
161,126
181,115
185,112
124,99
226,120
262,90
106,159
241,10
224,78
120,126
84,108
124,122
56,138
154,129
122,64
106,134
214,111
16,162
187,75
152,87
255,125
84,107
143,136
109,157
95,94
233,59
196,73
129,144
170,121
10,181
12,222
13,168
103,159
256,29
112,109
248,82
142,114
188,33
62,133
191,84
129,120
150,109
99,128
28,156
253,33
184,77
152,54
170,96
10,188
12,213
162,83
109,109
133,141
102,84
178,115
181,38
105,82
12,204
112,155
101,119
212,78
198,105
185,36
176,92
200,82
130,120
225,62
77,229
10,174
119,149
156,129
12,203
246,82
14,227
162,101
79,173
230,11
24,237
267,108
196,30
153,131
108,78
188,86
61,192
173,81
101,121
255,30
67,182
267,101
124,61
253,84
10,193
265,95
158,104
220,116
120,64
88,169
217,16
126,122
198,82
147,134
257,23
22,236
167,123
69,207
200,71
247,47
249,129
123,101
163,100
220,115
168,121
82,108
62,192
110,155
166,98
78,115
137,54
32,241
233,10
216,78
145,54
237,125
64,130
177,40
251,33
159,104
224,13
121,64
85,170
70,123
90,167
74,118
253,127
182,37
165,83
158,50
128,97
220,65
63,192
198,71
146,89
116,129
191,108
114,107
88,103
128,120
38,243
65,183
156,106
74,120
186,75
135,118
51,245
179,40
240,10
80,173
102,132
139,138
46,154
249,14
171,81
99,121
67,128
231,59
77,220
98,163
243,12
34,241
112,75
244,53
92,97
183,90
117,103
245,82
210,20
