142,63
93,158
118,142
67,137
32,165
92,135
211,60
35,234
113,84
77,166
195,39
92,120
19,200
182,105
20,169
149,80
228,52
174,72
92,158
225,112
229,19
106,149
162,76
143,82
136,132
230,114
177,70
108,141
168,74
96,114
62,145
156,78
157,120
257,95
95,107
69,135
70,224
164,109
55,197
159,59
19,214
63,234
157,113
68,231
161,118
150,80
100,109
175,72
197,91
57,182
240,45
226,112
103,97
251,120
153,78
21,207
188,43
90,159
200,62
99,154
69,137
240,36
165,107
207,31
119,137
20,222
120,141
66,217
93,108
221,87
97,105
190,100
84,164
244,31
63,176
248,90
17,182
21,209
116,81
68,220
89,113
144,63
110,100
175,103
128,136
57,201
84,163
122,90
113,98
81,121
178,107
17,175
181,46
185,43
49,161
68,219
164,57
221,56
115,96
150,124
154,115
256,116
147,80
94,116
234,52
54,188
60,147
198,97
127,69
185,44
21,227
191,66
129,66
238,43
96,155
225,54
154,122
155,120
121,133
75,129
58,203
133,86
109,87
260,111
227,20
42,163
245,19
213,58
56,198
238,50
155,113
33,234
148,80
125,138
162,116
183,99
101,97
212,100
217,23
194,39
209,31
100,141
125,131
40,165
153,61
217,24
22,228
46,238
218,57
123,140
34,234
133,65
248,21
61,234
230,52
213,100
206,61
67,172
76,166
221,21
123,133
248,28
234,19
91,109
19,175
106,105
217,106
242,34
139,125
246,30
143,121
219,56
59,236
244,32
119,78
230,87
120,93
66,233
146,81
258,96
116,137
176,110
52,238
125,69
164,74
115,83
30,232
52,157
112,85
158,76
19,189
37,235
65,143
107,91
218,106
116,144
176,101
140,123
179,48
144,126
73,168
190,95
80,165
229,113
139,130
19,194
166,55
203,62
258,114
145,121
150,63
31,232
237,89
153,122
195,38
92,121
19,203
228,53
211,87
240,48
71,133
96,115
131,65
95,106
70,225
175,51
58,149
205,98
105,150
255,118
19,217
258,95
242,120
100,110
197,90
142,128
240,46
103,96
66,172
19,222
21,206
224,54
120,135
191,41
139,63
200,63
22,167
231,87
69,136
119,136
122,73
33,165
41,165
212,58
86,162
166,74
120,142
66,214
89,111
109,148
124,138
93,107
97,104
190,101
215,103
130,134
259,99
248,91
141,123
217,58
17,181
21,208
62,178
191,95
68,221
89,112
109,141
110,101
149,124
150,122
99,139
172,51
175,102
179,99
152,63
170,105
246,89
122,91
54,186
130,129
188,66
79,166
235,89
181,45
45,163
49,160
182,68
114,83
256,117
94,117
226,21
89,160
159,118
54,189
212,87
127,68
220,23
21,226
117,94
232,114
70,172
129,65
238,40
96,156
53,157
75,128
100,152
35,165
112,139
260,104
66,139
160,76
198,89
26,230
56,199
98,139
33,233
56,182
165,55
222,56
162,117
183,98
210,60
173,72
134,134
209,30
237,19
188,102
161,76
167,114
76,168
133,63
155,78
211,29
214,58
126,136
165,57
240,118
241,120
133,64
134,86
248,22
138,130
215,25
163,111
54,153
19,169
202,62
167,107
76,167
216,87
58,236
19,174
131,127
223,54
217,105
139,124
51,238
253,118
164,76
158,59
92,109
146,63
21,167
120,94
160,111
258,97
196,98
124,90
164,75
57,151
114,96
115,82
104,150
148,124
187,43
86,117
158,77
255,93
19,188
37,234
65,142
49,159
232,52
28,165
144,127
164,114
207,60
80,166
229,112
19,197
21,169
258,115
171,72
67,139
145,120
92,129
63,145
234,116
215,58
92,122
19,202
203,89
43,237
245,89
156,113
90,128
228,54
216,58
54,196
163,57
96,116
67,232
99,110
172,72
135,84
70,230
59,147
78,166
117,137
175,50
103,106
180,47
205,97
19,216
203,87
111,139
48,238
193,93
217,87
199,35
211,100
104,106
197,89
240,47
94,158
250,120
41,163
66,173
212,60
235,117
17,186
21,205
191,40
68,232
69,230
196,37
213,27
140,128
124,140
144,82
147,63
103,152
219,106
41,164
212,59
17,179
126,90
66,215
124,139
94,136
215,102
130,135
188,68
61,178
156,61
141,122
17,180
21,223
242,19
227,112
191,94
90,111
150,123
104,95
55,186
98,110
195,98
123,90
108,91
54,187
220,106
58,182
188,67
249,91
146,126
45,162
70,170
182,69
238,38
243,89
175,110
32,232
233,19
128,129
256,118
59,180
204,33
234,50
159,113
205,62
62,210
21,225
25,230
136,63
228,112
238,41
150,117
154,120
53,156
201,35
75,131
58,201
59,205
97,114
169,74
222,54
64,176
100,153
194,66
187,97
260,105
82,121
213,87
56,200
238,48
155,115
121,140
101,141
33,232
56,183
239,19
204,87
111,85
187,102
248,120
161,59
170,74
98,114
209,29
114,146
208,98
98,154
211,28
126,137
55,151
57,236
165,56
170,53
226,54
248,23
141,63
163,110
102,97
249,120
186,68
135,125
180,70
71,170
55,236
147,119
91,111
235,50
217,104
242,32
172,110
228,19
174,51
221,108
83,119
246,28
222,21
202,33
96,105
132,127
75,127
208,87
144,121
164,116
57,150
114,97
79,123
104,151
88,113
236,89
148,125
64,234
198,37
127,129
19,191
224,21
65,141
178,49
107,93
161,111
185,97
231,52
164,115
162,57
119,94
87,113
92,124
19,196
21,168
26,165
62,234
238,118
258,112
206,31
99,99
67,138
50,238
92,130
129,136
54,194
204,96
63,144
92,123
203,88
223,21
43,236
171,51
193,66
90,129
25,167
208,60
129,129
246,120
71,135
54,197
20,204
111,141
227,87
193,91
199,37
205,96
19,219
135,63
193,92
157,78
115,137
207,98
70,222
204,62
247,120
29,165
194,100
239,89
63,143
210,100
235,116
17,185
21,204
97,139
132,65
84,119
67,217
140,129
218,87
30,165
133,127
106,141
215,104
108,102
76,127
187,68
244,19
209,87
173,105
86,160
17,178
21,213
96,137
176,49
216,104
94,137
131,129
137,125
229,52
162,111
224,87
141,121
142,121
21,222
62,176
193,39
208,31
179,101
241,89
131,134
97,103
98,111
163,76
224,110
260,100
107,148
126,69
202,96
45,161
70,171
238,39
169,55
105,95
179,106
31,165
234,51
159,112
109,91
260,99
62,211
107,141
21,224
25,229
90,126
206,87
154,121
197,37
180,99
53,155
201,34
75,130
222,55
100,154
187,96
260,106
142,82
110,141
203,96
223,109
233,115
56,201
74,168
238,49
129,88
155,114
231,114
180,106
56,184
60,205
68,172
110,148
171,112
134,132
157,61
233,116
51,157
161,58
130,65
236,118
55,153
205,87
64,143
137,130
159,111
91,129
185,68
171,105
231,19
140,82
130,88
179,70
54,236
134,84
248,24
215,27
19,171
60,178
205,33
62,207
198,64
149,63
172,112
47,238
225,87
241,119
91,110
168,107
121,77
242,33
172,111
232,87
200,96
221,107
79,125
189,66
246,29
148,119
254,92
65,139
199,64
56,236
57,149
81,164
246,20
104,152
250,91
251,91
148,126
91,124
19,190
244,89
65,140
107,92
181,99
49,238
201,96
92,132
165,74
95,137
190,66
138,63
19,199
42,236
46,161
182,106
258,113
145,126
92,131
169,112
106,150
54,195
241,19
61,147
19,204
192,93
160,118
25,166
145,119
117,142
189,102
104,141
71,134
128,88
152,78
209,99
19,213
220,56
111,140
44,238
199,36
203,33
196,64
70,228
59,149
170,112
205,31
209,100
19,218
228,87
74,131
110,87
225,21
70,223
143,63
184,68
94,156
169,107
123,73
108,104
219,23
133,134
17,184
111,146
140,130
238,19
149,119
197,64
94,135
108,103
112,98
173,104
86,161
72,133
17,177
126,88
21,212
66,213
85,119
96,138
124,133
131,128
134,127
123,71
158,113
77,127
210,87
178,108
24,228
62,177
179,100
236,19
97,102
138,125
158,120
58,180
260,101
64,211
83,164
234,88
198,98
127,88
238,36
169,54
189,43
105,94
58,204
94,120
109,90
163,116
241,34
260,108
62,208
227,19
88,160
146,119
166,114
25,228
176,72
90,127
243,32
53,154
201,33
194,64
168,112
260,107
65,213
110,146
223,108
233,114
201,89
207,87
145,63
56,185
60,206
229,87
194,91
177,49
195,91
111,87
65,174
72,168
144,128
134,133
176,70
157,60
140,84
161,57
218,58
103,95
53,236
55,152
256,93
170,72
98,112
195,64
114,144
60,180
192,100
102,108
206,62
140,83
75,168
134,85
248,25
215,26
19,170
114,139
60,179
205,32
121,75
106,106
107,104
90,160
135,127
124,71
241,118
119,77
121,76
66,234
193,100
91,158
146,82
23,167
44,163
116,142
218,23
221,106
225,111
79,124
226,87
83,121
147,126
254,93
151,122
141,128
93,135
242,89
154,61
233,87
179,47
246,21
152,122
127,131
19,193
41,236
80,123
197,98
125,90
92,133
243,19
153,117
212,27
195,37
87,115
108,148
127,136
19,198
39,236
185,104
186,102
99,101
165,114
138,84
54,192
61,146
136,130
247,28
254,118
132,86
43,238
171,53
186,97
95,105
25,165
70,226
155,61
214,87
36,165
152,79
209,98
247,21
191,39
143,128
186,104
100,99
70,229
240,43
59,148
184,45
259,112
19,221
20,213
232,19
181,70
167,55
115,139
233,52
240,34
94,157
165,109
169,106
194,98
123,72
151,63
173,110
235,118
200,35
115,144
149,118
47,161
105,106
56,151
240,89
190,102
18,175
112,99
260,112
173,103
177,108
234,87
17,176
126,89
21,211
117,79
85,118
110,102
96,139
27,165
175,101
145,82
64,174
122,92
158,118
216,25
237,50
77,126
187,95
81,123
61,207
230,19
177,101
160,59
105,141
116,94
122,133
68,217
252,91
23,228
214,27
94,118
97,101
54,190
58,181
239,118
260,102
64,212
234,89
167,74
117,81
122,140
238,37
169,53
189,42
101,152
28,232
121,135
105,93
140,63
184,97
58,205
109,89
183,104
260,109
62,209
90,124
53,153
184,104
194,65
162,118
183,97
168,113
101,99
110,147
245,30
139,84
73,133
154,78
29,232
56,186
94,107
60,207
173,51
125,133
111,86
132,134
153,63
244,120
63,211
101,108
102,106
85,162
72,169
176,71
157,59
51,159
182,45
256,94
170,73
98,113
114,145
120,77
213,102
113,146
191,100
252,118
221,23
186,43
130,86
118,79
248,26
19,173
111,100
245,120
121,74
238,89
113,139
27,231
135,126
139,123
95,156
239,43
254,91
36,234
219,87
24,167
258,98
95,116
116,143
172,105
176,108
52,236
70,135
125,71
115,81
225,110
83,120
246,19
183,45
239,48
158,78
19,187
151,117
136,125
106,93
45,238
60,234
153,115
134,63
87,117
127,130
19,192
38,236
68,137
258,116
118,137
92,134
137,84
113,85
153,116
65,234
87,114
19,201
131,86
181,106
182,104
186,103
206,98
99,100
106,148
54,193
128,67
61,145
136,131
202,89
171,52
235,19
182,99
196,91
70,227
236,50
175,49
40,236
152,80
82,164
192,39
178,70
141,82
19,215
68,230
243,120
100,108
50,159
34,165
240,44
222,108
215,87
18,186
66,174
19,220
168,55
90,158
115,138
70,221
165,108
240,35
222,87
169,105
119,142
194,99
214,102
120,140
66,216
149,117
174,103
93,109
119,135
112,100
130,136
244,30
248,89
17,183
21,210
191,93
85,117
174,110
64,175
209,60
84,162
103,141
158,119
109,102
77,125
81,122
178,106
181,47
37,165
97,154
116,95
68,218
182,70
94,119
54,191
112,146
38,165
260,103
188,95
64,213
178,101
198,96
185,45
21,228
117,80
69,221
253,91
200,89
129,67
238,42
96,154
189,41
121,134
201,62
93,120
58,202
98,101
247,89
109,88
148,63
43,163
260,110
227,21
135,132
136,84
127,67
90,125
73,131
56,197
200,64
168,114
101,98
199,96
166,107
223,110
87,160
73,132
126,131
100,140
102,152
125,132
153,62
151,80
102,107
72,170
217,25
199,89
39,165
223,87
27,232
51,158
252,120
218,56
211,27
126,138
256,95
239,36
100,139
163,109
213,101
206,60
252,119
221,22
130,87
137,63
237,118
248,27
19,172
121,73
106,104
27,230
48,161
240,19
78,125
119,79
102,141
183,68
227,54
120,92
66,232
146,80
258,99
176,109
52,237
125,70
114,98
189,95
60,236
152,117
118,94
19,186
37,236
220,87
116,96
210,29
257,116
69,172
179,49
113,83
60,235
80,164
190,41
229,114
159,76
87,116
19,195
192,66
121,92
156,120
