35,88
51,221
39,70
22,154
31,165
97,219
115,177
120,217
28,162
112,150
77,114
29,163
30,51
41,57
120,191
70,19
117,185
40,66
39,186
51,112
125,201
86,8
92,219
57,111
17,90
87,13
15,143
91,118
33,95
48,17
6,132
114,173
18,86
83,220
49,28
64,20
50,27
13,101
67,7
19,148
112,141
33,34
20,151
38,73
34,41
118,187
40,192
42,57
79,220
71,19
43,52
79,115
83,116
87,10
6,127
12,102
111,128
34,108
27,60
105,218
43,113
112,132
7,134
47,31
36,80
34,32
35,178
43,23
127,205
14,96
40,199
121,193
32,169
119,187
112,154
107,123
52,112
44,46
62,9
32,101
33,105
21,77
52,13
11,107
113,160
37,77
35,85
94,118
95,219
29,55
123,196
63,222
49,113
112,145
40,206
33,173
58,22
100,218
42,53
45,40
36,180
19,84
35,110
11,138
90,117
85,219
22,76
66,222
84,116
6,131
41,208
106,218
122,217
22,152
31,167
115,179
37,80
32,46
14,114
46,18
122,195
112,136
24,68
74,114
40,62
128,208
102,120
47,113
125,199
43,49
36,179
49,221
86,14
43,215
17,88
64,112
67,221
32,105
33,93
40,112
12,105
9,121
18,84
114,171
13,99
97,119
52,222
66,20
15,93
18,147
19,150
112,143
34,174
25,67
82,116
16,145
34,39
126,204
118,185
80,5
40,194
26,65
59,21
119,188
126,214
53,222
119,218
36,31
8,122
37,30
25,157
116,218
52,26
85,116
6,125
38,29
111,130
36,110
26,63
58,223
76,5
82,220
27,62
62,112
28,57
98,219
112,134
36,82
9,137
127,207
112,156
40,201
106,121
76,114
45,19
33,170
23,155
127,213
80,18
47,218
46,113
13,141
65,112
19,81
61,10
32,103
16,90
22,75
5,129
63,20
12,117
37,75
35,87
13,111
29,53
71,114
39,69
56,22
112,147
10,137
103,121
45,38
26,158
85,6
27,159
33,96
37,183
48,30
6,129
12,108
107,218
44,113
50,28
41,113
30,164
104,218
39,66
38,112
41,27
14,112
122,193
112,138
24,70
33,45
61,223
38,74
128,210
101,120
34,42
126,203
41,61
89,219
38,183
43,51
24,155
51,26
44,217
87,9
110,218
12,107
114,169
10,119
49,16
39,29
73,19
27,160
27,59
15,95
40,190
7,133
33,38
25,65
47,18
62,222
35,177
40,196
17,146
44,21
83,18
57,11
128,207
116,181
82,5
61,21
86,7
17,87
15,144
32,98
53,25
103,218
78,19
50,14
74,19
55,23
11,118
113,163
39,112
28,59
13,116
46,34
123,195
105,121
96,219
86,219
112,158
40,203
109,218
113,159
125,215
58,11
109,125
14,142
8,134
85,17
42,54
45,43
124,197
19,83
35,109
90,118
51,14
16,92
22,73
87,117
37,111
79,19
53,12
41,211
23,71
75,19
113,164
35,89
13,109
46,37
30,163
123,216
47,32
39,71
115,174
48,220
100,119
14,111
28,161
112,149
77,115
42,23
30,50
65,222
41,58
120,190
55,222
83,6
121,191
40,65
39,187
75,220
37,181
73,6
60,223
5,127
48,16
74,5
114,172
49,29
76,19
50,26
40,28
64,9
73,114
80,115
18,148
41,25
19,149
112,140
104,121
68,7
33,35
20,150
30,53
128,212
38,72
34,40
126,201
118,186
31,48
42,56
20,81
99,219
110,127
87,11
92,118
6,126
12,101
38,30
42,213
84,220
114,167
111,129
60,111
21,152
27,61
31,168
45,217
112,131
33,36
42,25
95,118
67,19
106,122
112,153
40,198
32,168
116,183
44,45
32,100
33,106
89,117
84,219
49,15
21,78
86,116
66,113
42,113
23,72
113,161
37,78
32,48
29,56
123,197
71,113
75,114
112,144
40,205
70,7
90,219
10,138
68,19
71,6
38,185
42,52
39,188
45,41
74,221
124,199
55,112
11,139
41,207
12,140
6,130
41,209
34,91
48,113
70,221
47,34
115,176
32,45
120,218
112,151
122,194
24,67
29,162
117,184
78,220
125,200
36,178
86,9
17,89
12,139
87,12
32,104
33,94
61,112
12,104
18,87
114,170
54,24
78,5
57,223
7,123
13,100
100,120
87,219
112,142
70,113
47,17
16,144
34,38
31,50
40,193
26,64
108,218
83,17
119,189
60,21
44,48
36,30
110,125
93,219
8,121
94,219
58,111
25,158
52,25
6,124
12,103
114,165
42,211
111,131
34,109
26,62
38,111
28,56
35,175
112,133
66,8
36,81
34,33
43,22
127,204
14,97
40,200
121,192
32,170
112,155
107,122
64,222
45,20
33,171
84,17
54,222
47,219
44,47
13,142
60,10
32,102
21,76
22,74
52,14
11,106
54,12
37,76
35,84
80,220
29,54
73,221
46,38
72,114
115,173
49,112
112,146
40,207
81,115
33,172
88,219
100,219
83,5
45,39
84,6
82,18
36,181
20,79
85,7
69,221
33,97
74,6
48,29
111,127
34,89
7,124
79,5
51,222
39,67
22,153
31,166
115,178
32,47
14,115
46,19
112,137
24,69
40,63
128,209
126,202
41,62
102,218
56,223
124,216
43,48
49,220
86,15
43,214
44,216
87,14
33,92
113,218
114,168
9,120
18,85
42,214
40,113
13,98
81,220
69,113
67,8
50,112
65,8
40,189
72,221
34,175
25,66
36,84
16,146
9,135
40,195
17,147
44,20
116,180
15,96
126,215
56,111
35,31
50,221
59,10
53,112
8,123
44,215
25,156
68,221
32,97
91,219
75,5
36,111
34,107
98,119
11,119
28,58
13,117
112,135
38,71
36,83
99,119
9,136
127,206
112,157
40,202
23,154
58,10
125,216
127,212
116,179
38,186
81,18
13,140
63,9
78,115
61,9
118,218
114,218
10,120
16,91
5,128
59,223
12,118
53,13
113,165
34,92
35,86
13,110
55,11
46,36
21,151
123,217
68,113
47,33
39,68
115,175
48,219
45,113
56,23
28,160
112,148
33,43
57,22
58,21
41,59
120,189
55,223
40,64
103,120
86,16
54,112
75,221
26,159
46,218
37,182
72,6
48,31
12,109
59,111
93,118
30,165
77,19
40,27
64,8
71,221
41,26
14,113
112,139
33,44
38,75
30,52
115,218
69,7
34,43
128,211
41,60
31,49
101,218
43,50
76,220
108,124
20,80
24,156
110,126
60,112
67,222
72,19
114,166
42,212
39,28
65,20
66,19
15,94
45,218
121,217
40,191
63,112
7,132
33,37
34,173
42,24
62,223
95,119
82,115
34,34
35,176
56,11
14,98
40,197
44,22
112,152
81,5
116,182
108,123
61,20
44,44
117,183
32,99
33,107
53,24
96,119
66,112
21,79
54,23
50,15
11,105
77,5
23,73
113,162
37,79
13,115
55,12
46,35
111,218
40,204
35,32
70,6
113,158
69,19
77,220
127,214
14,143
38,184
8,135
85,16
44,43
42,55
109,124
39,189
45,42
124,198
88,117
19,82
117,218
62,20
16,93
87,116
112,218
79,18
55,111
41,210
23,70
67,113
34,90
