216,275
212,252
91,424
220,332
59,131
85,373
94,54
214,257
109,32
218,313
221,337
186,245
79,354
67,225
216,282
202,430
165,239
224,362
206,430
63,117
212,251
90,53
73,91
220,331
31,214
158,17
90,420
71,138
202,247
21,263
41,179
71,93
164,30
224,353
120,231
89,390
90,60
91,422
73,92
112,438
220,322
40,290
41,180
231,377
160,17
59,127
225,363
93,233
80,98
214,253
89,399
75,345
86,59
21,265
190,432
123,34
39,288
242,428
207,249
65,109
246,428
140,21
87,382
89,400
112,31
220,336
31,205
31,280
248,414
66,166
226,365
102,45
77,353
47,163
89,409
64,169
53,308
128,32
77,67
101,434
248,421
66,161
215,430
72,136
22,266
45,171
33,199
240,397
43,295
100,233
91,51
76,114
64,223
83,365
42,177
61,318
100,434
65,112
244,405
62,180
49,161
197,430
119,231
69,100
234,382
53,149
58,192
60,316
64,167
86,71
234,385
166,432
43,173
83,370
69,331
108,231
19,251
39,185
95,44
99,41
32,237
107,438
55,142
58,203
154,237
40,183
216,291
19,256
75,88
24,245
151,434
226,369
104,35
73,130
78,102
33,234
125,25
58,210
152,19
71,338
119,27
237,428
75,81
149,32
27,274
246,410
104,42
51,152
37,288
78,105
103,35
35,195
66,109
138,21
87,385
60,184
133,233
134,233
63,221
156,30
66,156
92,54
75,86
96,49
24,270
132,23
114,231
70,144
185,432
78,112
61,121
62,121
227,369
175,241
107,231
236,385
94,430
41,290
60,183
84,61
68,151
142,32
75,79
77,351
70,139
57,134
150,19
153,237
138,436
158,237
34,282
89,55
74,126
75,68
230,373
89,416
29,241
60,214
81,63
136,233
218,301
37,226
82,86
29,275
216,262
74,121
49,301
67,327
167,239
81,362
161,434
163,434
63,319
218,308
219,430
222,340
242,398
81,65
84,74
66,224
216,269
110,39
187,432
172,241
197,247
101,38
67,106
218,319
222,351
79,356
84,81
216,276
218,430
129,25
23,267
170,240
212,253
69,148
35,284
72,93
147,32
220,333
59,130
85,372
140,436
84,233
109,31
238,392
244,428
216,283
224,363
63,116
180,432
73,90
74,229
220,324
31,209
214,430
21,262
41,178
99,433
51,306
224,354
89,389
220,323
31,277
122,438
196,430
246,426
80,99
121,231
89,398
75,344
93,430
189,432
21,264
60,127
210,249
66,223
114,38
47,165
87,377
89,407
220,337
95,233
43,296
80,233
116,36
248,415
63,321
72,130
124,27
73,229
77,352
47,162
33,205
89,408
182,432
165,19
64,170
118,29
53,307
128,33
76,116
77,66
248,422
103,231
159,17
72,137
62,178
45,170
102,37
107,42
137,23
165,28
58,198
223,351
43,294
91,50
76,115
83,364
159,30
235,428
61,317
62,181
49,160
161,17
69,99
34,199
234,383
53,148
58,193
130,233
205,430
150,236
86,68
216,430
36,195
43,172
65,223
69,330
39,184
95,47
168,21
99,40
121,27
128,232
147,235
247,426
103,44
231,428
55,137
58,200
82,233
141,21
70,334
117,438
63,174
119,29
216,292
162,237
109,231
19,259
135,23
78,103
23,247
136,436
100,48
103,37
33,233
35,221
58,211
102,231
88,60
54,143
92,56
75,80
62,174
246,411
104,43
51,155
160,434
78,110
61,127
87,384
241,397
168,432
60,185
154,434
66,157
92,55
75,73
96,50
230,376
70,145
245,405
57,314
131,233
194,430
236,386
235,385
75,78
77,350
26,243
246,405
57,133
60,216
161,237
82,92
177,432
89,54
74,127
75,71
20,262
29,240
60,215
180,243
218,298
37,225
222,338
82,87
84,76
29,274
216,263
130,436
27,241
49,300
67,326
81,361
79,233
63,318
218,309
36,284
222,341
242,399
170,432
81,64
84,75
49,159
104,436
216,270
66,225
23,269
55,310
79,65
118,36
35,231
151,30
101,37
67,109
218,316
238,390
222,348
79,359
84,82
216,277
42,292
23,266
170,241
155,434
85,61
91,426
220,334
59,133
226,430
209,430
85,371
94,52
101,46
238,393
186,243
216,284
164,17
92,233
116,231
63,119
89,387
73,89
220,325
50,302
31,208
41,177
99,432
205,249
206,249
71,95
224,355
193,245
86,376
89,388
90,58
31,217
31,276
158,30
178,242
96,432
172,432
246,427
68,225
37,287
59,315
204,430
80,100
89,397
71,229
75,347
93,429
232,377
39,290
47,164
122,231
33,203
87,376
89,406
158,434
75,231
114,438
116,438
31,207
208,249
26,272
248,416
63,320
66,164
72,131
115,231
226,363
32,218
33,204
89,415
64,171
104,231
141,436
53,306
128,34
76,117
77,65
43,177
248,423
72,138
73,343
238,428
62,179
45,169
142,235
137,22
58,199
86,66
91,53
83,367
142,436
73,344
149,19
98,432
61,316
135,32
53,147
58,206
150,237
86,69
43,175
69,329
19,253
39,187
95,46
223,430
224,430
168,22
128,233
23,249
58,201
126,231
37,195
119,28
216,293
87,55
19,258
123,438
51,149
199,430
222,430
23,246
103,36
35,220
58,208
28,274
174,241
88,61
159,434
131,436
62,220
75,83
20,251
62,175
246,408
232,428
104,44
51,154
128,231
78,111
152,237
62,318
175,432
35,197
109,438
108,40
147,434
183,432
61,126
236,388
60,186
75,72
96,51
102,436
230,377
93,47
150,30
100,39
28,241
140,32
57,313
236,387
36,224
81,92
191,430
139,233
77,349
100,46
125,34
146,434
60,217
78,232
116,29
68,152
89,53
74,124
75,70
164,432
133,32
228,369
218,299
37,224
222,339
78,354
82,84
84,77
216,264
130,437
67,156
81,360
67,103
218,306
181,243
222,346
84,84
49,158
216,271
87,233
70,99
111,231
224,351
23,268
103,436
97,48
31,237
35,230
67,108
123,27
218,317
238,391
222,349
204,248
79,358
84,83
139,21
216,278
190,245
85,60
220,335
59,132
85,370
177,241
94,53
211,430
51,303
221,430
204,247
216,285
71,97
164,18
63,118
89,386
220,326
31,211
138,32
89,233
146,32
71,94
220,430
224,356
117,231
89,395
90,59
31,216
31,279
88,386
178,243
106,42
110,231
68,226
72,229
74,130
37,286
59,314
80,101
194,245
32,280
32,205
50,155
89,396
105,438
74,344
75,346
93,428
232,378
38,189
131,32
72,338
149,434
114,36
80,92
47,167
33,202
87,379
89,405
31,206
203,247
248,417
66,165
198,430
72,132
37,191
64,115
215,259
68,103
89,414
240,393
76,231
64,172
86,72
76,118
43,176
248,424
68,328
142,434
73,342
62,176
45,168
161,30
108,438
137,21
229,428
58,196
59,190
149,235
150,235
105,231
86,67
91,52
131,23
80,360
83,366
39,189
80,65
234,381
53,146
58,207
83,61
58,190
43,174
69,328
87,57
19,252
39,186
168,23
136,32
124,34
144,32
23,248
34,220
55,139
134,436
88,55
37,194
62,218
216,294
74,89
19,261
121,34
35,223
58,209
88,62
71,335
127,231
166,28
60,188
62,221
75,82
76,348
129,32
246,409
148,235
78,108
79,102
35,196
108,41
57,311
240,428
61,125
160,237
87,386
236,389
60,187
92,49
75,75
21,251
96,52
144,21
97,43
150,31
34,233
57,312
184,432
157,237
126,25
163,17
77,348
114,29
167,432
44,171
70,142
100,47
78,233
64,322
95,432
82,90
68,153
74,125
164,433
78,65
111,438
132,233
228,370
82,85
84,78
216,265
144,235
27,243
67,328
47,299
150,32
30,239
35,224
38,288
218,307
222,347
242,397
153,30
49,157
216,272
219,321
35,233
239,393
186,432
214,258
218,314
204,249
95,431
216,279
168,239
192,245
85,59
143,32
220,328
226,428
31,213
88,64
98,41
51,302
216,286
71,96
164,19
117,29
189,245
91,421
56,310
220,327
31,210
111,31
41,183
99,434
160,30
136,23
224,357
97,233
214,254
89,394
90,56
70,228
201,430
31,278
198,247
119,36
68,227
37,285
80,102
227,428
105,437
87,381
89,403
93,427
232,379
94,47
188,432
248,411
210,430
120,27
146,19
95,52
226,366
48,300
102,46
114,37
80,93
47,166
33,201
87,378
89,404
236,428
148,32
76,120
134,23
120,34
63,322
248,418
66,162
72,133
37,190
245,428
89,413
53,143
240,394
64,173
233,381
143,434
76,119
248,425
142,435
73,341
62,177
45,167
65,115
52,306
33,219
69,103
58,197
77,231
83,369
69,334
39,188
244,401
94,233
33,220
53,145
55,141
58,204
33,282
106,231
113,31
58,191
216,288
87,56
19,255
168,24
143,235
45,298
83,84
55,138
155,237
71,337
37,193
166,26
44,296
62,219
46,298
216,295
19,260
117,36
27,273
229,373
51,151
78,106
35,222
88,63
71,334
129,438
60,189
137,233
75,85
78,109
35,199
108,42
57,310
152,30
61,124
166,20
68,148
54,308
128,438
75,74
21,250
153,434
125,438
70,148
127,438
97,42
208,430
108,33
78,231
156,17
179,432
75,67
230,374
89,419
70,143
105,35
228,372
218,302
37,229
153,19
82,91
68,154
216,259
159,237
86,233
74,122
75,120
132,436
176,432
89,420
162,434
164,434
196,245
228,371
163,30
218,297
222,337
84,79
49,155
140,233
216,266
89,60
200,430
163,239
167,26
187,245
27,242
47,298
133,23
176,241
200,247
67,105
218,304
222,344
49,156
216,273
145,235
237,389
23,270
35,283
93,49
59,129
85,375
31,239
35,232
145,21
214,259
88,233
218,315
238,389
58,314
95,430
216,280
181,432
127,25
224,360
74,230
220,329
226,429
31,212
88,65
51,305
182,243
82,63
216,287
71,99
164,28
169,239
195,245
178,432
91,420
41,182
106,33
224,358
80,96
243,428
154,17
63,121
214,255
89,393
90,57
70,229
56,137
31,218
178,241
148,19
213,430
65,111
210,250
142,21
74,128
37,284
59,316
157,434
105,436
87,380
89,402
75,348
93,426
99,233
232,380
124,231
199,247
239,428
248,412
90,233
99,48
226,367
121,438
195,430
69,227
80,94
47,161
33,200
89,411
91,56
92,426
61,182
101,436
120,35
248,419
66,163
72,134
73,339
37,189
89,412
240,395
43,293
64,174
101,231
91,49
76,112
64,221
248,426
73,340
62,182
65,114
33,218
69,102
143,21
58,194
155,30
131,25
43,171
152,434
190,430
83,368
69,333
124,438
126,438
99,39
244,402
243,401
123,231
53,144
55,140
58,205
83,63
101,233
33,281
218,320
113,30
77,112
216,289
87,59
162,238
19,254
112,231
168,25
95,43
137,436
45,297
29,239
125,27
58,212
115,29
71,336
37,192
166,27
216,296
27,272
51,150
78,107
33,237
162,30
169,432
156,237
230,428
60,190
66,158
75,84
25,245
66,324
70,146
35,198
61,123
166,21
65,166
68,149
75,77
21,249
22,249
246,406
97,41
191,245
59,213
217,430
135,233
68,156
139,436
230,375
89,418
70,140
146,235
57,137
171,241
105,34
228,373
145,434
218,303
37,228
184,243
153,18
82,88
119,438
193,430
68,155
216,260
74,123
67,325
47,300
196,246
171,432
65,323
83,233
218,310
222,342
242,400
84,72
140,234
216,267
183,243
167,21
55,309
25,271
212,430
233,428
145,19
65,324
67,104
109,40
218,305
148,434
222,345
156,434
216,274
164,239
188,245
35,282
91,425
110,40
93,48
59,128
25,272
82,364
85,374
31,238
145,20
201,247
58,133
120,438
214,256
141,32
109,33
218,312
113,38
186,244
79,355
46,167
85,72
216,281
224,361
96,233
157,17
74,231
220,330
115,36
173,241
31,215
88,66
151,19
51,304
126,34
79,360
209,249
106,438
71,98
164,29
224,352
63,115
213,253
89,391
70,227
91,423
73,93
220,321
85,376
165,432
41,181
97,432
134,32
173,432
85,233
224,359
80,97
170,239
133,436
154,30
63,120
89,392
234,428
111,38
21,266
39,289
65,110
211,251
210,251
74,129
87,383
89,401
232,381
76,67
98,48
248,413
226,364
102,44
77,354
80,95
98,233
89,410
129,233
203,430
130,25
207,430
64,168
125,231
101,435
120,36
248,420
66,160
72,135
73,338
174,432
118,231
240,396
43,292
81,233
113,438
76,113
115,438
64,222
244,404
65,113
139,32
107,33
127,34
135,436
69,101
58,195
64,166
228,428
155,17
86,70
234,384
131,24
190,431
69,332
96,43
95,45
244,403
55,143
58,202
151,237
83,62
101,232
33,280
218,321
113,29
216,290
87,58
162,239
19,257
75,89
39,183
168,26
132,32
226,368
23,245
150,434
45,296
33,235
125,26
144,434
217,297
110,438
58,213
118,438
192,430
87,66
61,217
62,217
216,297
19,262
113,231
25,243
51,153
78,104
33,236
166,19
66,159
75,87
96,48
25,244
141,235
70,147
61,122
179,243
36,229
128,25
41,291
60,182
68,150
75,76
246,407
70,138
57,135
162,17
112,38
41,292
138,233
75,69
225,430
48,161
89,417
70,141
57,136
166,239
137,32
122,27
105,33
52,149
145,32
60,213
218,300
37,227
153,17
82,89
29,276
216,261
74,120
130,438
49,302
67,324
110,31
147,19
81,363
122,34
105,42
196,247
65,322
218,311
185,243
222,343
242,401
84,73
140,235
216,268
91,233
157,30
30,276
110,38
55,308
93,54
130,32
25,270
81,364
84,370
247,411
35,229
101,39
67,107
218,318
241,428
222,350
79,357
84,80
