201,303
10,271
263,179
18,319
263,192
265,110
178,194
88,124
131,200
224,177
156,192
220,37
204,303
134,198
267,92
218,127
192,200
156,313
122,204
263,168
174,72
251,288
273,70
74,228
92,158
101,216
84,128
212,44
177,70
161,311
189,129
263,16
208,48
263,161
18,320
112,112
21,256
132,200
149,315
157,192
212,43
222,132
63,234
109,163
168,192
193,200
263,158
175,72
128,163
184,64
220,131
15,303
277,53
12,262
17,258
208,46
263,151
255,263
112,110
82,151
135,163
161,151
114,209
242,26
263,127
138,161
285,14
73,230
169,192
134,317
263,140
194,200
255,268
76,228
166,311
204,49
279,12
179,136
126,204
235,295
162,80
230,30
166,76
259,241
247,292
156,82
263,116
109,323
76,140
263,133
197,54
154,155
45,333
215,125
184,196
101,118
253,283
183,133
259,246
76,139
60,333
170,192
263,130
195,303
142,159
201,52
77,228
78,135
181,134
219,127
69,331
72,331
253,276
97,325
208,123
285,25
198,303
183,307
261,16
271,75
224,138
136,198
135,317
156,153
16,305
197,201
185,196
19,256
188,198
12,289
140,161
285,18
35,333
166,192
115,110
23,329
278,51
84,329
283,36
271,80
78,145
14,295
225,297
143,315
24,252
259,237
66,331
224,297
168,145
224,152
170,76
226,33
106,212
16,303
14,302
269,83
71,331
257,254
228,297
90,221
167,192
32,333
124,163
57,238
224,159
77,136
78,227
231,297
160,80
110,163
22,255
25,252
261,227
118,163
163,311
275,59
263,223
232,295
265,113
194,57
180,68
257,258
224,150
222,191
42,244
22,328
26,330
211,202
127,102
169,143
261,236
10,275
128,202
128,319
275,64
152,192
263,212
180,67
185,307
59,236
224,173
204,121
190,60
66,233
161,80
182,133
131,319
10,282
263,188
87,327
197,125
271,12
263,205
265,99
177,193
31,250
224,164
259,16
209,123
100,161
175,140
195,56
87,126
164,147
132,100
180,307
99,120
263,181
234,295
273,75
98,160
153,192
263,202
265,100
283,30
127,319
137,162
105,163
16,258
132,99
120,107
249,22
52,333
217,125
97,218
10,268
263,178
104,116
50,240
177,309
18,316
263,195
265,109
88,125
224,178
284,14
141,94
112,210
220,38
44,244
134,199
267,95
88,155
235,28
183,195
100,120
263,171
122,205
251,291
18,311
273,69
74,229
92,159
131,163
149,192
84,129
86,153
189,128
196,54
19,321
149,88
98,218
263,160
265,14
105,116
253,20
167,147
102,214
18,321
102,161
247,22
178,68
222,133
194,305
12,264
141,161
241,295
263,153
144,90
184,65
150,192
254,20
174,309
214,299
217,40
253,271
277,52
206,202
12,263
144,194
208,47
263,150
255,262
75,228
126,202
109,114
112,111
153,86
161,150
134,163
263,126
156,84
130,100
225,34
263,143
255,271
204,50
151,192
82,329
157,313
106,323
244,24
138,198
230,31
162,192
202,123
203,123
239,295
166,77
259,240
263,119
156,83
76,141
263,132
159,311
99,325
137,96
196,200
221,192
253,282
259,249
193,58
175,309
271,77
181,133
203,303
144,159
253,275
163,192
187,198
248,291
120,163
285,24
23,254
224,139
119,108
138,96
16,306
197,200
220,127
222,192
155,153
106,114
180,135
73,331
94,325
98,325
282,12
12,290
285,17
118,206
192,305
233,30
55,333
169,76
82,224
269,89
173,72
102,118
216,299
141,159
164,192
24,253
206,48
151,315
171,143
148,88
224,153
106,213
14,303
269,82
199,202
36,248
37,246
257,253
142,94
152,313
260,237
223,299
154,84
263,225
104,161
179,68
54,238
224,144
248,22
231,296
80,329
155,313
210,46
160,81
165,192
261,226
212,301
143,194
114,110
117,163
263,222
176,192
265,112
58,236
224,151
257,257
103,161
222,188
42,245
22,329
26,331
27,331
192,127
157,153
91,157
147,159
261,235
10,272
91,327
237,295
275,67
151,155
263,215
224,174
107,212
131,100
187,131
264,14
131,318
10,283
263,191
47,242
251,287
215,198
197,124
258,16
246,22
263,204
265,98
177,192
201,202
57,333
224,165
150,157
223,36
136,96
46,333
163,147
77,329
62,333
263,180
273,74
98,161
263,197
265,107
281,43
137,161
28,331
16,259
43,244
120,108
12,284
267,89
10,269
263,173
50,241
124,104
18,317
273,67
263,194
265,108
103,116
88,126
202,202
224,179
223,133
110,212
92,122
224,34
62,236
12,283
88,156
267,94
218,125
183,194
170,309
263,170
251,290
273,68
188,305
84,130
143,92
130,163
187,62
270,81
168,76
222,131
67,232
196,55
172,72
263,163
125,104
70,230
167,146
81,130
102,215
174,192
254,18
192,58
121,319
284,29
178,69
12,265
141,160
241,294
150,86
263,152
144,91
184,66
124,319
39,333
80,130
139,161
198,123
127,163
165,311
277,51
68,232
90,157
181,66
129,100
148,192
263,145
175,192
126,203
142,315
137,198
161,149
242,24
188,60
263,121
232,30
146,159
221,36
275,10
25,329
263,142
255,270
75,329
227,297
195,125
214,124
203,122
259,243
79,329
263,118
69,232
182,66
76,142
211,123
263,135
133,98
160,192
137,317
15,260
253,281
97,159
259,248
216,198
141,196
271,76
94,122
100,325
118,108
88,222
253,274
255,18
12,292
267,97
159,151
285,23
256,259
116,208
283,33
224,140
134,98
229,32
122,106
123,104
16,307
161,192
167,309
106,115
169,145
12,291
285,16
99,161
118,207
195,200
220,192
129,202
82,225
154,313
251,20
179,307
14,293
269,88
257,251
205,48
267,14
24,254
259,239
164,80
94,220
117,208
151,314
28,250
148,89
224,154
170,74
279,43
14,300
144,315
269,81
202,52
257,252
214,200
223,298
154,85
191,200
104,162
263,224
54,239
130,202
224,145
153,155
200,303
222,186
208,202
250,291
160,82
261,225
10,278
196,125
275,61
151,157
118,208
263,217
283,13
31,333
53,240
128,100
58,237
224,168
257,256
159,82
222,189
157,152
147,158
166,147
261,234
10,273
268,12
275,66
186,62
101,161
263,214
160,311
35,248
224,175
193,305
179,194
218,299
38,246
204,202
187,130
264,15
193,127
10,280
120,206
263,190
197,123
92,327
258,17
155,84
263,207
265,97
246,23
54,240
221,299
224,166
64,234
103,214
108,163
136,97
227,32
263,183
273,73
153,313
263,196
265,106
58,333
133,163
172,309
281,42
16,260
180,194
110,210
184,133
92,124
62,234
12,285
183,196
10,266
263,172
18,314
96,325
81,151
280,12
213,301
160,151
123,163
224,180
210,123
29,331
92,123
224,35
115,321
133,317
121,106
191,60
88,157
263,165
132,317
80,149
114,163
135,198
56,333
98,216
172,73
102,325
263,162
70,231
146,194
163,80
254,19
43,333
192,59
211,301
12,266
158,313
241,293
150,87
263,155
177,139
250,22
144,92
94,159
80,131
197,303
229,297
20,321
148,193
263,144
218,198
236,28
93,327
242,25
277,59
150,315
188,61
263,120
76,144
263,137
255,265
80,226
266,14
214,125
113,110
189,305
136,163
138,196
85,128
253,287
222,299
259,242
238,28
76,143
207,121
263,134
253,280
22,256
157,82
285,29
88,327
92,220
110,114
113,321
271,79
97,120
104,214
107,323
182,307
253,273
274,67
12,293
267,96
285,22
283,32
216,125
18,258
273,10
147,90
168,309
224,141
178,137
16,308
155,155
257,18
169,144
61,333
119,321
93,220
94,218
184,307
28,252
220,193
78,148
98,120
279,45
14,298
269,87
130,319
257,250
95,325
102,116
140,196
259,238
189,198
142,196
28,251
123,319
148,90
224,155
170,75
14,301
21,325
86,222
142,92
115,208
261,231
126,319
104,163
30,250
224,146
64,331
11,283
222,187
210,44
126,104
146,90
187,305
10,279
46,244
129,163
275,60
151,156
173,143
263,216
283,12
128,101
221,131
224,169
262,16
234,30
26,329
157,151
17,311
76,329
261,233
51,240
268,13
164,78
20,256
111,321
186,63
263,209
124,204
224,160
79,226
279,49
14,262
89,327
22,326
193,126
212,123
10,281
263,185
263,206
126,163
224,167
91,124
240,295
116,108
134,200
136,98
163,149
263,182
52,240
273,72
117,321
263,199
265,105
125,204
241,26
281,41
110,211
96,120
62,235
12,286
267,91
199,54
171,74
10,267
263,175
18,315
148,157
213,300
203,202
224,181
224,36
117,108
48,242
254,271
263,164
141,317
210,301
138,94
238,295
80,150
140,317
53,333
113,210
268,89
200,52
147,194
113,163
98,217
244,293
172,74
263,157
189,127
220,128
192,60
186,131
260,16
282,37
196,56
72,230
148,315
24,329
263,154
177,138
217,198
202,303
80,132
44,333
82,152
114,210
78,329
173,309
103,323
272,10
20,322
148,194
205,303
263,147
145,90
255,259
84,153
214,123
179,135
256,18
93,326
277,58
188,62
263,123
145,194
238,26
76,145
263,136
74,331
75,331
220,299
255,264
191,305
63,331
138,197
253,286
199,123
259,245
190,305
87,155
218,38
91,220
76,136
263,129
253,279
285,28
159,313
271,78
93,122
198,202
253,272
116,163
209,202
176,72
285,21
218,40
96,159
283,35
217,299
224,142
78,146
122,104
16,309
167,311
155,154
139,196
236,295
212,200
142,194
94,219
32,248
220,194
224,133
78,149
226,34
279,44
179,309
14,299
269,86
257,249
151,86
102,117
90,222
245,24
210,202
176,70
149,157
119,206
239,26
224,156
202,50
86,223
142,93
126,102
261,230
46,242
122,163
213,200
240,26
280,43
194,58
30,332
33,248
199,303
130,200
224,147
198,54
222,184
210,45
37,333
10,276
275,63
173,142
263,219
13,293
128,102
55,238
224,170
65,331
86,126
169,309
79,149
66,234
252,20
261,232
190,198
268,14
164,79
263,208
211,44
34,248
224,161
279,48
22,327
277,10
193,125
86,224
96,218
262,225
263,184
67,331
207,48
263,201
265,103
283,29
216,40
40,246
185,133
281,39
125,163
90,327
111,112
114,321
116,109
213,123
163,148
100,118
263,177
263,198
265,104
164,311
281,40
233,295
89,157
96,121
12,287
267,90
203,50
263,174
122,206
18,312
74,230
170,143
243,24
102,216
121,321
213,299
266,97
224,182
86,154
263,167
141,316
138,95
80,151
83,130
200,53
165,147
188,129
263,156
49,333
195,305
181,307
108,114
220,129
38,333
152,86
54,333
277,55
103,325
20,324
263,149
177,137
250,20
71,230
255,261
190,127
178,309
80,133
82,153
158,151
107,163
263,125
272,11
20,323
205,302
206,121
263,146
218,196
194,125
176,139
264,115
63,333
83,153
93,325
166,78
277,57
263,122
143,159
112,321
238,27
263,139
255,267
75,330
279,11
253,285
111,163
259,244
207,202
247,291
263,115
213,42
218,39
76,137
263,128
245,293
127,202
82,130
253,278
187,197
208,121
118,321
285,27
110,112
152,155
159,312
224,136
78,136
70,331
285,20
90,124
283,34
85,327
18,256
220,196
224,143
78,147
122,105
16,310
36,246
167,310
85,153
89,222
212,201
140,94
142,195
189,60
191,199
32,249
220,195
224,134
223,182
77,145
276,10
279,47
106,214
179,308
14,296
158,82
269,85
162,311
270,12
191,127
176,71
85,329
110,323
224,157
202,51
222,182
61,236
79,134
107,114
126,103
41,333
261,229
46,243
145,159
171,309
249,291
29,250
121,163
30,333
263,221
265,115
130,201
224,148
78,228
222,185
42,246
104,323
187,307
10,277
214,198
200,123
275,62
173,141
263,218
246,24
283,14
33,333
200,202
219,38
224,171
83,224
86,127
234,28
230,32
111,210
131,317
27,252
49,242
111,323
116,321
263,211
185,131
224,162
279,51
172,143
14,260
162,149
147,315
183,66
226,297
263,187
56,238
263,200
265,102
216,41
185,132
205,121
281,38
84,224
175,139
39,246
205,202
116,110
133,200
47,333
158,192
93,159
95,122
100,119
10,270
121,206
263,176
50,242
18,318
263,193
265,111
196,303
224,176
65,234
86,128
220,36
96,122
267,93
218,126
219,299
278,10
135,98
263,169
251,289
70,232
18,313
273,71
92,157
119,163
121,320
276,59
83,329
85,224
86,155
181,194
159,192
150,88
263,166
123,204
141,315
167,145
252,287
269,12
242,293
246,293
212,42
178,70
186,307
200,54
263,159
195,304
81,329
220,130
182,194
277,54
103,324
34,333
20,325
228,32
263,148
50,333
250,21
255,260
206,301
171,192
80,134
114,208
263,124
285,15
108,323
272,12
205,301
263,141
218,197
255,269
204,48
179,137
281,12
63,332
203,121
277,56
247,293
263,117
59,333
263,138
255,266
129,319
279,10
172,192
132,163
48,333
68,331
253,284
167,76
259,247
122,319
76,138
263,131
230,297
95,218
78,134
81,226
181,135
207,301
125,319
253,277
187,196
208,122
285,26
89,124
110,113
13,262
219,196
224,137
209,46
173,192
16,304
197,202
106,116
139,94
12,288
285,19
215,299
146,315
283,37
214,42
18,257
271,81
82,226
105,214
16,311
14,294
36,247
237,28
186,196
264,16
108,212
212,202
231,30
151,313
191,198
32,250
224,135
226,32
279,46
14,297
269,84
257,255
90,220
36,333
185,64
138,317
223,297
98,159
154,86
85,328
174,141
30,331
224,158
222,36
78,226
41,246
222,183
176,309
109,212
22,254
261,228
263,220
265,114
194,56
58,238
224,149
257,259
154,192
231,295
258,249
222,190
87,222
147,157
186,64
42,333
187,306
26,252
261,237
10,274
86,327
214,199
275,65
95,159
99,216
263,213
180,66
224,172
136,317
234,29
274,10
187,129
66,232
105,323
115,163
209,301
45,244
263,189
272,75
201,123
111,322
258,18
263,210
139,317
177,194
224,163
60,236
208,301
279,50
155,192
11,266
175,141
14,261
215,42
112,163
22,325
243,293
51,333
145,315
101,325
263,186
165,78
100,216
120,321
263,203
265,101
283,31
106,163
216,42
40,333
281,37
137,163
132,98
120,106
