235,36
272,42
254,213
183,203
268,62
271,19
222,120
101,223
196,296
216,49
55,247
177,77
256,161
169,302
44,251
254,220
100,127
121,214
253,28
21,263
149,306
227,197
157,199
161,140
215,49
256,184
204,294
17,272
192,207
156,304
231,38
140,103
85,232
174,301
90,229
256,191
78,322
67,239
233,160
90,148
129,109
258,94
208,55
256,104
262,82
125,212
109,122
164,302
112,119
21,265
133,154
228,195
264,71
178,126
256,182
248,262
233,169
87,137
109,156
221,45
168,199
23,300
225,42
49,324
175,81
92,318
256,111
76,237
94,131
262,85
162,89
182,299
152,95
264,78
250,244
256,141
166,85
233,146
181,77
278,23
177,128
250,29
256,102
131,156
31,257
269,54
246,271
214,292
252,239
107,154
256,132
157,92
233,155
141,205
254,227
98,225
106,314
218,205
256,125
77,235
166,302
112,156
21,292
229,129
85,140
270,54
256,155
24,306
191,69
233,156
87,148
261,23
197,63
256,116
170,83
184,203
246,281
101,127
158,142
256,146
188,207
27,260
227,124
35,324
60,324
23,304
98,316
201,61
251,29
205,57
246,272
141,103
208,114
233,142
110,121
261,25
143,101
136,205
156,144
274,39
185,205
259,92
260,86
228,290
231,136
254,140
164,199
19,265
190,297
122,156
146,307
115,119
193,296
105,222
200,294
36,255
256,200
208,209
225,290
160,89
19,270
185,71
196,116
126,312
244,280
232,288
266,70
276,19
158,91
125,156
256,207
231,190
91,133
19,279
185,72
263,78
25,314
266,65
32,324
199,296
185,298
168,302
276,26
89,134
218,290
256,198
204,209
151,97
62,243
231,183
19,284
131,310
197,116
145,150
189,69
155,93
103,223
159,89
27,321
231,172
127,111
258,96
128,310
153,306
173,132
33,324
35,255
127,310
219,49
58,324
179,201
256,212
43,252
63,241
138,152
86,231
217,116
50,249
211,54
259,25
208,293
112,219
256,171
220,47
133,310
192,67
229,194
88,148
272,43
254,218
153,201
55,246
59,243
84,233
256,162
223,43
135,207
249,31
145,308
56,324
254,221
93,150
121,213
268,54
253,27
102,223
124,213
227,196
178,77
256,185
158,304
219,290
156,305
144,99
71,237
92,150
20,288
94,150
149,201
150,201
121,312
256,176
248,256
233,167
144,203
163,140
258,95
149,97
206,114
193,207
105,125
256,105
167,136
262,83
125,211
127,211
109,121
163,87
21,264
264,72
178,127
256,183
248,263
156,93
68,239
233,168
87,136
109,155
130,109
23,303
225,41
175,80
273,40
204,59
81,320
117,156
113,119
250,245
217,49
256,142
239,286
222,290
233,145
181,76
169,199
278,20
228,41
123,213
256,103
153,95
246,268
250,252
252,232
198,116
256,133
134,154
157,91
175,300
233,154
141,204
143,152
254,224
94,227
106,315
18,274
256,126
82,320
21,291
114,314
207,294
229,128
85,139
162,302
144,152
256,156
97,152
120,156
191,68
59,324
216,116
273,19
129,310
256,117
137,105
28,259
184,204
101,126
158,143
253,232
73,322
143,308
256,147
257,27
223,122
227,127
184,298
98,317
82,233
100,152
224,122
246,273
216,292
141,102
144,150
254,138
189,207
233,141
261,24
200,209
143,100
147,97
191,296
249,254
156,145
220,118
274,36
222,203
132,154
260,87
254,141
152,306
126,310
164,87
223,290
115,118
265,70
105,221
162,140
200,295
256,201
186,205
210,55
141,152
270,19
165,199
241,286
271,48
114,119
244,281
176,201
180,126
276,28
225,201
154,199
37,255
256,192
223,201
231,185
91,132
19,278
94,318
147,150
186,71
25,313
179,77
276,27
222,45
78,235
89,133
218,291
256,199
183,73
41,253
80,320
151,96
212,114
231,182
19,287
230,191
143,203
255,141
258,25
246,31
57,324
202,209
244,33
39,253
27,320
192,118
230,39
231,175
88,135
258,97
51,247
255,138
207,55
219,48
111,119
131,109
138,153
199,63
93,131
171,83
209,292
135,105
47,251
148,148
153,199
139,308
178,201
130,209
208,294
150,148
256,172
224,43
223,45
48,249
229,193
158,199
87,231
272,44
254,219
77,322
268,56
221,120
153,200
238,286
26,316
28,322
256,163
113,219
277,24
132,107
135,206
120,115
249,30
193,67
172,81
268,55
125,111
70,239
226,124
227,199
215,51
256,186
148,306
96,227
156,306
122,213
105,123
174,81
74,237
202,294
206,294
106,154
212,53
256,177
248,257
233,166
17,271
147,201
258,92
116,312
105,124
145,99
256,106
129,156
95,227
190,120
262,80
264,73
232,136
158,144
256,136
248,264
145,203
109,154
23,302
170,302
194,207
236,35
74,322
184,73
195,116
235,288
221,205
246,266
250,242
198,114
256,143
233,144
69,239
181,75
182,75
278,21
211,114
256,120
175,201
31,259
153,94
137,308
246,269
135,154
250,253
252,233
256,134
233,153
141,203
73,237
254,225
146,150
165,138
275,19
170,199
195,296
256,127
137,103
240,286
21,290
85,138
162,303
270,52
256,157
109,314
254,232
256,118
133,107
227,128
134,107
45,324
229,39
137,104
160,199
215,116
184,205
101,125
139,205
256,148
257,26
227,126
233,139
23,306
219,118
132,156
151,95
246,278
141,101
144,151
254,139
255,27
101,316
233,140
215,292
117,215
242,286
137,154
156,146
229,41
274,37
132,155
19,267
247,266
126,311
179,126
153,146
200,296
256,202
231,131
230,130
165,87
224,290
25,311
117,217
266,68
31,324
53,247
184,122
276,29
225,200
139,152
106,221
71,322
256,193
231,184
34,257
19,281
268,21
25,312
160,304
57,245
131,209
119,115
231,288
38,255
80,321
231,177
19,286
168,136
95,152
171,302
123,156
180,77
159,91
89,320
42,253
231,174
213,116
91,149
166,138
95,129
152,201
204,114
131,108
61,243
63,243
199,62
203,59
171,82
119,312
47,250
52,247
148,149
225,123
170,134
213,292
209,114
245,281
88,231
90,320
108,154
256,173
223,44
227,41
229,192
272,45
254,216
23,261
268,57
221,119
132,310
225,124
261,86
59,245
180,201
256,164
113,218
249,29
159,199
104,125
177,300
181,300
170,136
227,198
210,114
29,324
215,50
164,138
256,187
245,33
121,115
211,292
105,316
32,257
71,239
190,118
266,21
60,243
108,314
256,178
248,258
229,288
233,165
182,126
258,93
97,227
116,313
278,24
256,107
262,81
124,312
163,89
65,241
264,74
256,137
97,318
27,317
248,265
145,202
278,19
197,65
80,235
221,204
246,267
250,243
197,296
162,199
198,115
256,128
233,151
150,97
256,121
194,118
176,128
31,258
153,93
250,250
252,234
270,50
256,135
150,306
233,152
88,320
254,230
115,156
152,146
256,112
157,304
214,116
21,289
85,137
270,53
256,158
203,114
243,286
207,209
213,53
101,154
256,119
138,103
241,35
21,298
246,284
85,146
256,149
257,25
233,138
275,32
243,33
194,208
217,292
194,67
161,199
203,294
102,125
140,205
187,298
166,199
126,156
147,99
229,40
178,128
234,37
274,34
183,124
231,133
106,123
107,123
19,266
244,284
30,324
55,324
195,65
256,203
130,310
260,88
231,130
162,304
146,99
19,275
113,156
206,57
200,114
165,86
25,310
117,216
151,306
171,134
266,69
219,47
184,123
148,97
276,30
119,117
256,194
223,203
231,187
19,280
115,217
86,320
154,93
160,140
214,51
131,208
248,31
183,75
80,322
231,176
258,100
242,33
58,245
245,278
159,90
256,208
39,255
27,322
157,144
231,169
213,115
272,48
91,148
265,23
51,249
87,320
237,286
79,235
172,132
63,242
194,296
235,35
254,214
226,290
135,107
148,150
225,122
170,135
96,318
136,154
233,288
256,174
136,105
272,46
254,217
30,259
268,58
35,257
92,131
221,118
99,316
190,69
269,21
59,244
89,231
180,202
53,324
164,140
256,165
113,217
186,298
263,23
66,241
231,37
26,261
29,323
174,302
164,139
256,188
117,117
245,32
121,114
233,163
181,126
118,156
175,79
71,238
99,225
190,119
210,292
140,308
142,101
256,179
248,259
233,164
272,19
93,229
97,226
116,314
256,108
189,120
262,86
174,201
254,27
163,88
256,27
264,75
256,138
27,316
248,266
72,237
145,201
197,64
217,207
171,199
227,290
103,154
197,209
221,203
39,324
187,71
44,324
252,236
256,129
167,85
79,322
173,302
233,150
148,201
192,296
125,113
256,122
169,85
81,235
176,129
21,295
137,205
85,143
250,251
252,235
270,51
256,152
187,205
233,159
254,231
96,129
152,147
124,156
159,304
142,152
219,205
256,113
220,290
209,55
101,225
173,201
33,257
130,156
21,288
246,282
90,318
256,159
27,259
209,209
122,312
213,52
198,296
96,152
101,153
241,34
21,297
85,145
256,150
233,137
216,207
194,209
179,300
199,209
274,40
246,276
229,191
252,240
36,324
245,31
190,298
138,308
176,79
146,308
149,148
116,217
244,278
174,132
147,98
135,310
102,154
70,324
274,35
231,132
109,221
236,286
19,269
22,298
213,207
167,199
98,129
244,285
198,63
256,204
260,89
231,189
110,156
19,274
37,324
42,324
165,85
25,309
98,152
121,156
266,66
128,111
184,124
239,35
276,31
136,308
119,116
123,113
144,308
256,195
202,61
223,202
188,120
231,186
267,62
252,29
19,283
257,100
213,209
102,316
160,141
129,211
225,199
183,74
231,179
19,288
151,148
120,312
40,324
256,209
39,254
43,251
67,241
213,114
166,136
265,22
51,248
224,201
95,131
211,53
172,133
155,199
89,148
256,168
277,19
193,118
218,118
254,215
272,40
203,61
116,156
120,215
135,106
268,60
163,302
207,57
55,245
40,253
221,290
177,79
256,175
111,121
91,318
91,229
254,222
255,212
272,47
23,263
268,59
35,256
128,211
269,20
131,207
172,302
227,195
89,230
180,203
110,219
256,166
232,37
17,274
146,201
113,314
108,123
64,241
29,322
256,189
121,113
233,162
129,111
185,122
196,65
105,154
256,180
248,260
182,124
93,228
221,47
97,225
99,152
256,109
38,324
43,324
264,76
63,324
68,324
250,246
54,324
27,319
183,298
186,122
23,299
99,129
217,206
256,100
169,83
172,200
154,146
262,78
178,300
182,300
252,237
256,130
206,209
233,149
207,114
134,310
195,209
106,316
125,112
256,123
77,237
169,84
81,234
172,199
194,116
176,130
21,294
188,71
85,142
250,248
69,324
72,322
270,48
256,153
233,158
254,228
152,148
256,114
101,224
246,283
138,205
90,319
256,144
223,121
188,205
213,51
87,147
98,318
101,152
84,320
220,205
117,312
154,306
248,254
266,62
241,33
21,296
205,59
246,274
85,144
267,21
256,151
233,136
174,130
104,223
107,314
70,322
246,277
228,288
252,241
236,288
24,261
191,118
115,117
244,279
85,320
123,312
274,32
155,146
231,135
109,220
236,287
19,268
41,324
61,324
66,324
25,307
244,286
195,67
256,205
260,90
29,259
103,316
231,188
91,131
19,277
214,207
95,151
25,308
266,67
276,24
136,309
218,292
256,196
188,121
228,128
231,181
161,89
19,282
49,249
213,208
111,314
189,71
118,215
160,142
129,210
64,324
127,156
147,306
155,306
211,209
231,178
112,314
258,98
226,199
83,233
175,130
256,210
205,209
133,207
138,154
67,240
47,324
231,171
52,324
217,118
91,150
111,219
76,322
166,137
265,21
20,265
95,130
104,154
54,247
172,134
65,324
232,169
86,137
256,169
235,37
272,41
254,212
203,60
99,127
268,61
234,288
56,245
207,56
205,114
83,320
156,199
85,231
177,78
256,160
111,120
116,117
135,205
140,152
90,133
254,223
23,262
121,215
139,103
253,29
269,19
126,211
247,31
89,229
161,304
256,167
17,273
92,229
231,39
132,207
189,298
85,233
174,300
86,146
181,203
182,203
256,190
233,161
129,110
141,308
75,237
196,209
125,213
109,123
264,70
256,181
114,217
248,261
200,61
182,125
93,227
221,46
23,301
225,43
124,113
256,110
240,35
151,201
262,84
142,308
182,298
100,316
264,77
250,247
202,114
111,156
260,25
27,318
233,147
34,324
87,135
23,298
278,22
99,128
50,324
217,205
256,101
100,225
172,201
262,79
246,270
250,254
252,238
256,131
97,129
157,93
233,148
254,226
205,294
233,37
256,124
77,236
81,233
119,156
194,117
21,293
229,130
85,141
250,249
270,49
256,154
233,157
254,229
238,35
18,271
75,322
256,115
198,209
48,324
251,242
199,114
165,302
256,145
22,263
188,206
223,120
27,261
227,125
191,67
87,146
23,305
230,288
248,255
266,63
237,35
93,318
205,58
246,275
173,81
125,312
108,221
163,199
233,143
174,131
128,156
226,41
70,323
274,38
114,156
228,289
252,242
115,314
190,296
210,209
218,49
146,306
143,99
122,113
105,223
274,33
167,302
187,122
260,92
118,312
264,23
231,134
109,219
19,271
212,292
212,209
142,203
25,306
191,207
201,209
95,318
118,117
195,66
256,206
260,91
231,191
19,276
185,73
159,142
95,150
25,315
266,64
276,25
136,310
107,221
89,135
110,314
256,197
274,19
188,122
176,300
231,180
180,300
126,111
19,285
169,136
45,251
46,251
215,207
201,114
25,316
189,70
177,201
129,209
276,32
262,23
104,316
46,324
231,173
51,324
258,99
62,324
67,324
25,261
188,298
119,215
256,211
168,85
131,107
43,253
231,170
217,117
199,61
201,294
171,81
190,207
47,249
211,55
103,125
203,209
208,292
245,284
256,170
134,207
229,195
