13,108
78,138
53,53
66,31
20,162
79,131
65,187
80,125
23,183
58,41
67,30
86,90
14,108
26,94
68,25
78,13
61,195
81,119
60,39
67,36
97,52
61,38
70,19
83,9
89,94
47,119
53,64
71,26
99,42
64,88
38,149
32,113
83,111
98,45
6,98
47,93
96,5
24,151
52,136
17,90
49,58
71,171
73,158
101,32
86,8
98,7
11,103
21,180
60,81
16,106
75,11
99,22
87,107
49,139
100,17
48,119
40,148
21,158
9,93
19,174
39,196
38,119
20,169
22,157
37,91
46,142
57,194
63,194
65,188
28,185
37,194
102,27
75,152
92,5
93,8
63,83
81,139
50,196
95,66
53,73
54,73
51,121
84,9
35,147
21,112
96,38
67,186
55,71
72,15
42,200
21,90
73,14
34,114
75,165
50,56
74,13
84,120
85,118
94,67
72,21
98,30
8,94
76,146
93,77
49,140
76,11
59,197
84,102
50,139
10,92
18,107
20,176
39,116
77,10
74,156
101,29
79,145
54,52
19,157
55,49
64,39
54,46
42,143
82,113
49,120
65,38
40,199
72,167
59,40
68,21
81,140
66,37
96,61
63,191
51,126
33,148
23,153
65,193
45,140
66,186
64,86
17,169
27,110
97,56
83,125
92,80
53,124
91,68
51,131
92,78
96,9
9,101
23,109
17,110
35,196
22,181
71,183
32,91
60,196
100,7
11,107
30,149
21,160
24,177
60,93
77,140
22,175
88,5
43,118
58,194
75,150
54,132
48,123
61,87
56,46
86,111
87,87
20,165
79,132
31,190
36,95
67,27
50,65
58,44
104,14
25,113
73,175
82,130
60,42
16,163
88,81
22,112
19,110
72,180
17,162
70,30
69,180
46,122
73,177
54,125
96,42
21,108
56,96
48,141
42,95
39,149
42,196
71,172
31,115
75,169
85,98
100,14
42,121
37,147
98,10
24,184
57,78
37,118
25,181
87,108
77,159
100,20
78,136
64,188
24,94
80,127
23,177
44,141
50,120
94,8
92,8
34,151
61,193
81,117
52,70
23,175
68,184
13,94
28,90
20,111
70,17
68,33
98,49
64,193
95,43
33,152
76,161
99,44
22,109
94,52
91,82
6,96
88,100
95,49
49,56
56,77
97,6
50,63
70,186
21,178
60,83
101,8
58,79
99,24
76,14
41,116
100,19
19,176
39,198
18,110
53,60
54,51
46,140
102,25
96,58
32,190
52,196
29,186
64,34
82,116
33,191
18,173
81,137
32,148
24,113
92,61
90,93
73,163
96,56
82,7
54,196
97,37
89,79
90,71
54,97
51,97
83,129
95,62
22,94
75,167
84,122
50,54
85,116
5,101
40,119
72,23
9,98
91,65
98,28
26,182
17,107
35,193
55,130
71,184
86,112
93,75
42,117
14,90
79,8
48,96
59,94
74,154
78,154
29,153
20,178
31,149
79,147
75,147
15,90
87,88
61,92
53,47
103,21
62,195
45,121
54,44
82,111
63,90
41,144
68,23
25,110
81,121
62,37
23,155
93,57
19,107
29,112
26,114
55,199
33,117
83,127
92,82
26,151
48,136
94,72
41,92
51,133
91,70
16,90
31,116
97,10
44,92
7,104
27,188
77,138
51,50
24,179
36,115
22,173
48,196
102,11
86,109
56,48
78,135
61,85
30,189
103,18
59,77
57,45
20,167
90,5
80,122
44,144
18,159
67,29
14,105
36,194
61,79
91,8
88,83
69,31
16,165
67,35
97,55
72,182
17,160
32,152
69,178
61,41
29,192
40,95
70,28
71,25
90,73
44,196
62,191
76,164
99,41
95,44
85,6
100,34
51,138
98,46
70,175
83,106
94,51
56,72
35,118
100,8
85,96
12,108
34,193
99,21
25,187
77,157
13,104
45,200
40,145
64,190
32,195
103,11
22,158
46,139
86,94
28,190
11,94
26,90
37,197
51,199
29,191
53,62
68,35
69,187
54,74
76,163
82,10
54,195
28,114
97,34
26,110
67,185
91,84
6,102
56,198
24,155
74,173
17,94
71,167
88,102
25,154
7,94
50,61
55,96
12,107
75,15
99,26
73,19
95,64
78,8
87,103
21,154
59,91
62,79
53,58
79,148
77,13
48,200
57,198
49,97
47,139
62,81
82,114
49,123
18,171
65,33
80,7
40,196
72,164
92,63
90,91
30,192
71,15
33,151
23,156
49,93
35,151
45,143
66,191
20,94
67,190
64,83
79,127
89,77
98,32
29,111
94,71
50,52
85,114
5,99
91,67
9,96
76,142
73,20
22,182
43,95
93,73
28,150
78,152
50,135
59,80
36,118
45,93
43,117
75,149
87,90
54,129
48,120
56,43
103,23
57,42
45,119
31,189
49,124
50,66
36,197
55,43
59,44
82,135
54,68
51,66
69,20
93,55
68,182
104,17
46,119
80,141
54,126
21,111
30,90
56,93
48,138
100,37
58,95
84,105
85,101
27,190
37,150
89,98
30,153
21,172
60,89
51,52
34,196
18,94
57,73
87,86
102,9
78,133
61,83
38,198
103,12
53,54
66,30
20,161
79,128
36,91
80,124
52,93
58,40
50,125
18,157
11,91
94,5
68,24
61,196
88,85
60,38
52,123
16,167
68,189
97,53
80,11
20,108
70,18
83,6
98,50
81,10
71,27
90,87
89,95
52,97
8,106
99,43
95,46
94,49
32,112
83,108
46,96
70,173
39,145
73,159
10,96
101,33
49,59
71,168
92,65
25,151
27,183
98,6
99,23
87,104
25,185
35,94
100,16
19,175
21,159
53,63
60,78
43,142
38,118
53,134
20,168
63,195
43,121
57,195
102,26
75,153
28,184
37,195
86,92
27,90
34,147
95,9
18,174
13,90
20,107
50,199
71,16
69,32
31,94
97,32
27,150
77,160
55,68
72,14
91,86
89,74
10,107
74,171
49,60
46,196
34,117
85,119
74,12
40,116
72,20
8,93
30,112
58,75
55,129
76,145
76,10
41,120
59,194
28,153
78,151
53,56
50,138
10,95
101,30
79,150
93,59
102,29
64,38
82,112
42,142
63,89
55,44
72,166
41,147
66,36
47,122
96,60
54,67
51,127
90,89
15,109
64,85
45,141
63,39
29,115
17,170
27,111
55,93
6,95
53,125
86,5
47,96
53,196
94,69
41,95
51,128
92,77
70,177
91,69
9,102
57,92
35,197
22,180
32,90
77,141
14,94
11,104
21,161
50,133
51,49
74,17
29,149
53,136
22,174
86,110
75,151
58,197
61,88
103,17
43,146
20,164
79,133
36,94
50,64
18,160
41,148
82,133
95,5
42,147
51,68
15,106
62,41
97,50
19,111
55,195
17,163
72,179
69,181
80,143
40,92
73,178
71,28
90,74
96,41
48,140
27,154
51,137
100,39
6,104
10,103
16,94
42,199
99,10
31,112
35,117
85,99
42,120
89,96
100,13
21,170
24,183
57,79
34,91
35,91
44,118
52,49
50,97
103,14
20,163
79,130
86,91
80,126
23,182
14,109
59,39
68,26
81,118
39,95
54,93
31,194
52,69
61,37
49,196
98,48
89,93
26,154
64,89
22,108
19,90
76,160
99,45
91,83
83,110
96,6
56,195
24,152
52,137
49,57
71,170
56,76
74,174
88,99
86,9
50,62
33,94
21,179
12,104
60,82
23,94
101,9
99,25
87,106
41,117
45,196
100,18
39,199
9,92
53,61
25,90
20,170
90,8
54,50
46,143
102,24
91,5
28,186
47,142
29,187
18,172
63,82
29,94
81,138
27,114
24,112
92,60
90,92
53,72
96,39
82,6
54,199
97,38
67,189
55,70
90,70
54,96
74,169
95,63
73,13
87,5
84,121
85,117
5,102
72,22
98,31
9,99
76,147
71,185
55,131
93,76
84,103
78,12
77,9
33,192
74,157
20,177
39,119
45,96
79,144
54,53
87,89
19,156
61,93
12,91
41,143
55,48
45,122
63,91
65,37
68,22
59,43
92,59
38,91
62,36
63,190
65,192
23,152
66,187
64,87
54,65
96,62
20,90
17,168
49,200
83,124
92,81
53,123
26,150
51,130
92,79
9,100
41,196
17,109
58,80
99,7
7,105
27,189
60,197
78,156
77,139
51,51
24,178
60,94
36,114
86,108
25,179
44,121
34,94
54,133
102,10
61,86
30,188
38,195
62,92
103,19
20,166
78,134
56,47
57,46
80,121
67,26
50,126
18,158
36,193
104,15
58,45
73,174
82,131
60,43
16,164
88,82
80,8
72,181
17,161
61,42
69,179
70,31
90,72
73,176
96,43
95,45
84,6
30,94
38,145
94,50
42,92
46,93
70,174
39,148
83,107
58,91
26,187
36,147
56,71
75,168
85,97
99,12
33,91
37,146
100,15
18,90
24,185
34,192
31,152
25,180
77,158
13,105
78,137
40,144
64,189
32,194
89,8
43,141
38,115
100,21
22,153
37,95
23,176
50,121
37,198
11,95
94,9
51,196
34,148
61,192
81,116
52,71
50,200
69,188
68,34
83,10
64,194
71,23
76,162
97,35
94,53
32,116
100,40
55,75
6,97
91,85
88,101
74,172
95,48
21,94
56,78
28,111
25,155
84,124
7,95
50,60
70,187
16,109
75,12
58,76
95,65
55,132
99,27
49,136
59,193
76,15
21,155
53,59
77,14
79,149
86,93
12,94
32,191
27,94
62,80
64,35
93,5
65,34
72,163
81,136
32,149
92,62
81,7
73,162
96,57
51,122
23,157
16,168
90,90
31,90
45,144
97,36
67,191
73,161
85,9
89,78
83,128
53,199
46,200
34,113
75,166
50,55
84,123
5,100
40,120
85,115
9,97
94,70
57,95
26,183
17,106
86,113
98,29
43,92
93,74
74,18
28,149
48,97
78,155
50,134
10,91
59,81
74,155
79,146
79,11
52,47
58,198
54,128
56,42
55,50
53,46
30,187
62,91
43,145
103,20
62,192
54,45
51,93
48,93
25,109
66,32
82,134
81,120
51,67
69,21
15,105
68,181
63,35
55,198
104,16
93,56
33,116
80,140
83,126
23,112
43,196
56,92
48,137
27,153
51,132
100,36
9,106
57,96
58,94
36,150
97,9
84,104
85,102
32,94
89,99
30,152
21,173
60,88
57,74
75,16
88,8
89,5
61,84
103,13
59,76
24,90
53,55
79,129
80,123
44,145
50,124
67,28
61,78
31,193
88,84
52,122
16,166
68,188
97,54
28,94
72,183
63,40
70,29
69,177
81,11
71,24
95,47
8,105
76,165
99,40
47,200
85,5
100,35
54,64
55,76
70,172
98,47
83,109
101,34
92,64
71,169
56,73
84,119
37,115
25,186
43,96
77,156
87,105
60,77
53,135
86,95
28,191
47,141
39,91
13,91
63,81
24,109
71,17
54,75
69,33
93,58
97,33
28,115
19,94
67,184
91,87
55,69
6,103
80,144
88,103
10,106
43,200
74,170
89,75
22,90
87,8
93,53
70,185
23,90
58,74
30,115
76,144
78,9
95,67
73,18
78,150
79,12
21,153
59,90
39,195
33,195
25,94
74,158
101,31
53,57
102,28
15,94
47,138
52,199
20,156
82,115
52,72
65,32
29,90
72,165
47,123
30,193
73,160
54,66
96,59
35,150
64,84
63,36
90,88
17,171
33,113
89,76
83,130
47,196
94,68
50,53
51,129
5,98
70,176
85,113
9,103
41,199
91,66
26,181
76,143
98,27
93,72
49,135
27,184
44,96
78,153
77,142
74,16
33,196
74,153
39,115
45,92
87,85
102,23
75,148
54,134
103,22
57,41
20,155
45,118
81,135
38,95
53,93
82,132
42,146
51,69
69,19
50,93
68,183
97,51
62,40
26,113
88,79
93,54
80,142
40,91
73,179
54,127
96,40
44,200
38,146
100,38
53,97
58,92
26,188
99,11
66,192
35,114
84,106
60,193
37,149
85,100
21,171
89,97
60,90
100,12
88,80
86,96
52,48
