198,51
91,238
164,232
172,187
194,72
68,303
48,354
107,119
52,362
45,349
182,136
160,251
140,349
134,368
75,301
61,189
41,340
174,176
129,173
152,294
67,382
95,283
43,346
146,316
150,294
145,45
69,227
19,200
49,357
133,73
91,193
24,189
134,73
35,214
111,258
122,385
141,57
140,352
200,35
198,42
135,71
160,249
111,97
168,204
52,220
194,67
168,210
120,87
84,392
121,386
26,208
61,377
86,234
107,108
181,140
108,195
117,152
47,314
125,81
122,85
144,327
153,284
162,241
147,38
182,131
51,359
162,235
127,79
43,189
149,36
129,166
130,376
109,255
149,306
37,189
158,263
123,157
65,226
175,17
184,119
74,388
127,179
20,193
200,42
154,284
63,305
52,189
154,277
114,93
146,326
194,65
192,80
198,45
53,363
166,217
190,92
186,118
127,380
115,191
186,111
118,152
45,216
136,363
164,228
188,105
79,191
110,390
178,154
109,103
114,390
107,123
158,255
137,69
188,101
109,266
41,326
99,195
44,346
150,304
195,21
70,386
104,392
111,137
82,191
83,234
150,298
70,303
146,321
138,354
107,272
160,247
96,283
71,302
147,316
156,273
196,60
32,212
97,282
98,392
128,377
105,195
97,238
139,354
192,77
176,163
27,208
77,230
84,295
156,271
200,29
172,190
119,154
164,227
85,294
143,51
178,149
107,249
179,148
107,112
117,148
144,331
176,159
41,335
116,191
129,176
115,91
60,374
117,190
41,189
88,291
121,187
43,321
41,337
139,64
151,32
129,170
89,290
142,340
169,19
152,289
90,236
95,284
64,224
109,130
131,76
150,301
94,238
145,42
184,123
80,392
47,352
196,59
19,197
78,230
49,354
50,189
140,63
118,388
111,263
186,113
141,62
198,49
135,72
172,181
34,189
194,70
123,84
143,56
152,284
95,238
80,232
45,347
102,195
140,351
108,107
162,238
103,392
69,189
121,188
110,136
50,311
56,222
108,392
164,222
61,306
117,90
128,79
108,250
158,258
170,19
113,193
22,206
84,234
76,191
93,193
104,275
87,291
125,184
107,270
105,274
127,180
19,202
130,77
73,230
198,22
33,212
200,37
140,354
92,287
115,146
23,208
57,222
81,297
55,368
93,286
111,99
124,383
163,22
61,224
94,285
126,381
107,247
23,206
85,191
55,366
61,375
107,110
38,214
168,212
181,17
113,142
96,194
143,47
177,17
147,40
51,361
58,372
162,233
108,391
123,185
41,323
65,305
149,34
194,21
109,390
130,374
109,253
158,261
43,341
65,224
171,19
51,309
70,189
154,282
146,324
160,242
192,82
110,193
45,316
97,392
196,55
82,297
199,42
93,238
148,306
197,54
156,276
121,86
186,109
59,189
81,232
91,289
109,194
155,27
136,365
145,326
143,52
164,230
182,17
23,189
116,148
109,101
114,388
107,125
43,317
178,17
178,152
41,324
86,191
47,218
190,91
106,392
174,170
178,151
142,339
66,382
113,94
172,19
112,193
121,154
100,279
111,139
92,193
109,135
173,18
197,21
101,278
132,373
150,296
166,214
170,192
196,62
152,31
72,228
118,387
156,275
128,379
169,204
153,30
62,224
148,313
192,79
125,158
172,188
27,210
154,29
186,116
176,165
30,189
91,237
166,21
200,31
117,388
188,98
172,184
48,218
156,27
35,189
184,127
107,114
67,305
157,26
144,333
54,309
124,83
113,146
109,257
41,333
88,392
180,145
115,93
55,220
40,214
57,370
139,66
43,323
174,173
183,130
129,168
152,291
49,218
127,163
82,392
43,345
109,128
119,89
87,292
71,386
170,203
184,125
47,354
170,204
19,199
200,32
41,214
154,278
35,213
122,386
141,60
111,100
82,232
172,183
194,68
57,189
152,286
62,378
107,107
47,313
162,242
101,241
182,140
105,246
140,345
63,378
78,390
147,37
103,275
134,372
193,19
72,189
79,391
100,195
162,236
174,180
184,122
115,193
77,299
36,189
174,17
158,256
126,183
127,182
62,305
19,204
79,231
73,228
187,17
200,39
71,189
22,191
63,224
106,195
115,148
53,366
69,386
123,384
198,46
160,253
67,384
96,238
128,179
55,189
87,392
76,230
148,309
92,392
176,169
182,135
33,189
109,106
86,192
180,141
29,210
109,269
31,210
123,187
194,19
53,220
48,189
122,156
76,390
50,218
109,251
43,343
127,81
190,86
142,334
51,311
111,140
154,280
118,89
83,233
188,17
72,386
131,374
146,322
125,382
75,191
47,350
71,301
73,387
138,359
160,244
166,221
192,84
170,199
148,316
186,107
176,160
66,226
116,388
156,268
200,26
136,367
119,153
155,29
70,228
143,54
31,189
97,195
23,191
167,21
196,64
164,224
107,127
43,319
117,151
113,96
144,328
180,148
111,193
104,244
41,330
129,179
55,309
159,25
190,89
114,193
94,193
81,392
142,337
102,392
108,128
127,164
109,133
131,75
129,79
162,23
150,302
166,212
184,120
125,162
198,24
59,222
73,388
196,56
184,129
65,382
168,205
148,315
186,114
83,296
176,167
198,50
87,234
156,267
172,186
51,218
179,17
157,266
53,189
123,83
194,75
46,315
90,392
69,303
107,116
180,147
45,350
182,139
113,144
140,348
42,323
68,189
103,276
55,222
57,368
113,390
134,371
174,179
129,174
142,344
62,189
103,242
152,293
67,383
126,81
175,170
144,47
146,319
145,46
46,189
107,269
138,361
170,201
69,228
19,201
49,358
133,74
200,34
154,276
80,297
111,259
122,384
160,248
141,58
198,53
163,21
92,238
86,392
120,386
91,392
65,189
126,382
194,66
61,378
180,17
168,209
107,109
176,17
47,315
144,326
162,240
125,82
29,189
105,244
140,347
190,97
147,39
182,130
72,191
162,234
64,305
42,340
149,37
129,167
44,189
158,262
95,392
100,392
19,206
102,277
200,41
111,264
159,254
69,384
166,216
198,44
53,364
64,380
104,195
148,311
186,110
45,217
177,158
136,362
182,133
188,104
178,157
118,189
109,104
37,214
107,120
158,254
136,368
137,70
180,143
109,267
41,327
66,189
59,372
158,265
196,21
111,142
188,19
146,320
138,357
107,273
160,246
71,303
192,86
156,272
170,197
97,283
128,376
176,162
97,239
192,76
111,390
27,209
156,270
114,146
190,19
200,28
89,392
85,295
143,48
164,226
172,189
188,103
178,148
107,113
122,187
117,149
47,311
144,330
176,158
41,328
129,177
79,298
117,191
139,65
190,95
151,33
41,338
174,174
42,189
129,171
89,291
142,343
160,23
152,288
99,280
127,166
95,285
75,388
151,31
21,192
109,131
131,77
129,77
26,189
145,43
185,17
107,195
125,160
48,311
47,353
150,300
19,194
47,189
49,355
196,58
65,380
111,260
186,112
141,63
198,48
95,193
135,73
67,303
172,180
51,220
194,73
123,85
143,57
191,19
107,118
171,192
45,348
187,106
182,137
140,350
134,369
110,258
75,300
28,210
121,189
174,177
129,172
61,307
117,91
86,293
99,392
146,317
150,295
145,44
88,236
124,384
107,271
125,185
77,191
69,226
19,203
127,181
105,275
49,356
68,384
200,36
151,294
140,353
115,147
93,392
46,350
124,382
163,23
198,43
93,287
160,250
193,76
126,380
194,64
168,211
98,195
23,207
55,367
61,376
165,21
112,142
107,111
32,189
113,143
96,193
56,307
147,41
53,309
51,358
108,269
162,232
178,150
119,189
137,67
108,390
194,20
149,35
133,372
89,193
159,23
67,189
109,254
158,260
123,156
65,225
132,75
103,195
51,189
52,309
34,212
166,222
137,362
192,81
58,222
53,362
45,317
196,54
180,146
185,118
186,108
121,87
78,191
109,195
60,189
136,364
164,229
143,53
172,192
188,106
184,118
178,155
109,102
107,122
79,392
189,98
137,68
44,317
109,265
41,325
158,25
59,374
190,90
150,305
126,162
142,338
120,154
89,236
81,191
113,95
121,155
79,232
111,136
109,136
173,19
43,216
150,299
101,279
132,372
138,355
170,195
27,189
196,61
156,274
118,386
97,281
124,158
153,31
128,378
83,295
141,344
125,159
148,312
195,64
192,78
176,164
200,30
172,191
85,293
136,71
143,50
107,248
194,76
107,115
157,27
144,332
180,144
109,258
41,334
55,221
57,371
117,189
139,67
190,93
43,320
174,172
41,336
168,19
135,368
129,169
89,289
142,341
88,193
152,290
121,156
75,390
21,206
73,301
109,129
87,293
145,41
138,362
170,202
49,189
139,63
184,124
19,196
94,392
41,215
199,25
111,262
141,61
98,281
186,17
198,54
111,101
64,189
172,182
194,71
152,285
28,189
58,189
190,98
101,242
45,346
115,388
140,344
63,379
36,214
57,372
49,311
99,240
148,37
162,239
164,223
166,218
101,392
61,305
117,89
90,289
158,259
119,87
44,216
191,86
125,183
198,23
127,183
105,273
19,205
146,41
73,229
41,216
91,287
143,334
200,38
168,207
160,252
25,189
67,226
93,285
111,98
84,191
148,308
176,168
107,246
61,374
40,189
182,134
96,195
106,246
178,158
109,107
51,360
83,392
180,140
31,211
149,33
130,375
109,252
158,266
43,340
123,158
59,224
111,141
154,283
106,273
110,101
166,220
97,240
57,307
138,358
47,351
146,325
45,315
54,366
160,243
192,83
170,198
148,307
186,106
121,85
91,288
109,193
136,366
102,242
200,25
143,55
164,231
188,100
178,153
114,389
107,124
113,97
100,240
168,206
41,331
79,297
54,220
150,33
190,88
174,171
142,336
184,17
99,279
113,93
127,165
174,175
111,138
109,134
42,216
173,17
150,297
166,215
45,189
101,277
132,374
170,193
59,223
68,226
19,193
58,307
196,63
173,180
128,380
184,128
153,29
148,314
83,297
176,166
186,117
87,235
142,57
156,266
91,236
51,219
188,99
194,74
71,228
128,166
107,250
167,19
172,185
54,189
87,193
67,304
107,117
157,25
144,334
138,67
113,145
109,256
41,332
63,380
55,307
112,390
103,277
120,189
75,299
38,189
90,193
115,92
57,369
43,322
134,370
174,178
129,175
152,292
103,243
46,218
127,162
60,224
43,344
146,318
124,185
119,88
145,47
167,212
98,240
138,360
170,200
184,126
19,198
80,191
133,75
200,33
154,279
35,212
59,307
119,386
141,59
198,52
164,21
194,69
168,208
75,230
152,287
170,194
47,312
190,96
101,240
125,83
105,245
74,301
24,208
74,230
140,346
192,19
107,128
72,190
112,97
79,390
162,237
76,299
73,191
31,212
115,192
182,138
158,257
107,392
198,21
79,230
21,191
50,358
200,40
111,265
166,219
69,385
160,254
198,47
53,365
60,307
148,310
176,170
45,218
85,392
163,232
182,132
178,156
109,105
86,193
110,265
107,121
51,362
180,142
101,195
78,299
137,71
123,186
63,189
109,268
165,222
59,373
109,250
127,80
43,342
158,264
77,390
190,87
150,306
85,234
142,335
51,310
20,206
154,281
74,191
83,232
188,18
56,189
138,356
146,323
189,19
73,386
155,276
160,245
192,85
170,196
176,161
87,236
156,269
39,214
96,392
119,152
155,28
200,27
143,49
167,20
83,191
23,190
25,208
164,225
188,102
107,126
43,318
117,150
183,17
144,329
41,329
129,178
79,299
55,308
159,24
190,94
39,189
30,210
41,339
116,91
142,342
103,244
129,376
99,281
72,301
75,389
161,23
21,193
109,132
56,368
129,78
105,392
150,303
166,213
161,242
125,161
198,25
184,121
196,57
19,195
184,130
65,381
111,261
186,115
66,305
