398,165
438,12
166,129
354,161
481,100
283,103
470,70
354,16
416,14
479,45
449,74
175,147
141,95
473,124
481,12
463,148
302,18
236,165
135,93
48,77
58,26
275,93
286,106
269,18
294,117
295,121
70,81
477,113
339,16
165,121
138,93
286,109
290,112
128,91
111,24
24,28
42,74
483,84
270,90
255,119
423,61
463,154
427,70
213,20
33,67
477,74
389,14
300,18
112,24
93,26
22,30
431,163
328,149
365,16
439,163
134,24
483,93
255,124
184,158
247,157
312,141
297,18
482,14
36,70
280,101
426,12
176,150
69,26
257,128
476,12
346,157
256,141
420,14
332,152
422,163
423,51
192,165
470,10
58,79
21,57
458,159
154,97
145,95
241,163
350,16
216,20
52,77
284,104
13,49
106,24
159,22
35,28
332,151
396,14
489,33
460,51
26,63
100,26
189,22
303,18
461,12
388,167
178,152
108,89
162,107
352,16
461,157
445,163
284,103
18,55
306,135
196,167
471,127
475,120
76,26
22,58
226,20
190,22
74,83
166,126
489,19
253,90
452,161
43,75
425,65
485,39
68,81
457,139
259,87
227,20
430,12
464,12
285,18
489,20
408,14
213,171
457,140
459,144
62,79
159,101
363,16
18,32
421,165
99,87
355,161
489,29
253,108
421,54
172,22
322,16
485,41
471,10
202,167
384,14
148,95
476,119
237,20
316,18
479,107
10,43
449,12
251,152
270,18
28,64
253,101
130,93
150,24
190,163
174,146
19,57
459,142
152,97
454,72
111,89
313,18
59,79
479,80
378,165
487,16
146,95
446,161
104,24
85,26
454,161
421,56
202,169
256,87
459,135
302,132
322,149
151,97
102,26
180,154
366,16
481,80
445,74
268,18
308,137
240,20
168,134
61,26
122,24
175,22
468,12
51,28
333,16
462,155
249,155
399,165
455,72
96,87
438,51
481,105
265,18
253,112
258,19
320,147
468,11
490,24
145,24
364,164
113,89
444,12
27,28
249,156
388,14
479,79
156,98
160,101
161,105
92,26
182,156
481,98
467,51
453,12
164,113
318,16
356,163
381,165
364,163
245,160
335,153
468,129
434,49
296,18
294,120
157,22
68,26
361,16
16,32
73,81
271,18
164,120
382,165
435,163
243,20
429,12
41,73
320,16
483,41
465,131
491,25
208,171
423,14
463,151
477,119
170,138
158,22
286,107
488,35
344,157
109,24
456,12
38,28
188,22
431,71
477,112
103,26
485,16
253,20
201,22
276,93
460,159
290,113
128,92
294,18
24,29
42,75
483,87
270,91
255,118
456,51
423,60
464,51
233,167
432,12
487,35
257,87
149,97
416,165
441,163
254,20
328,150
441,12
120,24
483,92
255,127
184,159
331,16
369,165
142,24
312,142
350,159
36,71
97,87
167,129
338,155
391,167
176,151
257,135
205,20
448,161
284,18
30,65
394,165
91,85
402,165
332,153
423,50
199,22
440,74
349,16
104,87
411,14
237,165
480,80
62,80
94,26
281,18
284,105
437,74
447,161
432,49
14,49
217,171
489,32
458,135
122,91
123,91
178,153
461,156
245,159
445,162
70,26
419,165
116,89
334,16
453,51
458,142
208,20
137,24
471,126
436,12
312,18
475,123
22,59
179,153
444,51
84,26
13,34
183,157
166,127
295,18
463,70
107,24
253,89
489,18
418,14
478,76
425,64
83,83
15,32
457,138
473,10
10,38
376,165
483,97
450,161
396,165
40,71
60,26
174,22
472,125
239,163
193,165
125,24
54,28
475,73
341,155
269,89
415,14
260,87
479,109
136,93
264,18
421,164
253,107
329,16
310,18
421,53
211,20
485,40
238,165
310,141
429,70
30,28
87,85
34,67
353,161
479,106
10,40
391,14
251,155
95,26
207,171
100,87
28,65
89,85
253,100
298,126
174,147
432,163
347,16
243,163
302,130
424,12
156,22
426,163
104,25
360,163
71,26
475,47
221,20
169,22
460,70
173,145
453,161
459,134
422,14
262,18
49,28
302,133
254,87
60,79
160,104
180,155
308,138
255,141
168,135
195,165
305,18
359,163
220,171
222,20
24,59
347,159
459,12
28,63
200,22
403,14
481,104
430,163
86,26
364,165
358,16
224,20
153,24
479,78
156,99
106,88
160,102
253,151
182,157
167,22
481,97
230,169
164,114
318,17
311,18
422,51
62,26
123,24
199,167
294,121
267,89
303,133
129,24
350,160
164,121
475,11
44,28
261,87
433,72
455,161
424,64
480,45
479,47
198,22
491,24
459,51
464,70
463,150
410,14
85,85
477,118
170,139
280,18
319,147
81,26
101,87
318,146
345,16
474,123
263,18
431,70
487,37
235,20
95,85
386,14
117,24
463,12
46,28
235,165
276,94
342,156
434,72
128,93
296,121
24,30
483,86
397,165
255,113
423,63
140,24
439,12
314,144
61,79
12,34
328,151
257,141
483,95
488,18
87,26
255,126
185,22
247,159
469,129
312,143
384,167
258,87
278,18
472,10
440,51
391,166
448,51
291,18
257,134
63,26
356,16
238,20
414,14
37,71
41,28
98,87
460,133
62,81
162,110
206,170
288,109
92,85
114,89
26,61
374,16
105,87
457,159
390,14
451,12
162,105
183,22
461,155
445,161
377,14
253,95
331,151
78,26
188,161
273,18
475,122
417,165
427,12
307,137
74,81
168,22
166,124
186,160
444,163
253,88
239,165
311,141
233,20
457,137
115,24
158,100
326,16
437,51
438,163
423,64
10,39
483,96
432,72
40,72
304,18
449,161
36,28
97,26
333,153
482,43
475,72
369,16
133,93
279,18
251,20
479,108
18,30
75,83
257,20
421,163
429,163
253,106
255,145
421,52
44,75
433,49
73,26
271,91
166,22
10,41
251,154
142,95
253,99
460,72
298,127
190,161
215,171
148,96
243,162
302,131
126,24
201,167
424,13
226,169
487,18
203,20
132,24
228,20
282,102
104,26
431,12
90,85
307,18
308,140
435,73
168,129
460,71
112,89
79,26
372,16
322,147
106,87
160,105
413,14
377,165
451,161
308,139
54,78
80,26
439,74
24,60
223,169
118,90
172,140
255,87
430,49
182,155
410,165
450,12
33,28
124,91
72,81
164,116
259,18
172,139
463,131
84,84
231,167
106,89
160,103
253,150
289,18
324,16
206,20
337,155
210,171
11,38
164,115
184,22
84,83
157,99
249,20
350,161
342,16
475,10
336,153
345,157
479,46
483,43
52,28
254,112
491,27
330,151
45,75
240,163
477,117
446,74
379,165
471,70
401,14
314,143
170,136
478,12
386,167
12,45
286,105
143,95
318,147
299,127
28,28
89,26
487,36
404,165
387,167
412,165
182,22
276,95
443,51
406,165
376,14
12,36
342,157
17,55
414,165
454,12
257,139
296,122
42,73
483,89
195,22
305,135
270,89
255,112
365,165
423,62
14,34
272,18
478,111
65,26
314,145
460,144
280,97
337,16
12,35
219,20
383,167
257,140
148,24
459,72
244,20
483,94
255,121
477,47
247,158
469,128
452,72
110,89
436,49
118,24
363,163
257,133
440,163
279,97
467,129
126,91
256,128
96,26
481,45
212,171
39,28
80,83
150,97
177,22
468,70
162,111
202,22
206,171
405,14
390,167
288,110
343,157
415,165
186,159
72,26
453,72
275,18
480,105
392,165
340,16
178,151
400,165
425,163
230,20
255,20
166,122
442,12
25,28
253,94
19,30
457,135
22,57
316,145
113,24
372,165
469,51
166,125
186,161
135,24
253,87
219,171
239,164
46,75
457,136
298,18
466,70
412,14
158,101
40,73
477,12
277,95
351,16
461,133
479,111
217,20
18,31
351,161
393,14
253,105
472,70
255,144
421,51
134,93
462,133
288,18
353,16
65,81
253,98
421,60
298,124
446,12
174,145
148,97
458,51
480,12
466,51
324,149
441,74
424,14
81,83
326,149
57,26
405,165
282,103
308,141
435,72
168,130
224,169
483,14
163,22
55,28
400,14
193,22
470,49
54,79
110,24
255,143
465,12
24,61
118,91
172,141
212,20
88,26
442,74
299,18
463,133
231,169
31,28
482,84
16,53
364,16
164,117
246,20
379,14
448,74
232,167
64,26
84,85
253,149
481,103
463,51
125,91
327,149
78,83
170,135
389,167
291,115
170,22
151,24
349,159
50,28
314,18
407,165
336,154
393,165
105,24
483,42
491,26
131,93
223,20
294,118
99,26
32,65
477,116
460,12
482,97
176,22
367,16
404,14
170,137
317,145
138,94
12,46
342,155
76,83
241,20
187,161
300,128
463,153
427,69
268,89
487,39
75,26
431,49
235,167
376,15
266,18
12,37
358,163
287,109
257,138
296,123
443,163
483,88
452,51
146,24
255,115
383,14
300,127
445,12
437,163
280,98
176,147
88,85
257,131
319,16
346,158
255,120
55,79
481,43
452,73
485,15
179,22
436,50
395,165
362,16
17,32
257,132
481,44
321,16
340,155
236,20
315,18
448,12
47,28
162,108
367,165
392,14
288,111
18,56
189,161
428,49
214,171
14,52
306,136
309,141
457,12
225,169
486,16
413,165
464,131
166,123
161,22
253,93
456,161
186,22
433,12
465,70
158,99
56,26
461,146
49,77
267,18
469,50
121,24
489,23
293,117
332,16
214,20
143,24
239,20
459,159
204,169
42,28
192,22
304,133
489,24
144,24
253,111
297,123
171,139
426,68
475,74
461,51
27,63
86,85
162,112
91,26
479,110
209,171
10,44
452,12
474,49
278,95
282,18
378,14
253,104
255,147
197,22
252,151
197,167
67,26
360,16
401,165
428,12
253,97
272,91
421,59
298,125
335,16
428,163
198,167
476,74
209,20
138,24
302,129
234,20
437,12
234,167
481,83
373,165
216,171
53,77
168,131
478,47
426,49
108,24
366,165
374,165
252,20
474,10
477,111
442,51
278,96
481,84
450,51
273,93
255,142
293,18
258,20
461,70
407,14
490,29
223,171
172,142
463,132
231,168
38,71
16,54
164,118
440,12
434,163
382,14
330,16
467,70
253,148
435,49
21,30
481,102
362,163
382,166
204,20
242,163
283,18
246,159
348,16
481,14
408,165
325,149
425,12
48,75
375,165
472,49
475,12
336,155
12,48
419,14
264,87
447,51
491,29
473,71
455,51
294,119
463,147
32,66
477,115
154,22
138,95
12,47
34,28
290,114
471,49
318,145
321,147
395,14
306,18
473,72
255,117
132,93
25,61
136,24
228,169
300,129
463,152
427,68
487,38
477,76
315,145
235,166
207,20
83,26
376,16
12,38
257,137
77,83
424,49
483,91
66,81
160,22
255,114
359,16
14,32
431,72
71,81
225,20
154,24
250,20
280,99
443,74
262,87
176,148
411,165
257,130
458,72
59,26
346,159
255,123
274,93
474,72
423,49
192,163
124,24
452,74
485,14
436,51
165,22
130,24
402,14
479,12
45,28
102,87
467,131
328,16
309,18
14,50
489,35
191,163
281,101
444,74
339,155
162,109
202,20
206,169
461,159
18,57
455,12
171,22
82,26
462,70
196,22
14,53
306,137
381,14
346,16
399,14
292,116
457,51
155,97
465,51
196,165
471,125
221,171
289,111
127,91
220,20
253,92
292,115
425,67
261,18
48,28
265,87
200,167
250,155
141,24
109,89
56,27
461,145
469,49
424,163
139,95
489,22
425,68
457,142
304,134
50,77
178,22
292,18
406,14
64,81
467,12
489,31
253,110
423,163
248,157
357,16
69,81
15,53
152,24
34,68
162,113
479,105
462,51
10,45
456,72
211,171
263,87
231,20
253,103
255,146
244,161
26,28
443,12
47,75
266,88
429,49
387,14
375,16
128,24
20,30
445,51
253,96
272,92
421,58
103,87
457,161
94,85
459,133
462,146
274,18
229,169
301,129
181,22
457,72
481,82
282,101
435,74
255,128
168,132
451,74
344,16
56,79
153,97
172,144
35,69
96,85
116,24
120,91
323,149
327,16
313,143
385,167
205,169
278,97
357,163
11,45
218,20
54,77
394,14
451,51
290,111
37,28
187,22
98,26
223,170
118,89
172,143
403,165
222,171
370,16
479,77
82,83
139,24
107,89
16,55
436,74
164,119
475,49
318,18
356,161
422,60
447,12
469,127
74,26
277,18
253,147
39,71
166,128
481,101
382,167
361,163
476,47
355,16
119,91
67,81
473,125
20,57
481,13
463,149
484,14
430,70
127,24
164,22
40,28
48,76
133,24
137,93
229,20
194,22
12,49
308,18
418,165
427,49
466,12
491,28
473,70
373,16
463,146
32,67
348,159
477,114
154,23
79,83
286,108
290,115
185,159
370,165
483,85
247,20
469,10
380,14
398,14
255,116
463,155
477,75
177,151
439,51
257,136
483,90
255,125
184,157
260,18
428,70
232,20
14,33
435,12
57,79
144,95
290,18
36,69
325,16
280,100
391,165
176,149
468,51
51,77
257,129
417,14
255,122
192,164
368,16
409,165
343,16
473,49
436,163
256,20
420,165
467,130
254,147
438,74
242,20
484,41
466,131
14,51
489,34
53,28
26,62
470,127
162,106
202,21
461,158
31,65
427,163
292,117
29,28
196,166
90,26
475,121
301,18
469,70
163,113
131,24
23,30
285,105
74,82
329,151
166,121
425,49
194,165
253,91
371,16
425,66
450,74
155,22
66,26
180,22
56,28
441,51
442,163
461,144
338,16
449,51
149,24
117,89
245,20
489,21
421,14
266,87
286,18
147,95
457,141
475,119
119,24
304,135
32,28
447,74
140,95
433,163
489,30
253,109
129,93
421,55
397,14
458,12
101,26
323,16
34,69
10,42
251,153
253,102
380,165
334,153
190,162
266,89
162,22
218,171
276,18
459,143
243,161
248,20
434,12
181,155
77,26
191,22
341,16
487,17
169,135
352,161
272,93
421,57
298,123
446,51
454,51
202,168
457,160
322,148
215,20
23,59
251,151
180,153
114,24
43,28
481,81
63,81
29,65
168,133
93,85
227,169
172,145
409,14
96,86
258,18
468,10
173,22
249,157
486,39
287,18
203,169
385,14
371,165
479,76
462,12
121,91
156,97
336,16
317,18
481,99
475,48
147,24
115,89
356,162
368,165
245,161
473,123
210,20
