450,144
234,158
275,84
440,21
79,76
73,35
330,25
263,27
413,21
21,37
423,156
29,37
244,148
246,101
448,44
466,122
185,149
480,34
246,148
306,25
255,78
236,156
348,152
21,46
48,68
72,74
287,97
365,23
424,76
479,19
279,86
173,122
232,159
92,78
189,154
374,158
154,31
29,55
339,25
418,69
165,98
169,103
162,94
111,33
458,79
119,33
481,23
213,29
325,142
21,48
130,31
169,104
315,25
319,140
52,70
417,156
402,21
77,74
248,83
126,84
474,86
55,72
396,23
26,52
189,29
282,90
461,19
339,148
30,56
179,136
291,25
419,44
455,128
296,108
422,75
447,81
452,44
82,33
157,92
472,103
346,23
387,158
248,131
410,158
273,27
246,88
176,132
30,35
86,76
363,156
427,21
159,31
288,98
328,25
309,25
474,88
445,20
472,110
114,82
482,27
248,138
368,158
386,158
416,63
108,80
202,29
59,35
352,23
67,35
343,150
462,79
65,73
135,31
304,25
285,25
248,145
46,68
465,42
412,156
238,154
221,162
133,86
279,27
181,143
178,29
50,35
43,64
172,31
322,25
19,43
444,81
109,80
237,27
351,23
151,90
248,118
142,86
415,156
183,144
117,33
211,164
139,86
470,41
381,23
311,129
408,21
24,37
298,25
305,121
397,158
454,81
248,125
448,154
203,29
171,116
301,117
417,67
201,161
366,158
450,141
442,44
171,109
354,154
377,158
268,27
472,81
418,21
130,84
80,33
447,19
468,116
20,39
226,162
450,132
341,24
313,132
477,19
425,21
307,25
418,44
454,152
241,154
460,124
69,74
281,90
474,102
20,46
403,158
370,23
23,51
285,94
106,80
181,29
456,127
351,152
467,42
414,56
454,147
421,42
443,21
317,137
193,155
283,25
175,31
469,116
474,97
244,94
265,27
218,29
78,76
461,124
246,104
193,156
345,150
290,100
113,82
41,64
480,21
151,31
320,25
442,81
450,145
107,80
191,154
471,79
36,35
115,33
314,134
44,35
446,44
194,29
246,146
466,19
344,150
296,25
187,151
452,81
29,36
253,27
271,27
327,142
367,23
276,86
244,149
195,158
431,156
185,148
42,64
480,35
279,88
119,82
91,78
455,44
330,144
294,106
208,162
432,21
430,79
236,157
164,31
457,19
149,88
314,25
33,58
441,154
337,25
229,27
86,33
287,96
415,63
219,29
37,62
291,101
94,33
424,77
173,121
189,153
299,114
29,54
140,31
290,25
165,97
169,102
389,158
246,116
51,70
440,154
243,152
195,29
77,33
464,42
325,141
349,23
463,19
104,80
441,21
459,79
206,162
248,84
474,87
186,150
242,27
260,27
300,114
356,23
217,162
114,33
190,154
283,91
177,135
359,155
338,146
179,139
287,95
458,126
62,35
70,35
474,94
332,144
116,82
64,72
247,146
157,91
472,104
309,128
440,81
95,78
460,44
208,29
248,132
105,80
434,156
419,71
246,89
281,27
474,89
445,19
482,24
248,139
470,116
387,23
87,78
416,48
376,158
432,80
452,19
40,64
257,27
65,72
445,44
357,154
239,154
248,146
411,21
412,157
125,31
143,31
147,88
238,155
312,25
22,50
27,37
469,77
181,142
136,86
84,33
92,33
240,154
463,79
186,29
356,154
175,125
271,83
19,42
288,25
473,19
248,119
35,59
183,147
420,42
207,162
245,27
75,33
311,128
39,63
148,88
305,120
269,82
181,144
248,126
156,31
405,158
425,42
263,80
164,94
129,84
329,25
457,44
460,79
211,29
112,33
134,86
262,27
301,116
201,160
400,21
132,31
171,108
172,118
472,82
103,80
305,25
276,27
24,52
187,29
372,23
468,117
473,102
32,35
450,133
161,94
326,142
40,35
420,71
414,54
418,45
169,31
478,19
460,125
250,82
418,156
281,89
234,27
224,29
23,50
84,76
32,58
285,93
414,57
39,35
115,82
317,136
193,154
175,30
145,31
453,147
220,162
409,21
197,158
187,152
25,37
244,95
28,54
200,29
426,156
90,33
470,77
354,23
246,105
468,19
364,156
480,22
443,154
321,140
464,79
85,76
39,64
176,29
230,160
361,23
454,130
275,86
143,87
422,42
81,33
246,147
396,158
187,150
315,135
29,35
451,154
244,150
261,80
466,120
434,81
480,36
141,86
385,23
236,158
303,120
450,19
414,21
307,125
58,35
246,114
66,35
291,100
37,61
101,80
173,120
392,23
189,152
212,164
304,120
359,23
431,79
278,27
432,156
418,67
165,96
440,44
169,101
262,80
246,117
416,21
128,84
148,31
152,90
49,35
464,43
321,25
325,140
61,72
361,156
248,85
102,80
474,84
71,74
297,25
283,90
177,134
250,27
359,154
179,29
390,23
88,33
179,138
287,94
415,21
422,73
249,82
474,95
455,19
423,42
157,90
161,31
472,105
482,30
248,133
433,21
470,114
226,27
246,94
465,79
216,29
424,42
244,96
267,27
87,33
474,38
95,33
482,25
137,31
248,140
446,19
416,49
326,25
437,42
423,75
192,29
377,23
432,81
289,99
352,152
124,33
412,158
435,154
178,136
181,141
289,100
255,27
474,40
420,44
99,80
292,102
43,66
334,146
175,124
271,82
19,45
93,78
370,158
388,158
52,35
166,31
462,44
248,120
430,21
31,57
432,79
35,58
183,146
420,43
171,113
192,154
231,27
452,145
311,131
39,62
333,146
482,34
358,154
196,158
209,29
375,23
111,82
59,72
248,127
35,35
74,74
329,143
43,35
171,118
100,80
429,156
216,162
452,152
53,70
478,38
44,66
465,19
433,42
382,23
280,88
301,115
284,92
450,139
270,27
424,156
171,111
72,35
472,83
461,79
468,118
313,25
60,72
23,52
226,160
161,93
167,99
85,33
431,21
414,55
93,33
460,126
471,19
281,88
175,129
474,100
285,92
289,25
446,81
379,158
414,62
364,23
283,27
122,33
471,40
335,146
347,151
153,31
462,19
457,126
315,136
389,23
302,118
472,40
439,43
443,44
246,110
241,27
259,27
480,23
113,33
131,85
467,77
127,31
129,31
421,73
210,162
401,21
61,35
318,25
138,86
69,35
143,86
184,29
439,81
395,23
199,159
420,21
228,160
427,77
267,81
323,140
404,158
315,134
460,19
244,151
466,121
294,25
247,27
345,23
45,68
272,27
225,29
307,124
246,115
158,31
451,19
287,98
37,60
427,42
173,119
346,150
473,83
340,148
470,110
73,74
201,29
436,42
169,100
83,33
342,148
91,33
134,31
447,44
398,21
365,158
421,156
464,44
359,156
177,29
343,23
163,94
120,33
248,86
474,85
171,31
177,133
236,27
350,23
170,108
391,158
245,148
449,44
380,23
474,92
38,62
472,106
482,31
248,134
434,154
470,115
237,156
465,78
468,77
244,97
390,158
469,42
474,39
437,81
371,158
432,42
252,80
399,21
275,27
242,154
83,76
248,141
246,86
47,35
416,50
55,35
448,136
289,98
417,21
277,86
334,25
427,156
214,164
174,124
233,27
271,84
19,39
256,78
436,21
322,140
181,140
476,19
417,46
38,35
183,148
253,80
310,25
175,127
19,44
369,23
416,64
96,78
248,121
50,70
31,56
89,33
378,158
438,42
171,112
174,31
467,19
452,146
453,44
75,35
311,130
333,145
394,23
286,25
202,162
239,27
27,53
264,27
160,92
217,29
329,142
216,163
452,153
150,31
381,158
422,21
301,114
168,100
120,82
450,136
327,25
171,110
193,29
449,139
165,95
293,106
297,111
125,33
466,42
413,156
468,119
347,152
222,162
260,78
226,161
449,19
161,92
252,27
57,35
366,23
167,98
99,79
407,158
65,35
194,156
414,52
435,81
475,38
250,80
232,160
175,128
163,31
456,19
474,101
450,154
420,72
228,27
124,84
414,63
54,70
454,150
406,158
283,26
458,44
222,29
118,82
347,150
423,21
82,76
139,31
416,156
439,42
137,86
246,111
251,80
198,29
254,78
203,162
348,23
131,84
245,94
249,27
63,72
125,84
454,128
246,102
454,19
355,23
199,158
419,156
349,152
267,80
225,27
184,148
223,29
45,67
428,77
302,25
225,28
135,86
418,70
404,21
280,27
246,112
88,78
468,42
291,102
76,74
173,118
123,33
199,29
438,21
470,111
308,126
169,107
254,27
256,27
449,81
365,157
295,107
142,31
373,158
51,35
169,108
122,84
339,147
416,46
319,25
230,27
185,29
102,33
421,21
248,128
283,92
177,132
472,19
34,35
179,140
42,35
244,27
399,158
474,93
295,25
472,107
331,144
482,28
248,135
434,155
470,112
439,21
155,31
246,92
465,77
34,58
328,142
459,126
442,154
353,154
244,98
343,149
117,82
380,158
398,158
332,25
482,23
248,142
265,80
214,29
225,162
246,87
131,31
245,101
464,122
448,137
470,19
371,23
397,23
62,72
190,29
151,89
49,70
168,31
121,33
211,163
470,42
311,132
266,80
175,126
218,162
416,65
248,122
35,60
171,115
428,21
144,31
452,147
75,34
293,103
333,144
482,32
393,158
310,128
461,44
27,52
215,29
450,142
75,74
353,23
278,86
216,164
452,154
478,36
100,33
68,74
108,33
306,124
459,19
259,78
191,29
360,23
401,158
167,100
414,50
165,94
293,105
297,110
154,90
246,27
335,25
125,32
198,158
223,162
173,31
159,92
437,21
455,79
422,156
99,78
406,21
463,44
414,53
250,81
112,82
384,23
311,25
175,131
474,98
81,76
420,73
414,60
454,151
204,29
439,44
358,23
287,25
182,144
78,33
451,145
147,31
426,42
246,108
48,35
269,27
264,80
199,160
254,79
372,158
324,25
235,27
21,39
258,78
206,29
337,146
445,81
303,119
454,129
426,21
407,21
246,103
195,157
453,130
132,86
25,52
300,25
182,29
98,78
336,146
451,44
415,50
98,33
444,21
173,124
106,33
160,31
299,113
45,66
428,78
70,74
312,132
46,35
451,132
362,156
307,126
54,35
418,71
244,152
246,113
444,44
445,154
136,31
57,72
385,158
21,50
350,152
188,152
475,19
169,106
207,29
261,79
376,23
37,35
77,76
45,35
67,74
365,156
295,106
444,154
355,154
319,139
339,146
416,47
183,29
153,90
318,138
74,35
55,71
274,84
474,83
477,38
238,27
58,72
248,129
165,31
246,90
414,156
244,100
456,44
220,29
474,90
463,124
233,158
472,108
80,76
482,29
248,136
374,23
303,25
470,113
200,160
443,81
246,93
87,77
141,31
405,21
244,99
353,153
343,148
329,144
464,19
196,29
242,152
248,143
213,164
466,77
123,84
251,27
340,25
400,158
441,44
464,123
448,138
96,33
442,21
104,33
261,27
357,23
397,22
19,41
109,82
151,88
227,27
316,25
49,69
438,81
211,162
450,44
219,162
425,77
103,33
19,46
305,123
416,66
248,123
31,58
363,23
309,127
292,25
171,114
90,78
293,102
482,33
320,140
152,31
305,124
274,27
388,23
229,160
450,143
31,35
456,79
472,79
453,19
240,27
478,37
428,156
429,42
450,81
215,164
56,72
437,154
333,25
412,21
158,92
126,31
254,80
128,31
455,81
28,37
430,42
450,134
146,88
313,134
60,35
68,35
414,51
452,130
418,46
293,104
297,109
409,158
419,21
436,154
441,81
121,83
430,156
414,58
175,29
344,23
454,44
383,158
224,162
175,130
468,120
474,99
121,84
205,162
157,31
414,61
470,78
454,148
110,33
118,33
246,106
429,21
94,78
480,19
66,74
212,29
324,140
231,160
257,78
360,156
436,81
275,85
133,31
246,109
453,152
101,33
434,42
109,33
131,86
277,27
188,29
373,23
447,154
21,38
303,118
33,35
342,23
41,35
97,78
243,27
392,158
195,156
185,150
476,38
170,31
270,82
267,82
21,47
150,88
431,42
379,23
143,88
308,25
424,75
279,87
173,123
448,81
232,158
146,31
331,25
459,44
299,112
410,21
428,79
433,156
453,81
110,82
456,128
26,37
29,56
144,88
418,68
205,29
284,25
469,19
295,108
268,82
21,49
177,136
235,158
169,105
316,136
79,33
261,78
247,117
266,27
286,94
362,23
473,40
77,75
248,82
156,90
232,27
435,21
325,25
145,88
471,110
319,138
179,137
367,158
422,74
116,33
127,84
55,70
402,158
481,34
462,124
446,154
472,102
368,23
386,23
248,130
246,91
301,25
244,101
474,91
99,33
445,21
393,23
467,120
107,33
472,109
482,26
248,137
375,158
458,19
22,37
87,76
353,152
338,25
149,31
65,74
428,42
242,153
248,144
341,148
424,21
464,124
448,139
408,158
297,112
43,65
47,68
451,81
397,21
19,40
238,156
247,86
448,19
429,79
180,29
109,81
56,35
439,154
64,35
248,117
391,23
49,68
180,140
183,145
89,78
470,40
382,158
384,158
162,31
411,158
305,122
434,21
416,67
204,162
23,37
248,124
341,23
309,126
166,98
171,117
63,35
140,86
71,35
221,29
298,112
426,77
27,54
138,31
301,118
323,25
201,162
369,158
425,156
209,162
450,140
282,27
378,23
452,132
472,80
197,29
347,23
227,160
248,27
455,80
299,25
450,135
341,25
457,79
313,133
449,136
452,131
272,84
258,27
97,33
297,108
155,90
105,33
395,158
175,132
121,82
53,35
456,126
167,31
336,25
317,25
414,59
36,60
317,138
394,158
474,96
438,154
210,29
435,42
474,19
403,21
449,154
470,79
273,84
454,149
293,25
246,107
465,122
433,81
420,156
76,33
480,20
479,36
383,23
