139,16
181,153
132,263
191,189
47,152
40,173
9,84
18,121
109,184
136,279
177,137
178,142
207,259
15,74
94,157
169,106
152,46
182,307
206,300
153,47
125,239
44,169
172,118
185,170
67,175
203,240
208,261
183,159
106,170
8,107
133,268
207,222
171,310
44,56
184,163
113,195
22,65
174,124
204,244
8,87
103,161
158,67
200,302
14,77
122,226
64,177
140,18
168,105
141,295
29,130
145,309
204,210
141,19
79,47
153,48
30,58
92,158
196,198
162,82
216,294
19,122
48,163
202,237
111,188
139,288
149,36
193,192
165,90
213,297
45,147
87,44
106,26
164,312
41,179
119,216
98,36
5,93
6,101
120,9
113,196
23,126
137,282
146,311
36,134
48,159
200,205
185,306
205,225
37,135
205,251
138,15
206,251
126,5
11,114
123,233
205,213
209,265
121,223
214,285
191,304
210,270
119,20
179,143
126,241
162,313
34,133
115,203
142,299
38,135
111,24
41,180
81,166
157,61
6,92
82,165
95,37
151,43
102,160
128,248
173,122
45,166
121,13
5,96
183,161
116,205
194,304
101,159
158,314
47,183
143,21
55,183
121,224
215,295
182,157
88,43
112,24
57,182
20,122
58,181
133,9
180,151
203,231
215,290
124,234
152,315
163,84
37,56
48,183
26,127
150,37
185,167
164,88
43,56
76,170
189,185
134,270
80,166
104,163
9,110
40,137
12,114
90,159
123,231
17,121
131,262
129,253
144,307
22,63
193,193
47,154
40,175
109,182
201,301
23,62
116,23
178,140
155,315
58,55
117,22
120,219
177,308
207,299
167,101
187,305
125,237
160,73
104,27
185,168
143,304
92,38
203,242
208,263
105,26
186,175
163,312
8,109
133,266
207,216
212,277
184,165
71,50
10,111
187,176
48,154
122,6
195,196
204,246
103,163
158,65
205,300
168,311
132,264
47,163
127,5
10,83
169,310
127,248
166,311
14,117
113,23
131,7
157,314
167,98
162,80
154,53
188,305
202,235
155,56
61,180
134,10
86,47
110,24
111,190
67,53
149,34
45,145
87,46
97,37
140,293
101,160
87,161
6,91
72,49
120,11
114,200
119,218
137,280
206,215
215,289
107,176
138,287
76,47
117,212
24,61
190,186
215,287
214,286
10,112
138,13
187,175
21,66
175,128
193,304
205,249
147,313
130,259
194,195
205,211
55,184
179,308
47,150
33,57
84,163
176,132
210,268
179,145
85,162
197,199
31,58
89,39
61,54
161,79
69,175
79,167
36,56
115,205
156,58
124,237
171,114
94,38
82,163
120,18
128,250
173,120
193,194
206,222
213,282
98,158
146,26
112,193
183,163
18,70
204,228
212,275
116,207
211,298
7,104
124,6
195,303
131,259
206,213
211,272
18,122
60,181
129,5
110,187
34,57
44,144
127,244
176,308
89,40
40,176
152,43
155,54
207,300
147,28
15,119
163,86
148,31
144,23
62,54
164,90
189,183
207,221
214,296
107,174
67,176
100,34
77,169
107,25
104,165
172,310
204,227
183,307
199,302
45,183
159,72
75,171
161,313
30,130
204,300
16,119
159,314
108,177
144,309
56,55
28,128
47,164
168,102
100,159
109,180
43,140
141,298
53,184
125,241
44,143
198,201
65,54
120,221
176,136
91,39
160,75
48,160
104,29
212,297
143,306
216,291
202,238
203,244
186,173
165,93
207,218
208,299
212,279
118,215
184,167
6,102
146,312
187,178
16,72
23,125
108,25
105,169
19,69
48,156
121,7
188,181
192,304
174,128
132,266
11,113
154,315
27,59
102,31
170,111
103,30
208,218
126,242
154,51
202,233
41,173
150,315
63,178
42,170
149,32
156,61
21,124
140,295
149,315
74,47
215,291
114,198
69,53
42,180
49,55
62,179
192,190
121,8
20,68
117,210
134,272
137,12
5,99
138,285
214,284
135,277
205,247
206,255
175,130
191,188
159,68
46,56
130,257
28,59
46,149
194,303
199,203
13,116
29,58
79,48
59,54
118,21
182,158
176,134
88,40
42,139
179,147
13,78
161,77
170,112
58,182
180,148
43,182
171,116
163,83
22,125
135,10
150,38
32,131
143,302
213,280
128,252
17,72
201,206
121,17
20,67
74,48
166,95
135,274
82,48
7,106
142,20
125,5
148,315
131,261
52,55
108,180
181,154
132,262
112,191
47,153
177,138
9,85
110,185
136,278
200,301
207,256
15,75
127,246
169,107
152,45
40,178
85,48
180,147
178,308
66,177
35,133
44,168
147,30
172,117
185,171
203,241
208,260
106,173
196,303
133,269
202,207
70,52
197,302
70,173
101,33
96,157
22,64
105,166
116,208
173,309
174,127
195,195
8,86
158,66
99,158
108,179
14,76
122,229
168,104
140,17
10,84
43,142
141,296
145,310
204,209
170,310
120,223
14,118
11,80
169,108
25,126
153,49
92,157
196,197
44,167
209,299
216,293
48,162
202,236
148,32
42,56
111,189
96,37
139,289
186,171
165,91
162,79
86,161
87,45
48,184
118,213
119,217
5,94
6,100
113,197
137,283
74,171
16,74
184,306
136,12
36,133
48,158
102,33
188,183
7,88
200,204
202,208
214,283
138,14
31,130
56,183
139,15
46,55
54,55
32,57
209,266
170,109
180,308
41,137
208,220
119,21
31,57
162,312
210,299
34,132
171,113
142,298
157,62
151,40
39,135
82,164
173,123
137,284
73,48
45,167
121,14
145,24
117,208
190,305
5,97
81,48
25,60
206,253
159,70
26,59
142,19
211,271
128,5
121,225
180,307
12,80
182,156
88,42
84,48
72,173
180,150
203,228
155,53
166,97
124,233
147,27
142,301
163,85
172,120
150,36
153,315
97,157
99,36
76,169
189,186
107,173
70,51
203,208
6,104
9,111
160,313
71,173
40,136
90,158
159,313
129,254
144,306
181,152
14,75
40,174
12,79
109,183
136,280
23,63
116,22
93,157
177,136
178,143
202,301
58,54
198,202
169,105
152,47
207,258
66,54
79,168
125,238
41,56
88,160
160,72
172,119
185,169
143,305
203,243
208,262
105,27
106,171
186,174
8,108
17,71
133,267
207,217
212,276
184,164
113,194
71,51
187,177
174,125
195,197
204,245
8,88
158,64
46,165
130,255
122,227
64,178
204,211
10,82
169,311
29,129
78,47
141,18
156,314
11,82
103,29
167,311
114,23
167,99
132,7
196,199
162,83
154,52
202,234
203,232
155,57
111,191
139,291
86,46
149,35
213,296
140,292
45,146
150,40
205,226
214,295
68,53
41,178
119,219
6,90
39,136
120,10
137,281
206,214
205,224
215,294
80,48
121,11
107,177
7,90
109,24
37,134
138,286
139,287
77,47
205,250
175,129
130,258
123,232
194,194
205,212
16,120
46,150
209,264
192,192
47,151
118,22
83,48
84,162
182,155
210,271
42,140
60,54
43,181
90,39
115,202
124,236
156,57
44,182
171,115
140,291
81,165
6,93
151,42
128,249
173,121
102,161
213,283
39,56
121,12
190,188
112,192
183,160
135,273
46,183
116,206
7,105
124,5
12,116
143,20
211,273
60,180
129,6
110,186
127,245
78,168
20,123
133,8
203,301
24,126
43,170
40,56
155,55
203,230
124,235
147,29
163,87
148,30
144,22
164,89
189,184
145,23
174,309
107,175
134,271
80,167
70,174
104,164
9,109
172,309
198,302
204,226
211,274
89,159
12,115
123,230
17,120
129,252
144,308
115,23
191,190
47,165
122,230
100,158
109,181
43,141
57,55
64,54
168,101
178,141
155,314
44,142
198,200
120,220
167,100
160,74
104,28
186,172
93,38
165,94
95,157
212,278
118,214
184,166
213,279
187,179
108,24
105,170
48,155
188,180
122,7
204,247
103,162
132,265
65,177
112,23
170,110
103,31
91,158
131,6
162,81
154,50
202,232
35,57
85,47
61,179
63,179
149,33
156,60
140,294
97,36
106,25
87,160
38,56
72,50
114,201
215,288
75,47
214,287
121,9
138,284
117,211
27,128
24,62
5,100
50,55
137,13
188,179
10,113
52,184
190,187
21,65
175,131
159,69
205,248
26,60
206,254
130,256
206,224
28,58
46,148
13,117
210,269
176,133
42,138
132,8
85,161
68,175
13,79
161,78
126,244
179,144
69,174
73,171
36,57
83,163
115,204
156,59
166,98
22,124
135,11
142,302
143,303
213,281
120,19
128,251
206,223
99,35
207,215
121,18
20,66
175,309
146,27
112,194
183,162
166,94
18,71
135,275
7,107
148,314
143,22
211,275
59,181
181,155
209,263
53,55
9,86
110,184
136,277
177,139
207,257
44,145
127,247
166,312
152,44
40,177
176,309
73,172
66,176
15,118
172,116
208,259
106,172
33,132
207,220
63,54
202,206
197,303
100,35
77,168
134,269
104,166
101,34
183,306
105,167
45,182
75,170
174,126
204,301
50,184
46,166
108,178
28,129
122,228
168,103
140,16
145,311
141,297
178,139
125,240
197,200
120,222
169,109
11,81
25,127
153,50
187,306
91,38
160,76
48,161
212,298
216,292
41,171
202,239
165,92
118,212
5,95
6,103
113,198
45,56
146,313
16,73
26,128
136,11
105,168
19,68
48,157
102,32
7,89
51,184
157,64
188,182
200,203
175,132
31,131
56,182
158,68
88,159
47,55
46,147
181,151
209,267
55,55
41,138
208,219
126,243
41,172
210,298
111,187
134,9
115,201
42,171
189,305
67,54
21,123
87,43
202,240
157,63
119,215
48,55
151,41
114,199
165,312
69,52
42,181
164,87
73,49
145,25
121,15
173,124
117,209
134,273
151,315
5,98
192,191
190,304
186,306
135,276
25,61
139,290
206,252
159,71
147,314
199,202
121,226
182,159
210,267
176,135
181,307
88,41
119,19
179,146
130,6
13,77
54,184
72,172
161,76
170,113
180,149
43,169
203,229
166,96
142,300
150,39
94,37
32,132
201,205
121,16
98,157
203,209
146,25
18,69
207,255
123,6
49,184
51,55
131,260
129,255
