25,217
133,344
140,113
126,350
398,483
298,95
35,234
180,95
95,283
356,312
342,255
328,207
382,390
19,200
93,358
21,180
39,238
368,358
249,24
272,33
280,556
291,601
401,454
346,273
384,393
89,351
287,580
92,119
55,125
382,393
372,604
249,33
105,319
418,558
73,262
25,171
243,425
105,117
213,321
88,272
415,592
378,384
236,51
219,336
202,312
328,617
349,610
99,294
278,550
233,390
360,325
108,117
239,408
402,492
404,504
267,509
97,288
260,20
225,363
245,45
49,133
368,606
205,314
298,620
25,172
63,123
390,404
158,325
145,109
169,103
223,353
340,248
178,312
211,320
90,345
287,586
21,207
39,149
260,19
225,364
423,577
103,327
285,53
271,523
312,141
352,292
27,169
257,474
422,572
260,484
361,331
406,510
416,590
76,262
94,360
299,97
304,116
357,315
397,415
271,528
312,148
385,600
336,234
375,604
323,618
286,55
125,117
348,610
311,622
348,276
229,55
283,572
130,348
150,332
189,308
279,552
173,101
177,98
378,383
398,597
21,209
300,104
211,319
267,516
91,277
399,596
418,562
27,167
246,41
320,171
335,614
251,453
179,96
396,413
184,85
348,275
424,580
261,484
316,159
138,113
283,565
89,275
296,83
277,548
81,121
412,537
344,266
190,308
300,103
51,133
198,308
181,95
326,194
152,331
206,73
245,434
338,244
410,594
398,464
424,587
370,366
297,617
320,620
322,182
89,276
217,335
342,614
296,90
100,298
209,69
409,523
213,64
93,341
285,580
326,197
128,348
408,594
338,239
358,319
253,459
344,612
146,336
398,475
93,119
388,600
262,492
322,177
31,161
324,189
234,392
217,336
342,259
402,450
95,339
248,442
106,117
359,608
362,337
400,489
399,419
112,360
320,176
415,547
398,418
89,358
295,613
404,425
318,164
176,312
144,337
235,400
293,607
53,127
247,441
87,272
414,544
310,140
402,421
369,606
404,449
316,163
407,515
179,310
287,57
163,103
218,336
420,564
295,610
43,144
207,315
264,24
392,408
235,393
330,210
97,360
386,397
268,28
363,339
200,79
218,57
400,487
57,125
112,358
247,438
290,64
255,470
310,135
366,352
204,75
422,589
227,369
247,39
194,81
380,388
420,563
404,447
315,620
354,299
281,556
406,431
288,586
235,398
27,224
410,526
268,27
308,130
280,46
334,225
308,622
306,123
380,387
40,147
223,55
43,142
104,325
103,311
364,340
275,540
98,360
408,518
411,531
358,323
273,534
408,437
219,56
384,600
153,103
269,521
93,282
294,78
387,399
61,252
105,322
74,121
237,400
330,207
331,215
364,339
24,216
365,347
47,243
302,105
356,610
410,528
396,470
400,460
258,19
79,121
136,342
392,598
414,540
185,308
239,50
276,40
172,316
193,308
288,59
270,522
19,189
37,235
221,350
368,361
334,615
406,432
263,499
186,83
84,268
357,608
160,323
55,249
59,250
95,285
172,315
227,365
409,594
265,501
87,119
328,201
19,194
183,85
241,419
63,254
249,22
393,409
25,216
101,333
212,320
319,620
291,595
398,480
400,596
298,92
103,117
95,282
356,313
215,59
416,547
382,391
19,203
241,420
21,179
368,359
244,428
339,614
249,31
272,34
127,348
291,600
164,103
216,57
384,394
402,498
89,350
287,583
329,207
147,336
66,256
249,32
105,318
418,559
73,261
243,424
213,320
378,385
197,81
145,107
219,339
328,618
96,337
99,297
233,389
360,326
35,155
40,238
239,411
402,493
404,505
267,508
260,21
225,362
245,44
103,329
271,525
205,313
390,405
145,108
96,360
223,352
259,484
403,596
422,570
29,167
340,249
380,602
148,336
21,206
39,148
203,77
103,326
271,522
312,142
313,622
352,293
27,168
154,103
250,19
394,412
72,121
348,612
257,473
422,573
314,154
170,103
266,25
129,348
203,312
406,511
416,591
242,420
304,117
312,149
336,235
245,431
101,362
174,101
231,385
125,116
348,611
348,277
206,314
229,54
191,308
330,616
150,333
279,555
212,65
177,97
21,208
300,105
211,318
91,276
418,563
292,72
383,393
320,172
251,452
87,271
396,414
398,462
424,581
223,351
297,615
134,115
283,564
89,274
296,84
277,547
412,538
344,267
51,132
181,94
326,195
221,55
152,332
245,433
337,237
338,245
397,598
398,465
424,588
370,367
261,492
297,616
322,183
234,53
217,334
296,91
95,341
255,19
103,362
285,579
358,316
253,458
403,450
195,81
31,160
158,103
324,190
342,256
182,308
402,451
95,338
210,69
104,362
306,624
48,135
400,490
238,51
320,177
398,419
310,138
125,350
89,357
274,36
295,612
404,426
318,165
176,313
144,338
293,606
243,45
247,440
414,545
290,70
143,109
199,309
310,141
382,602
366,350
404,450
247,41
420,565
370,606
78,264
207,314
264,25
392,409
215,330
235,392
127,115
330,211
101,303
229,378
268,29
308,132
54,127
381,602
112,359
371,604
52,129
290,65
255,465
366,353
227,368
31,159
380,389
281,563
230,53
70,121
405,594
410,527
379,602
362,331
308,131
201,79
58,125
280,47
214,61
205,75
123,117
306,120
281,564
103,310
235,51
270,29
237,406
364,341
187,308
408,519
171,101
376,379
391,600
358,320
396,472
273,533
132,344
298,96
408,438
335,229
102,304
156,326
54,248
384,601
262,21
264,500
269,520
19,183
93,281
294,79
406,446
105,321
329,616
332,216
45,242
211,67
47,242
302,110
410,529
396,471
400,461
297,91
136,343
392,599
31,229
414,541
276,41
259,19
356,308
288,60
19,188
37,234
221,349
41,239
368,362
406,433
263,498
313,149
332,215
404,594
299,621
50,246
231,53
52,246
88,119
160,324
142,340
346,269
55,248
95,284
227,364
265,500
356,307
215,61
328,202
19,197
241,418
249,21
69,258
94,282
23,177
44,141
101,332
104,117
126,348
291,594
398,481
298,93
339,245
60,252
404,500
356,314
215,58
342,253
416,548
19,202
249,30
374,375
412,592
272,35
400,419
347,275
47,137
144,109
240,49
233,387
378,604
384,395
239,413
402,499
404,499
64,254
266,508
89,349
287,582
55,127
249,39
105,317
418,556
73,260
149,103
352,296
170,316
243,427
27,221
390,403
197,80
253,19
181,310
307,125
219,338
165,103
99,296
233,388
360,327
35,154
402,596
239,410
419,590
404,506
231,379
267,511
114,358
225,361
245,43
121,117
103,328
289,63
271,524
205,312
250,450
124,117
422,571
223,355
29,166
85,270
340,250
178,310
174,314
203,76
21,205
39,151
224,55
64,123
302,624
312,143
310,622
149,105
352,294
23,213
27,171
394,413
256,470
257,472
403,425
314,155
371,371
334,222
283,569
341,253
406,508
413,539
80,264
119,354
304,118
267,513
336,236
245,430
231,384
286,53
125,115
53,129
348,278
229,53
130,346
279,554
344,261
217,57
282,48
89,119
418,560
292,73
372,372
320,173
69,121
87,270
251,455
398,463
396,415
424,582
223,350
316,620
297,614
353,299
283,567
89,273
296,85
187,83
276,542
277,546
267,27
412,539
344,268
362,608
300,97
181,93
183,308
207,71
261,21
245,432
338,242
410,592
372,371
370,364
99,333
261,491
322,180
289,591
217,333
342,612
95,340
367,355
350,290
213,63
285,578
311,141
153,330
338,237
358,317
253,457
341,614
31,163
324,191
89,355
342,257
182,309
404,428
82,121
318,163
257,19
229,375
175,314
400,491
32,230
33,232
254,464
398,416
310,139
402,424
319,171
122,117
159,103
89,356
345,612
274,37
404,427
207,316
318,170
102,119
176,314
325,193
146,107
293,605
45,141
29,228
199,308
290,71
147,105
366,351
279,43
247,40
289,594
420,566
354,302
83,267
215,325
90,276
235,395
330,208
101,302
229,377
308,133
34,232
53,247
255,464
310,133
99,361
227,371
68,258
294,82
406,429
281,562
103,312
275,537
350,286
410,524
273,531
201,78
78,121
156,328
95,288
205,74
67,121
104,312
306,121
136,115
103,305
237,405
275,542
364,342
408,520
249,447
47,244
122,352
358,321
285,575
360,608
396,473
273,532
376,380
132,345
298,97
408,439
190,83
156,327
414,539
384,602
373,604
321,177
269,519
93,280
263,500
105,320
325,618
180,310
350,610
332,217
294,608
404,596
388,400
172,101
45,241
135,115
211,66
49,246
302,111
51,246
400,462
136,344
392,600
31,228
142,338
356,309
288,61
19,191
221,348
314,622
41,238
368,363
354,306
249,19
232,53
263,493
160,103
374,378
404,595
80,121
299,620
265,25
123,352
34,157
269,29
59,252
95,287
227,367
265,507
284,49
215,60
328,203
19,196
183,87
241,417
249,20
381,389
23,176
101,331
196,81
126,349
291,597
103,119
33,159
161,322
239,407
404,501
265,508
356,315
197,308
89,347
416,549
382,389
386,600
249,29
105,315
400,420
243,421
228,55
47,136
291,602
399,485
233,386
340,245
384,396
239,412
402,496
231,381
89,348
55,126
20,204
59,123
186,308
423,588
192,83
249,38
194,308
105,316
86,270
395,413
418,557
352,297
351,291
243,426
27,220
219,341
223,357
259,481
314,150
340,252
360,328
35,157
254,19
402,491
404,507
231,378
267,510
420,590
383,602
277,41
225,360
245,42
271,527
195,308
308,125
111,360
223,354
137,115
120,352
29,165
85,269
340,251
178,311
56,125
142,111
270,32
21,204
39,150
282,47
304,112
312,144
149,104
352,295
23,212
27,170
394,410
251,456
348,280
314,152
334,223
283,568
113,117
277,543
333,616
154,330
155,328
279,556
406,509
216,330
71,259
65,123
393,598
304,119
267,512
309,133
278,42
336,237
245,429
53,128
348,279
258,478
121,352
130,347
241,49
355,610
337,614
344,262
282,49
51,129
396,598
91,278
418,561
292,74
372,373
320,174
67,257
251,454
252,456
424,583
370,370
283,566
89,272
217,331
77,121
296,86
277,545
367,606
385,397
412,532
344,269
300,98
90,119
181,92
326,193
293,77
338,243
410,593
358,315
141,340
253,463
370,365
261,490
322,181
289,590
217,332
342,613
402,454
65,256
178,97
324,192
412,531
350,291
213,62
285,577
110,117
116,356
253,456
398,478
222,55
100,333
31,162
89,354
349,283
404,429
336,614
376,604
306,622
229,374
81,266
398,417
310,136
402,425
168,316
359,323
366,606
295,614
318,171
293,604
330,214
45,140
74,262
401,491
421,590
243,47
117,356
355,307
247,442
29,227
286,580
143,111
290,68
366,348
289,593
420,567
131,115
370,604
354,303
83,266
138,342
215,324
235,394
330,209
242,47
331,616
209,318
101,301
229,376
362,334
364,606
114,117
131,346
247,435
53,246
255,467
166,320
422,576
208,316
99,360
226,55
227,370
119,117
124,352
305,119
294,83
281,561
401,596
201,311
275,536
364,344
350,287
23,175
351,610
410,525
273,530
201,77
113,358
408,433
334,228
36,153
276,37
205,73
115,356
389,403
103,304
340,614
162,322
235,53
201,312
75,121
237,404
364,343
408,521
171,103
249,446
232,386
376,381
285,574
396,474
91,345
400,456
132,346
408,440
30,228
53,248
96,288
407,433
269,518
19,185
93,279
294,77
406,444
332,218
388,401
45,240
211,69
49,245
177,312
302,108
142,339
128,115
356,310
288,62
416,552
19,190
183,89
221,347
406,514
354,307
263,492
374,379
333,221
28,167
303,111
91,343
400,454
35,233
70,258
55,250
95,286
227,366
265,506
284,50
328,204
19,199
183,86
21,183
39,237
241,416
368,355
369,363
249,27
161,103
23,179
101,330
291,596
56,250
188,308
298,91
103,118
305,624
33,158
346,274
239,406
404,502
89,346
416,550
19,204
120,117
263,23
249,28
391,407
105,314
400,421
243,420
26,220
47,139
213,324
99,293
353,610
340,246
106,362
378,602
384,397
402,497
231,380
238,406
97,291
117,117
249,37
352,298
25,175
27,223
158,326
343,612
324,618
219,340
223,356
259,480
99,298
314,151
340,253
360,329
35,156
365,606
65,255
287,585
202,77
220,55
114,356
97,292
118,356
245,41
193,83
271,526
30,163
233,53
308,126
422,569
317,163
137,114
120,353
29,164
85,268
405,507
406,507
270,33
304,113
312,145
23,215
68,121
394,411
257,478
352,610
314,153
348,281
283,571
277,542
71,258
398,598
21,212
191,83
85,119
267,515
307,622
129,115
292,76
278,43
245,428
231,386
257,471
424,577
261,487
316,156
389,600
414,592
327,618
237,51
241,48
41,147
344,263
97,335
246,434
300,100
304,111
418,590
292,75
336,229
372,374
320,175
67,256
175,99
50,133
424,584
370,371
316,155
379,387
162,103
217,330
296,87
277,544
135,344
301,624
412,533
141,113
416,592
300,99
85,121
181,91
326,198
155,103
338,240
253,462
398,468
399,462
99,335
261,489
322,178
289,589
241,415
167,318
406,594
324,193
350,288
213,61
285,576
362,338
77,264
398,479
324,185
89,353
236,400
188,83
304,624
306,623
326,618
229,373
92,358
184,308
81,265
192,308
310,137
402,422
168,317
316,160
274,35
295,609
137,342
318,168
105,362
214,324
293,603
330,215
386,398
45,139
364,608
243,46
283,49
29,226
247,437
33,231
143,110
255,469
199,310
147,107
290,69
422,590
366,349
289,592
41,240
370,605
354,300
281,559
249,450
215,327
235,397
166,103
42,145
209,317
101,300
46,242
362,335
345,269
273,536
364,607
280,43
334,226
247,434
255,466
422,577
306,124
294,80
43,141
387,600
281,560
201,310
275,539
364,345
350,284
408,515
273,529
408,434
334,229
148,105
276,38
228,372
66,123
67,123
413,592
306,119
42,240
406,442
103,307
235,52
237,403
185,85
332,220
408,522
171,102
249,445
376,382
139,113
302,106
285,573
396,475
91,344
400,457
408,441
83,121
239,49
248,39
269,517
19,184
93,278
406,445
62,254
156,103
252,19
108,360
332,219
99,119
388,402
211,68
49,244
302,109
157,326
31,230
356,311
284,52
288,63
416,553
19,193
37,151
183,88
221,346
314,620
43,240
406,515
354,304
263,495
374,376
25,219
79,264
134,344
299,622
390,600
400,455
189,83
35,232
38,151
265,505
284,51
328,205
19,198
93,360
21,182
39,236
368,356
249,26
109,360
23,178
25,220
208,71
101,329
102,329
291,599
92,343
398,484
338,614
33,157
346,275
110,360
75,262
404,503
89,345
416,551
37,153
44,240
249,35
105,313
243,423
388,399
47,138
213,323
378,386
99,292
340,247
360,323
378,603
239,414
402,494
231,383
148,334
96,119
59,125
97,290
118,354
249,36
49,135
418,555
224,358
352,299
25,174
243,428
27,222
390,406
219,343
259,483
284,572
360,330
363,608
112,117
65,254
287,584
114,357
193,82
411,592
103,325
268,516
318,620
159,324
308,127
166,318
422,574
137,113
120,354
29,163
266,26
109,117
71,260
60,123
225,359
304,114
312,146
23,214
336,232
197,79
257,477
348,282
334,221
283,570
140,340
256,19
76,121
150,334
154,328
21,211
267,514
292,77
150,103
175,101
286,56
251,451
401,421
257,470
424,578
261,486
316,157
322,618
41,146
277,550
279,551
407,594
344,264
274,536
300,101
51,131
336,230
372,375
398,466
424,585
259,479
421,569
297,619
370,368
320,618
322,184
289,587
164,320
296,88
95,360
209,71
301,623
358,608
141,112
412,534
93,343
98,335
85,120
181,90
326,199
338,241
253,461
370,363
405,429
99,334
261,488
297,620
322,179
124,350
289,588
200,310
241,414
402,452
95,337
22,212
350,289
101,304
362,339
91,358
271,33
77,263
207,73
398,476
97,119
324,186
89,352
342,260
165,320
318,166
361,608
323,185
97,337
229,372
115,117
81,264
414,546
92,278
366,347
168,318
402,423
316,161
374,604
295,608
318,169
215,329
293,602
330,212
386,399
400,485
171,316
247,436
29,225
33,230
290,66
255,468
147,106
366,354
61,123
62,123
354,301
83,268
138,340
249,449
281,558
215,326
198,79
235,396
209,316
101,299
362,332
308,128
280,44
151,332
334,227
99,362
227,372
306,125
420,568
294,81
151,103
46,139
103,309
270,30
364,346
275,538
185,83
167,103
350,285
408,516
249,443
410,523
32,159
273,528
332,616
408,435
57,250
312,622
276,39
407,442
262,22
301,105
67,122
72,260
309,622
36,234
132,115
61,254
227,55
406,443
103,306
162,320
237,402
185,84
332,221
408,523
249,444
356,608
302,107
410,530
285,572
396,468
376,383
400,458
408,442
414,542
291,71
244,45
100,362
288,57
269,516
19,187
204,312
295,83
263,497
321,618
105,325
108,361
388,403
176,99
397,475
210,318
179,95
346,270
58,250
265,503
284,53
416,554
328,199
19,192
38,236
221,345
314,621
334,616
406,512
354,305
263,494
157,103
374,377
163,320
25,218
100,119
47,135
397,468
398,482
298,94
417,590
281,47
265,504
215,57
342,254
91,119
328,206
19,201
93,359
21,181
368,357
116,117
249,25
346,612
293,608
291,598
398,485
219,344
346,272
287,581
382,392
37,152
26,171
48,244
249,34
375,379
105,312
20,183
315,155
243,422
213,322
378,387
219,337
328,616
99,295
233,391
360,324
107,362
35,153
398,415
239,409
402,495
231,382
148,335
59,124
97,289
118,355
49,134
25,173
390,407
158,324
219,342
220,344
223,358
259,482
314,149
233,392
360,331
203,75
173,314
193,81
352,291
23,216
240,414
257,475
166,319
422,575
133,115
317,620
139,340
266,27
149,334
39,147
225,358
226,364
304,115
292,71
312,147
336,233
102,362
394,409
286,54
273,35
257,476
348,283
377,604
154,329
279,553
177,99
398,596
21,210
84,121
22,179
278,41
175,100
286,57
179,97
251,450
73,121
424,579
261,485
316,158
41,145
277,549
279,550
101,119
412,536
344,265
94,341
300,102
51,130
143,338
98,292
152,330
336,231
67,258
290,63
398,467
94,119
424,586
259,478
370,369
297,618
320,619
322,185
289,586
241,47
296,89
209,70
301,622
213,65
412,535
141,111
93,342
181,89
182,89
326,196
130,115
225,55
338,238
373,375
358,318
253,460
124,351
324,188
342,258
182,310
290,594
402,453
126,115
362,336
400,488
327,199
275,37
77,262
207,72
28,224
398,477
251,19
324,187
342,261
347,612
318,167
144,336
97,336
414,547
404,448
98,119
316,162
405,446
90,358
295,611
43,145
282,564
264,23
300,622
392,407
215,328
330,213
230,378
400,486
247,439
29,224
290,67
310,134
366,355
422,588
118,117
404,446
406,430
281,557
249,448
138,341
107,117
235,399
145,336
350,283
101,298
362,333
308,129
280,45
334,224
196,308
303,624
394,598
253,464
152,103
306,122
420,569
419,563
168,103
43,143
103,308
343,261
270,31
199,79
364,347
275,541
408,517
249,442
358,322
273,535
408,436
219,57
262,23
417,555
269,522
61,253
105,323
162,321
71,121
237,401
95,119
354,610
211,65
356,609
410,531
396,469
400,459
272,528
414,543
239,51
82,266
86,119
288,58
19,186
37,236
111,117
368,360
24,175
169,316
334,614
263,496
105,324
108,362
377,383
292,602
160,322
346,271
219,55
59,251
403,499
172,314
265,502
395,598
416,555
328,200
19,195
221,344
222,350
296,614
406,513
249,23
