38,275
36,231
56,51
55,5
7,250
59,78
34,191
66,31
73,72
49,116
35,190
28,162
72,92
23,173
67,36
45,128
32,155
46,127
28,209
51,112
49,32
6,245
70,53
18,199
28,207
53,106
54,104
60,123
48,152
12,259
55,100
21,180
58,65
68,264
48,119
70,94
32,273
39,275
59,71
32,198
57,59
66,22
54,138
65,11
43,167
47,22
72,67
31,200
45,249
46,249
68,46
47,124
39,179
69,47
6,236
62,6
63,7
5,240
17,202
57,90
22,178
66,259
52,6
41,275
7,232
24,170
43,134
71,93
26,219
53,277
58,59
34,274
55,49
63,114
41,136
66,11
54,46
56,132
67,18
19,266
42,169
40,237
52,277
69,50
6,249
40,243
29,227
71,60
14,214
16,209
10,222
19,188
17,265
41,276
62,117
22,175
47,157
53,42
59,75
73,69
23,269
10,258
11,222
72,87
72,61
57,130
35,231
56,96
6,240
38,144
18,202
59,253
61,275
58,90
36,146
65,109
48,28
67,264
61,118
26,164
18,265
54,6
66,271
56,53
40,175
66,29
44,276
59,276
26,215
46,18
34,151
29,161
23,175
67,38
69,97
46,125
39,180
33,152
52,108
6,235
58,128
18,197
51,145
53,104
64,112
48,154
16,207
8,252
68,266
36,232
68,100
51,36
57,57
66,20
52,39
44,132
50,115
26,222
58,62
46,21
54,136
65,9
66,14
47,16
31,202
57,5
52,107
35,149
36,186
10,225
29,206
57,253
8,227
48,10
51,7
58,86
22,176
14,262
68,99
24,172
43,248
53,140
25,169
29,272
44,131
26,217
55,51
67,14
47,25
72,76
13,217
65,272
56,134
67,20
11,219
46,276
40,239
26,270
22,269
69,48
27,271
40,245
67,102
14,212
19,190
67,261
37,232
20,185
46,158
27,210
70,96
7,249
41,247
59,77
73,75
49,119
35,189
10,256
40,176
64,258
47,12
30,204
72,89
65,259
67,35
72,63
51,111
58,126
56,98
6,246
70,54
18,200
45,276
37,183
52,141
58,88
37,145
40,139
21,183
39,237
13,261
34,193
44,248
58,66
31,155
49,31
49,150
56,55
59,66
50,149
66,27
34,149
47,21
12,217
72,64
44,165
67,40
38,183
56,277
52,110
6,233
18,195
60,254
50,35
39,140
30,227
5,243
8,254
28,225
32,228
66,260
55,135
70,82
68,102
63,274
28,272
61,254
43,133
51,38
26,220
50,113
58,60
63,113
66,12
47,18
67,17
41,173
68,42
33,151
42,170
37,185
29,204
54,103
40,240
8,229
17,206
48,12
57,94
58,84
49,9
64,111
70,85
62,118
59,80
20,188
62,255
42,276
57,276
52,40
27,223
48,120
53,45
72,78
9,256
13,215
51,251
66,33
11,221
30,203
24,270
21,268
60,5
45,162
63,8
9,226
71,56
67,104
50,9
19,192
67,263
61,121
71,86
63,256
69,98
20,187
18,266
31,156
27,212
7,251
59,79
66,30
73,73
49,117
35,191
60,276
28,161
15,210
47,14
72,91
67,37
27,224
45,129
32,154
46,126
28,208
51,113
49,33
6,244
49,277
18,198
70,52
53,107
60,122
34,229
52,143
16,263
55,101
67,268
21,181
71,79
58,64
55,136
32,197
59,68
50,147
66,25
64,9
50,116
66,21
47,23
12,219
56,252
42,135
31,201
72,66
56,5
38,181
68,45
47,125
6,239
38,143
50,33
39,142
53,251
54,251
5,241
17,203
55,98
57,91
7,233
24,169
33,194
20,183
26,218
63,115
64,274
41,137
67,19
19,267
47,122
42,168
20,268
47,276
54,101
69,51
6,248
17,204
9,255
40,242
70,56
71,61
59,124
57,92
16,208
62,256
19,189
38,235
62,116
7,230
59,82
37,274
66,107
52,42
49,152
48,122
53,43
7,252
59,72
73,70
43,168
72,86
31,272
20,267
15,262
31,227
57,131
56,95
45,160
6,243
61,6
70,51
71,58
11,258
61,276
65,110
19,194
48,27
30,159
61,119
71,80
34,194
26,167
66,270
27,214
56,52
40,174
47,155
66,28
26,214
28,163
34,150
23,172
67,39
28,210
33,153
57,132
6,234
18,196
50,36
53,105
48,153
16,206
67,270
21,179
68,265
70,95
32,199
59,70
57,58
51,37
66,23
50,114
54,139
46,20
65,10
52,251
43,166
47,17
39,178
69,46
58,5
6,237
10,224
29,207
62,7
52,144
48,30
22,179
52,7
27,164
53,6
62,115
24,171
71,92
53,141
44,130
26,216
67,15
55,48
58,276
72,75
73,67
54,47
65,273
56,133
30,272
66,34
51,277
40,238
31,228
22,268
69,49
40,244
29,226
59,126
67,103
36,148
65,107
10,223
19,191
17,264
37,233
38,233
59,84
66,105
20,184
71,85
27,211
47,156
59,74
73,68
47,250
15,209
64,257
47,13
72,88
31,199
72,62
57,129
35,230
56,97
55,251
34,230
36,147
65,108
37,146
40,138
30,157
48,29
71,82
43,247
26,165
68,268
34,192
48,250
46,160
49,151
62,275
56,54
55,6
59,67
54,277
57,55
50,148
66,26
46,19
29,160
23,174
44,164
67,41
38,182
49,250
52,109
36,188
58,129
50,34
51,144
39,141
64,113
48,155
8,253
39,235
68,267
68,101
63,275
57,56
29,159
61,255
33,273
54,48
25,167
26,223
58,63
51,39
54,137
45,127
44,163
41,174
68,41
35,148
36,187
37,186
29,205
54,102
57,252
8,228
48,11
59,123
58,87
49,10
22,177
16,264
64,110
70,84
71,94
59,81
53,139
57,277
25,168
34,273
55,50
47,24
72,77
13,216
54,45
50,250
66,32
35,274
30,202
24,269
71,81
26,271
45,163
55,252
40,246
58,253
9,227
71,57
33,229
67,105
14,213
50,8
19,193
67,260
63,257
69,99
20,186
31,157
46,159
27,213
70,97
41,246
59,76
73,74
55,277
49,118
35,188
10,257
40,177
15,211
47,15
72,90
65,258
67,34
27,225
45,130
32,153
51,110
58,127
6,247
70,55
18,201
59,254
50,277
60,121
52,142
58,89
66,272
37,144
67,269
21,182
40,140
13,260
39,236
44,249
49,30
49,149
43,276
59,69
42,247
32,196
50,146
64,8
66,24
72,65
12,218
42,134
44,166
38,180
40,275
41,171
68,44
39,177
6,238
38,142
51,146
5,242
8,255
55,99
28,226
32,229
55,134
27,163
70,83
33,195
43,132
26,221
58,61
64,273
41,138
28,271
66,13
67,16
41,172
68,43
47,123
42,171
47,277
37,184
40,241
8,230
17,205
59,125
51,8
57,93
58,85
14,261
36,274
38,234
7,231
59,83
37,275
33,196
66,106
48,277
52,41
48,121
53,44
59,73
47,26
72,79
13,214
42,136
73,71
47,249
15,212
51,250
11,220
31,273
25,270
15,263
59,5
60,6
56,94
45,161
9,225
71,59
11,259
12,260
19,195
67,262
30,158
48,26
61,120
26,166
46,157
