43,273
62,64
46,135
63,76
64,261
64,41
33,160
56,273
35,234
36,177
48,130
38,149
45,154
10,248
45,273
21,202
69,64
58,103
63,30
28,229
17,261
59,97
68,92
44,251
23,214
27,172
36,238
34,182
44,273
12,254
31,162
53,133
44,138
58,48
36,244
15,218
32,188
66,48
59,257
24,210
33,185
65,45
38,170
49,254
51,121
26,228
56,108
59,9
28,198
30,230
22,195
53,115
60,114
69,73
9,245
36,271
19,209
55,125
32,231
68,91
55,128
16,218
49,140
50,18
50,139
36,243
47,148
32,270
62,84
59,50
43,156
53,33
64,39
42,143
60,53
29,268
60,257
38,173
64,265
39,168
24,266
67,56
51,274
25,267
63,38
10,234
22,218
60,9
57,121
67,94
63,12
18,211
21,198
13,224
63,260
60,93
37,244
61,87
57,47
31,190
26,204
32,160
34,156
29,168
56,122
21,265
68,58
37,175
26,267
22,221
25,226
49,273
40,250
51,136
62,26
59,116
69,69
34,233
63,19
16,259
53,9
68,87
24,184
62,70
41,250
23,266
55,273
46,133
63,78
65,48
64,263
64,43
27,229
40,272
35,236
36,179
45,152
28,201
21,200
50,273
51,24
62,29
58,101
53,255
36,153
63,24
67,82
17,215
9,242
69,78
59,99
13,256
26,175
12,226
63,105
62,73
53,131
62,83
32,190
28,268
56,255
24,212
60,56
61,61
19,263
30,194
51,123
67,53
22,193
56,256
24,224
48,145
55,127
50,16
38,247
42,250
13,255
46,151
56,41
54,131
61,92
59,52
43,158
42,141
23,189
49,126
35,180
60,55
28,168
64,267
41,144
39,170
35,154
67,58
63,32
47,273
68,61
10,232
31,231
58,119
63,14
61,10
51,12
52,134
26,177
69,90
63,20
60,95
11,228
25,178
57,45
59,273
23,186
55,38
47,133
32,162
51,254
29,166
56,124
15,259
41,163
37,173
54,115
48,143
38,150
51,138
69,67
57,106
65,99
14,223
68,81
63,271
66,97
23,213
62,272
27,171
40,145
30,164
62,68
61,110
43,140
60,273
58,257
66,53
45,252
41,164
33,158
9,238
37,176
53,118
51,26
69,76
67,84
65,100
63,26
52,29
17,213
9,240
26,173
64,104
22,191
50,23
39,271
50,140
36,240
62,81
44,156
46,253
61,59
67,55
51,273
63,37
62,10
24,226
67,93
18,212
20,205
29,230
62,108
49,128
50,14
39,249
46,149
53,273
56,43
37,247
61,90
40,165
30,269
54,129
35,271
23,191
25,209
35,182
44,155
28,170
64,269
35,156
45,136
63,34
68,63
29,197
58,117
55,255
51,135
59,115
51,14
34,234
57,103
64,102
63,22
69,88
23,224
68,78
37,150
32,232
24,181
11,230
23,222
30,163
62,67
54,273
11,252
54,37
23,265
46,134
50,125
27,202
63,77
64,40
31,192
54,113
35,235
36,176
48,129
38,148
10,251
21,203
62,30
69,65
57,104
58,102
67,81
63,31
14,221
18,261
48,253
23,215
27,173
36,237
40,147
39,272
31,163
44,137
63,74
15,219
32,187
66,51
24,209
33,186
63,80
65,46
62,63
42,161
56,107
9,236
53,116
22,194
51,28
60,113
67,86
69,74
52,31
9,246
37,152
62,107
33,232
37,271
61,258
16,217
49,141
50,21
50,138
57,273
36,242
32,269
62,87
59,51
43,157
53,34
64,38
31,269
42,142
29,269
25,206
35,179
38,172
61,57
64,264
50,254
57,9
39,169
46,273
52,119
67,57
22,197
57,122
67,95
63,13
18,210
10,247
20,207
21,199
51,11
13,225
63,261
60,92
37,245
58,273
61,88
40,167
47,146
31,191
23,185
58,47
58,9
29,195
22,220
25,227
40,249
51,137
55,112
59,117
69,70
63,16
16,215
52,11
55,110
53,10
68,86
24,183
66,98
23,216
43,272
62,65
43,139
11,254
50,123
63,79
15,220
64,262
64,42
65,43
36,178
48,131
45,153
10,249
28,200
21,201
39,147
51,25
62,28
58,100
67,83
36,152
63,25
9,243
17,260
61,112
59,96
13,257
68,93
26,174
50,24
36,239
62,72
34,183
12,255
53,132
44,139
58,49
62,82
32,189
66,49
24,211
33,184
65,44
61,62
49,253
38,171
51,120
20,263
56,109
28,199
30,231
22,192
69,72
48,144
9,244
19,208
14,257
50,19
46,150
48,273
56,40
54,130
62,85
41,143
59,53
43,159
53,32
33,270
60,54
49,127
35,181
60,258
47,253
64,266
41,145
35,155
63,33
25,266
68,60
10,235
22,219
57,120
58,118
27,268
63,15
60,96
52,133
26,176
51,13
63,21
69,91
60,94
11,229
42,272
25,179
23,221
55,9
57,46
11,251
54,38
23,187
26,205
50,126
27,201
55,39
32,161
34,157
29,167
52,120
56,123
21,264
68,59
37,174
54,114
48,142
39,148
62,27
69,68
63,18
14,222
16,260
68,80
24,185
66,96
12,228
18,262
25,180
61,111
62,71
43,141
60,272
63,73
58,256
47,131
52,254
66,52
27,228
41,165
33,159
42,162
58,120
45,151
9,239
10,231
51,27
69,77
67,85
53,254
36,154
65,101
17,214
9,241
59,98
69,87
12,227
50,22
63,104
52,32
62,80
13,223
24,213
60,57
56,9
46,252
61,60
19,262
30,195
51,122
26,227
22,198
24,225
54,255
19,210
20,204
55,126
67,96
50,17
41,272
42,251
43,251
46,148
53,274
56,42
54,128
61,91
47,145
57,43
23,188
44,154
28,169
55,40
64,268
20,264
45,137
63,35
68,62
10,233
29,198
62,12
22,217
61,9
20,203
69,89
52,135
64,101
63,23
62,260
37,151
55,109
24,180
11,231
25,177
23,223
62,66
57,44
11,253
54,36
57,256
26,203
50,124
27,203
47,132
29,165
31,193
42,159
56,125
15,258
41,162
54,112
48,128
10,250
69,66
57,105
61,272
65,98
14,220
62,271
63,270
27,170
36,236
40,146
30,165
38,248
62,69
34,184
61,109
58,50
63,75
66,50
33,187
65,47
62,62
42,160
56,106
9,237
53,117
51,29
60,112
69,75
52,30
9,247
19,207
62,106
59,100
33,233
61,259
14,258
16,216
38,271
49,142
50,20
63,106
36,241
62,86
53,35
25,207
34,270
61,58
30,193
52,118
67,54
63,36
10,236
62,11
22,196
22,265
27,267
18,213
20,206
29,229
62,109
68,64
13,226
62,259
50,15
39,248
54,9
37,246
61,89
40,166
47,147
35,270
54,35
23,190
25,208
26,206
64,270
34,158
39,167
45,135
52,274
29,196
59,114
68,79
69,71
64,103
63,17
52,10
55,111
24,182
44,252
23,217
