35,88
54,58
37,82
83,35
25,116
84,36
14,150
70,19
142,75
118,57
43,63
39,45
97,46
128,77
94,54
11,129
105,62
95,55
106,61
28,108
33,95
48,17
70,68
105,64
134,73
127,61
5,145
64,10
65,11
14,119
46,23
85,56
111,79
47,22
90,53
86,55
56,6
87,54
40,73
71,19
36,55
45,28
162,76
28,77
42,67
13,150
119,83
132,74
125,60
82,35
28,107
15,148
72,21
105,73
108,50
102,56
109,51
74,23
12,124
18,107
53,7
109,77
13,120
65,12
21,129
68,15
40,42
161,73
24,118
74,64
20,132
151,77
31,70
19,105
26,116
27,110
153,69
62,9
103,70
21,99
51,10
17,110
49,14
50,13
104,66
12,123
145,75
79,61
77,29
24,87
39,75
88,43
149,76
34,59
115,53
19,136
116,54
20,131
69,17
43,34
15,117
91,44
117,55
130,62
29,75
8,137
139,64
124,79
153,78
141,74
113,81
41,71
129,76
74,25
70,67
104,73
54,6
5,150
35,90
59,64
120,82
150,77
84,56
108,77
75,64
84,38
15,114
14,148
44,28
85,39
38,46
71,20
123,59
41,72
100,47
124,60
81,33
152,69
45,59
106,59
28,110
33,93
48,19
81,59
107,50
56,60
106,74
11,127
150,68
58,62
14,117
61,67
7,139
66,14
38,79
16,145
117,57
57,5
40,75
45,26
162,74
37,52
124,59
22,94
112,81
32,96
50,54
154,78
68,69
73,22
6,151
12,126
18,105
110,78
114,53
67,14
18,138
146,76
39,76
19,133
161,79
24,120
22,127
26,114
21,97
29,106
11,151
17,108
114,82
157,79
50,11
6,142
104,68
16,112
35,87
76,26
77,27
24,89
123,81
16,143
17,142
7,151
26,83
151,68
97,55
29,73
8,139
118,58
64,69
44,61
41,69
98,46
105,57
159,72
79,30
134,74
145,66
5,148
62,68
25,86
7,140
47,21
120,58
121,59
44,30
36,52
30,70
141,65
8,152
42,68
45,57
130,75
30,104
80,60
43,64
126,60
154,69
23,91
49,16
158,71
32,65
18,108
13,123
27,81
122,81
36,85
9,134
41,38
35,56
42,37
137,64
122,59
30,73
31,69
37,50
87,40
152,78
103,69
23,122
116,83
31,99
104,48
32,98
71,67
51,9
82,57
46,56
113,52
103,57
60,66
75,26
18,136
111,80
33,63
39,78
73,64
34,60
91,53
63,68
19,135
17,139
85,55
68,17
92,54
137,73
43,33
22,125
20,101
92,44
38,48
29,104
61,8
155,79
134,63
131,75
101,56
52,9
76,62
32,95
16,114
34,93
35,89
52,55
148,76
62,67
37,83
17,140
26,81
25,117
38,81
129,61
138,64
70,18
126,79
142,74
96,46
95,46
136,63
80,33
44,63
105,63
30,103
106,60
78,29
157,70
48,16
107,49
105,65
133,74
23,92
58,64
5,146
25,84
88,54
14,118
46,22
72,66
86,54
110,51
43,31
56,5
27,112
10,152
40,72
36,54
86,40
119,58
39,43
28,76
42,66
13,151
82,34
31,100
43,66
105,74
112,52
32,67
46,55
6,144
53,56
18,106
107,76
57,61
47,54
144,75
121,81
109,78
13,121
46,25
65,13
21,130
40,41
36,87
149,68
9,132
111,51
35,58
10,131
42,35
115,83
19,102
28,75
80,31
27,111
87,42
62,8
103,71
49,53
15,146
100,56
51,11
17,111
49,15
50,12
104,65
144,66
33,61
88,42
149,77
34,58
89,43
26,84
27,78
124,80
20,130
69,18
142,65
8,136
139,65
60,7
63,10
104,57
113,82
133,62
75,63
129,77
159,79
74,24
104,72
103,48
77,61
51,54
34,91
135,73
59,65
146,67
54,59
37,81
108,76
89,44
84,37
15,115
9,152
160,72
94,45
71,21
39,44
155,70
11,128
81,34
45,60
95,54
105,61
101,47
30,101
106,58
28,109
130,76
154,70
33,94
48,18
127,60
5,144
52,56
64,11
147,67
55,59
89,53
138,73
38,78
16,144
160,79
35,55
127,78
40,74
45,27
58,5
21,127
65,70
28,78
162,77
132,75
23,121
99,56
112,80
72,22
68,68
82,58
73,23
102,57
156,79
109,50
6,150
12,125
75,25
114,52
67,15
21,128
40,43
39,77
136,64
161,72
10,129
24,119
20,133
22,126
19,104
139,74
21,98
29,107
105,49
17,109
12,151
49,13
102,48
156,70
104,67
79,60
77,28
24,88
83,57
16,142
128,61
26,82
116,55
151,69
15,116
29,74
8,138
59,6
131,62
98,55
95,45
93,45
67,70
44,60
41,70
105,58
69,68
66,70
106,49
78,30
79,31
53,8
145,67
54,7
5,149
55,6
25,87
54,57
120,83
84,57
55,60
7,141
83,36
14,149
44,29
85,38
140,74
125,79
38,47
99,47
39,46
8,151
45,58
80,59
43,65
11,152
81,58
32,64
56,61
106,75
11,126
107,75
47,53
58,63
61,66
47,19
36,84
117,56
9,135
41,39
35,57
140,65
10,132
42,36
45,25
162,75
30,72
37,51
87,41
48,53
152,77
23,123
22,95
15,145
32,97
101,48
60,65
110,79
148,68
18,139
73,65
41,40
63,69
161,78
68,16
24,121
92,53
86,39
22,124
31,67
20,100
26,115
142,66
21,96
63,9
143,66
29,105
118,83
114,83
135,63
52,8
33,64
6,143
16,113
34,92
76,27
148,67
24,90
123,80
136,73
37,84
115,54
17,141
25,118
38,80
96,55
90,44
130,61
20,99
126,78
64,70
143,75
80,32
44,62
98,47
30,102
157,71
23,93
5,147
25,85
88,53
47,20
72,65
121,58
44,31
27,113
127,77
36,53
58,6
30,71
22,96
162,78
42,69
23,124
99,55
31,101
16,111
23,90
112,51
32,66
46,54
53,57
57,62
121,82
13,122
14,120
46,24
27,80
66,13
40,40
36,86
9,133
41,37
10,130
42,34
162,73
31,68
19,103
37,49
139,73
103,68
22,93
31,98
104,49
15,147
50,53
71,66
158,79
159,71
46,57
147,76
18,137
33,62
146,75
34,61
19,134
27,79
43,32
93,54
20,102
8,135
26,113
92,45
38,49
60,6
132,62
67,69
117,83
61,7
133,63
155,78
76,63
6,141
104,71
77,62
51,55
78,61
34,90
