18,128
79,56
53,53
62,64
17,131
26,94
22,117
28,88
20,109
97,52
13,131
45,35
21,119
31,80
141,69
29,96
8,148
69,64
66,66
82,40
80,56
52,17
32,87
35,65
32,77
65,17
109,58
17,132
83,40
120,61
28,87
29,95
61,63
140,70
24,111
42,57
125,75
123,62
31,89
113,77
59,9
152,74
100,50
101,51
158,74
33,74
47,49
36,74
34,70
58,59
108,65
147,73
47,31
84,42
85,43
68,21
36,62
14,138
126,64
13,143
130,65
28,98
61,12
154,75
155,75
81,55
131,71
102,51
35,79
107,68
75,31
46,33
83,54
136,70
78,34
150,74
63,65
20,122
85,52
138,68
151,74
31,79
14,141
97,49
126,75
27,103
24,99
43,56
21,108
22,106
39,54
112,77
11,138
51,19
114,79
157,74
48,28
17,121
49,25
109,63
88,50
16,132
115,58
17,129
26,92
40,62
20,111
127,64
21,117
80,36
95,49
99,50
15,137
100,53
108,53
34,83
35,67
109,56
107,72
57,57
114,58
36,77
110,54
19,124
61,61
111,55
121,62
43,54
31,91
14,129
87,46
115,79
38,59
49,49
134,70
112,55
33,72
107,65
16,121
54,10
34,68
38,70
84,52
67,20
29,86
10,142
42,46
40,50
69,22
37,61
44,40
153,75
13,141
60,11
23,113
63,14
70,63
50,49
154,73
71,62
23,111
75,59
12,144
106,55
129,73
52,15
74,28
107,70
53,14
103,52
51,50
144,69
146,71
150,72
90,47
93,50
9,148
19,112
44,39
98,52
71,25
13,134
45,38
21,106
22,104
73,62
128,74
26,103
94,51
74,61
11,140
77,32
23,100
76,59
77,58
108,56
148,73
32,74
56,55
109,61
18,117
39,66
36,64
16,134
115,60
27,88
123,76
15,124
41,61
70,23
118,61
24,108
42,58
65,66
44,52
81,39
95,51
125,63
99,52
12,134
33,83
108,55
34,81
50,23
109,54
46,49
135,67
25,95
66,18
37,71
111,75
90,49
19,126
20,112
87,50
25,107
86,45
26,105
44,51
38,57
45,50
30,83
33,84
72,25
156,74
32,88
107,67
16,123
35,80
109,73
46,34
83,53
38,68
136,67
9,143
41,47
29,84
10,140
25,108
40,52
42,44
96,49
9,145
41,49
37,59
124,76
153,73
62,13
67,66
39,53
76,32
11,137
105,54
118,80
12,146
106,53
15,135
33,71
53,12
103,54
144,71
37,73
55,10
79,57
47,32
88,47
120,79
149,72
122,77
93,48
22,116
19,114
139,68
98,50
40,65
13,132
45,36
119,61
30,93
141,70
29,97
8,147
94,49
69,65
23,102
129,64
12,137
132,66
52,16
32,86
32,76
65,18
109,59
113,56
18,115
108,73
111,76
27,90
83,41
60,61
15,126
117,60
19,123
28,86
140,69
42,56
24,110
25,96
62,63
122,62
125,76
43,53
123,63
14,130
87,45
113,78
48,49
81,37
119,80
130,73
17,118
50,21
110,75
58,58
108,64
55,54
84,41
67,19
85,44
68,20
137,70
57,9
43,42
13,144
30,81
28,97
50,50
72,27
68,65
82,55
158,76
107,69
133,70
76,31
148,71
46,32
18,127
146,72
20,121
92,48
96,51
58,9
22,115
14,140
97,50
126,74
27,100
10,148
24,98
21,109
39,55
64,66
112,76
11,139
105,52
114,78
102,53
48,27
49,26
18,129
53,52
18,118
39,65
115,59
17,130
116,60
20,110
139,70
13,130
21,118
100,52
145,70
34,82
109,57
65,16
46,50
135,70
57,58
36,76
121,78
59,60
90,50
120,62
19,125
29,94
61,62
137,67
43,55
22,103
14,128
31,88
26,106
38,58
116,80
28,100
100,51
131,65
158,75
33,73
113,55
36,75
54,53
34,71
147,72
14,127
47,30
84,43
91,48
68,22
36,63
69,23
43,44
21,120
14,139
37,62
62,14
13,142
60,10
67,65
39,56
63,15
28,99
80,55
61,11
104,52
11,148
71,63
106,54
52,14
35,78
107,71
103,53
51,51
75,30
54,12
78,57
52,52
55,9
146,70
78,35
63,64
20,123
85,51
92,50
122,78
31,78
19,113
142,71
44,38
27,102
24,100
72,62
117,80
21,107
30,94
128,73
94,50
74,60
77,33
51,18
23,101
132,71
76,58
48,29
70,64
17,120
49,24
64,16
108,63
52,51
109,62
18,116
39,67
16,133
89,50
79,35
26,93
27,89
40,63
123,77
86,51
15,125
41,62
128,64
80,37
82,39
15,136
126,63
107,53
108,54
34,80
35,66
50,22
57,56
144,72
90,48
149,71
56,9
87,51
111,54
86,44
43,41
31,90
26,104
59,10
38,56
45,51
30,82
143,69
33,85
156,73
16,122
54,11
34,69
109,74
38,71
84,53
91,50
29,85
10,143
42,47
40,51
9,146
41,50
37,60
44,41
153,74
62,12
23,112
104,54
131,72
12,145
74,29
133,66
53,13
144,70
145,72
37,74
39,68
88,46
78,33
120,78
149,73
150,73
89,47
79,36
138,67
93,49
41,59
19,115
142,69
40,64
71,24
45,37
13,133
30,92
22,105
73,61
141,71
8,146
51,20
23,103
129,65
12,136
132,65
32,85
32,75
56,56
109,60
113,57
36,65
16,135
108,72
26,91
27,91
59,59
60,60
15,127
41,60
117,61
140,68
24,109
25,97
42,59
44,53
124,63
152,72
81,38
130,72
12,135
15,138
107,55
134,66
101,53
119,79
17,119
49,23
156,76
35,68
50,20
135,66
110,74
25,94
66,19
64,15
54,54
114,57
147,71
55,55
47,29
127,74
25,106
43,43
115,80
30,80
143,71
155,73
11,147
72,26
82,54
73,27
156,75
35,77
107,66
133,71
16,124
75,29
78,58
46,35
18,126
38,69
20,120
29,83
10,141
42,45
40,53
138,70
151,72
41,48
9,144
22,114
31,77
97,51
27,101
24,97
70,24
153,72
23,114
30,91
64,65
105,53
51,17
75,60
12,147
73,28
102,52
157,76
48,26
37,72
