229,158
252,127
221,149
219,112
244,125
235,160
229,117
220,109
251,127
279,140
246,127
272,135
254,129
215,133
243,156
217,145
272,138
243,125
236,160
275,135
254,148
266,140
230,158
262,131
217,110
234,123
235,123
219,127
247,152
215,136
256,146
225,111
218,127
252,149
217,129
271,135
252,128
255,148
213,108
248,127
219,122
264,131
226,115
219,148
224,111
240,125
260,145
240,156
216,109
221,109
215,143
275,140
280,140
218,112
265,133
219,116
225,153
239,158
219,121
219,147
277,137
220,148
238,160
233,121
229,157
218,146
280,137
275,139
271,140
276,140
221,148
216,144
219,115
216,131
248,152
242,156
277,140
257,129
215,132
217,144
272,139
265,142
263,142
273,138
253,148
266,141
230,117
217,109
253,129
230,120
219,126
223,151
274,138
233,160
238,158
215,139
278,140
256,147
252,150
238,123
217,128
266,142
252,129
227,156
230,118
213,107
234,160
262,144
222,109
219,125
226,154
226,112
264,132
244,154
215,144
247,127
236,123
258,146
260,146
224,152
240,157
258,129
268,133
216,110
215,142
278,137
276,136
228,116
217,131
227,155
262,142
213,110
219,119
225,152
228,156
264,142
259,131
246,152
222,110
219,120
270,133
219,146
219,109
250,127
240,123
231,159
258,130
226,111
216,107
215,141
229,156
275,138
237,160
280,138
232,121
249,127
219,114
250,150
270,134
244,156
246,125
267,140
215,135
272,140
231,160
228,115
217,127
245,125
234,121
221,150
270,140
230,121
219,113
223,150
260,131
246,126
263,131
238,159
215,138
241,156
217,146
273,135
256,148
268,140
276,135
230,119
227,115
223,152
217,111
234,122
219,124
264,133
226,113
244,155
269,140
245,154
267,133
240,158
223,111
215,137
242,125
252,148
276,137
228,117
217,130
218,109
227,154
262,143
213,109
219,118
251,150
239,123
246,153
222,111
219,123
226,114
215,107
241,125
232,160
249,152
214,110
231,121
215,131
240,124
222,150
231,158
258,131
260,144
216,108
215,140
280,139
261,131
256,129
250,152
217,112
266,133
261,144
219,117
225,154
250,151
246,154
270,135
269,133
237,123
274,135
279,137
215,110
257,146
259,146
214,107
215,134
255,129
