105,97
33,55
75,104
47,35
81,93
106,111
57,20
90,42
52,68
58,19
109,117
115,94
104,25
77,76
55,80
43,63
49,32
93,41
20,75
44,56
55,78
6,98
49,58
32,87
130,105
117,96
87,107
34,85
93,116
105,106
100,154
101,20
15,83
65,11
79,47
77,107
52,67
106,112
79,85
26,67
35,52
53,73
105,29
22,102
31,89
97,39
87,44
68,52
122,144
6,101
111,154
110,124
66,93
56,82
120,146
44,77
77,48
14,84
75,102
28,63
125,135
32,58
29,62
114,152
91,146
74,102
30,61
39,82
108,95
135,112
112,154
108,117
19,105
79,120
67,94
63,12
83,99
58,83
126,135
11,107
59,85
73,99
102,21
35,85
94,118
88,142
61,87
134,119
104,104
125,99
47,36
81,90
88,43
41,44
14,107
89,42
81,133
27,65
42,43
107,112
68,58
24,99
80,128
43,56
84,5
30,89
98,16
101,37
75,62
86,140
7,103
46,70
73,100
80,89
99,154
50,30
100,20
134,110
9,90
103,128
116,152
106,109
75,64
95,13
52,70
104,27
39,47
64,90
105,129
104,33
26,96
6,96
71,50
110,123
43,78
76,48
50,63
46,73
68,94
132,107
129,127
45,76
54,25
100,19
14,83
124,137
93,149
64,12
67,9
27,95
25,67
84,45
80,5
79,87
35,54
67,53
107,154
79,125
40,81
88,107
96,151
120,148
102,36
33,86
121,145
53,27
18,79
103,33
17,107
130,126
45,69
80,87
76,5
10,90
123,98
120,96
104,99
33,57
25,68
66,9
74,100
31,58
63,90
135,114
110,154
84,137
113,153
51,64
67,58
109,127
79,122
44,40
76,72
97,153
78,114
113,94
74,50
126,133
21,75
86,139
85,103
7,104
90,146
47,56
88,7
70,96
134,117
133,109
119,148
104,106
95,120
99,125
91,8
56,22
109,94
11,89
76,105
133,119
106,96
66,58
38,83
107,114
101,127
58,20
28,93
78,83
44,39
94,41
92,41
48,34
80,130
76,71
45,38
77,79
43,58
117,95
39,48
95,151
78,117
80,47
85,6
98,153
74,61
48,56
81,46
109,128
16,81
23,100
96,120
109,154
60,86
34,86
124,140
65,54
77,110
24,70
92,10
66,53
75,66
93,11
107,129
20,105
25,98
36,52
79,118
6,102
110,121
128,103
52,29
102,35
7,94
41,80
50,61
89,110
12,107
114,94
45,74
124,139
107,96
133,121
39,81
129,128
13,85
29,91
36,51
60,16
54,77
82,5
65,91
37,50
79,127
42,79
88,109
67,93
73,50
87,6
61,15
70,58
92,115
5,99
90,111
103,35
18,77
69,95
58,84
130,124
45,67
32,88
55,23
132,122
129,104
86,104
102,22
104,101
12,86
62,88
103,23
134,112
40,46
94,149
65,58
117,151
42,44
82,135
51,66
85,138
65,92
28,64
76,74
38,48
62,13
83,136
30,90
105,155
78,112
73,59
44,64
100,37
42,80
108,128
96,13
123,140
21,73
22,73
85,101
127,130
98,15
87,140
90,144
23,71
128,129
99,153
97,121
46,37
133,107
105,98
79,128
37,83
34,55
106,110
126,101
57,21
58,18
109,118
115,95
78,81
77,77
104,129
43,60
8,106
21,104
49,33
73,60
44,63
55,79
48,58
23,102
49,59
73,6
74,5
46,74
110,94
57,82
130,104
54,26
93,117
105,107
131,124
101,21
82,95
100,126
94,12
77,108
127,102
75,68
103,154
104,31
26,66
35,53
53,74
105,30
98,39
6,100
45,55
10,107
66,92
49,60
110,127
56,81
112,94
8,93
89,143
84,101
46,55
55,24
71,98
18,106
98,123
75,103
72,99
105,108
78,48
125,136
32,57
29,63
103,24
91,147
83,46
66,10
124,99
30,60
95,118
92,148
108,94
63,89
112,153
79,83
85,44
135,113
43,42
108,116
79,121
6,95
69,51
63,13
19,76
78,111
83,96
126,134
89,144
131,106
23,72
61,88
134,118
104,103
125,100
81,91
69,8
92,147
41,45
50,64
89,43
70,7
65,56
107,113
42,42
71,6
82,133
108,115
24,98
43,57
70,51
44,66
122,143
74,62
71,58
123,142
75,63
82,46
97,14
96,152
91,112
87,142
69,96
129,103
80,88
118,149
13,107
9,91
81,92
122,97
26,95
94,11
75,65
106,129
52,69
104,26
77,75
95,40
43,62
104,32
79,117
71,51
110,122
43,79
7,93
50,62
46,72
132,106
16,107
45,77
54,24
78,5
87,106
100,18
93,115
9,92
90,8
64,11
82,93
78,47
15,82
65,10
77,106
75,70
79,84
59,18
53,72
54,78
105,28
96,39
22,103
31,88
107,155
122,145
51,30
110,125
120,147
44,78
33,87
121,146
18,78
102,128
45,70
115,152
14,85
102,154
123,99
29,61
114,153
68,8
104,98
25,69
94,150
31,59
135,115
81,131
84,136
51,65
79,123
62,14
83,135
116,95
83,98
126,132
7,105
88,6
35,84
88,143
89,7
46,38
134,116
104,105
119,149
91,9
56,21
81,132
76,104
27,64
38,82
28,92
78,82
94,40
76,70
24,100
48,33
83,5
80,129
45,39
69,58
43,59
84,6
99,38
78,116
80,46
74,60
98,17
101,36
16,80
23,101
75,49
108,154
91,114
74,6
46,71
99,18
86,103
80,90
121,97
50,31
89,8
79,5
134,111
131,123
118,96
82,96
65,55
77,111
24,69
92,9
75,67
127,101
95,12
52,71
20,104
104,28
64,91
79,119
26,97
6,97
110,120
128,102
52,28
76,49
7,95
41,81
50,60
68,95
129,126
45,75
98,124
71,97
124,138
93,148
67,8
27,94
83,45
36,84
13,86
31,60
29,92
79,86
135,116
54,76
86,44
43,41
67,52
37,51
79,124
72,50
86,6
88,108
17,80
21,103
52,27
92,114
5,100
90,110
53,26
75,5
17,106
45,68
131,105
132,121
119,96
120,97
104,100
33,56
74,101
40,45
84,138
82,134
106,155
51,67
85,139
19,106
44,41
76,73
97,152
78,115
123,141
9,106
21,74
22,72
85,102
127,131
87,141
59,86
128,128
94,117
118,150
97,122
46,36
70,97
133,108
111,94
107,95
122,98
37,84
34,54
99,124
56,23
106,97
11,88
76,106
27,66
126,100
101,126
109,119
28,94
78,80
77,78
92,42
48,35
80,131
104,128
43,61
8,105
95,150
48,57
72,6
90,112
110,119
16,82
96,121
60,87
57,83
87,105
134,109
82,94
100,125
65,53
77,109
75,69
103,155
69,7
93,10
102,127
107,128
104,30
59,17
25,97
53,75
54,75
50,32
98,38
6,103
45,56
10,106
51,29
110,126
56,80
89,109
8,92
84,100
98,122
105,109
47,55
72,98
125,137
133,120
12,88
103,25
95,119
29,90
85,45
81,5
60,17
37,49
79,126
87,43
60,15
69,52
19,77
61,14
83,97
5,98
103,34
58,85
130,125
45,66
84,99
127,132
77,5
10,89
132,123
86,105
102,23
104,102
12,87
62,89
40,47
116,151
65,57
117,150
71,7
15,107
91,42
108,114
78,79
76,75
38,49
53,71
96,40
104,155
72,59
17,79
78,113
20,76
44,65
100,38
74,49
122,142
96,14
71,59
97,15
91,113
101,154
90,145
23,70
99,17
128,130
