158,193
254,213
165,230
80,125
188,246
262,222
154,181
80,155
150,169
225,232
139,184
157,206
250,208
19,200
186,245
143,188
165,239
80,116
152,172
26,208
190,249
97,77
149,193
171,265
190,72
119,162
248,207
123,167
158,17
151,18
227,197
135,180
20,193
21,189
229,245
159,195
147,190
165,232
114,55
168,217
99,108
209,265
194,255
105,117
34,171
125,106
128,172
172,221
84,143
199,259
208,265
139,182
160,17
111,137
27,208
56,139
131,174
242,202
115,53
84,150
33,173
187,74
80,128
189,290
227,243
63,130
42,196
62,131
248,262
85,98
215,265
129,102
76,158
47,154
130,31
97,80
117,157
178,230
66,166
197,299
162,200
22,206
46,192
89,104
254,248
23,208
33,206
97,105
133,123
134,123
200,259
223,228
188,74
172,268
250,255
171,19
65,127
196,41
127,36
182,76
146,152
170,217
69,123
217,213
227,300
119,159
29,179
40,201
111,60
246,262
142,125
162,218
90,104
255,248
146,147
137,25
206,263
64,167
174,225
160,197
167,258
227,239
157,189
250,257
252,253
164,209
44,196
45,157
120,162
124,39
109,128
167,213
27,181
105,67
56,174
55,142
122,108
141,22
180,23
77,110
60,170
222,195
173,80
44,195
51,147
216,210
200,65
189,33
105,68
219,220
244,204
175,227
87,93
35,171
151,90
144,140
236,290
62,169
164,86
194,39
244,203
193,296
202,54
114,148
81,101
82,109
144,131
164,206
39,164
260,236
242,274
154,198
161,213
127,121
113,144
117,51
129,174
238,199
149,163
150,19
79,107
83,108
232,295
225,195
180,235
202,56
113,56
207,265
232,197
198,68
163,226
127,102
261,236
262,234
139,125
215,206
198,258
154,89
88,104
128,121
93,84
155,202
67,124
258,241
165,243
260,217
226,300
69,162
215,199
90,89
145,143
202,261
79,121
103,71
208,302
61,132
226,197
250,207
182,237
132,100
46,155
254,211
165,252
262,228
192,251
32,175
236,199
188,290
123,168
196,255
156,202
19,194
132,99
65,128
201,302
165,229
80,126
188,247
262,223
190,247
139,96
224,195
133,29
154,178
184,27
80,156
157,205
250,209
158,190
141,94
19,203
186,242
188,31
165,238
205,263
152,173
23,207
172,80
193,253
105,115
215,210
182,25
148,153
149,192
171,264
118,49
190,73
210,302
103,114
123,166
238,288
229,244
85,95
200,49
47,151
105,116
174,80
140,96
148,160
98,77
172,222
84,136
249,207
33,171
228,197
83,135
144,188
111,136
230,197
175,273
95,83
195,255
124,116
224,232
115,52
242,203
84,151
33,172
132,176
80,129
227,242
21,206
42,197
46,190
85,97
175,80
124,115
117,156
178,231
162,86
60,135
227,251
197,298
252,209
162,201
85,106
51,182
254,249
130,100
115,149
217,211
145,94
97,104
200,260
128,33
58,174
223,231
246,268
159,17
259,240
65,126
196,42
182,77
184,284
146,153
115,154
137,23
32,208
69,122
195,297
217,212
119,158
137,96
29,178
174,223
40,202
167,260
82,134
120,45
246,263
163,219
222,300
43,196
161,17
146,144
219,263
137,24
104,69
55,176
160,198
60,172
82,129
227,238
252,254
110,132
260,240
45,156
212,265
198,300
244,268
50,184
52,180
56,175
138,96
122,109
86,95
141,21
54,180
77,109
60,171
236,292
51,146
200,66
186,29
244,205
161,218
35,170
54,143
68,162
178,21
107,121
144,141
126,120
236,291
253,250
187,289
173,270
220,222
185,287
161,211
202,55
38,204
166,17
228,298
142,94
144,132
164,207
39,167
260,237
185,288
242,275
231,296
158,88
161,212
202,62
82,101
107,119
126,106
146,92
117,50
129,173
78,120
79,106
232,296
202,57
184,239
96,81
232,198
198,69
99,77
262,235
215,201
198,259
103,73
88,105
128,122
93,83
133,178
198,45
181,235
182,235
96,104
131,100
211,265
164,228
165,242
260,218
262,226
140,125
237,288
103,70
61,131
179,277
256,213
185,241
136,96
165,251
261,221
100,75
262,229
192,252
234,292
144,127
122,43
30,208
168,260
19,197
106,67
201,301
165,228
80,127
237,199
133,28
154,179
213,302
196,298
184,28
238,286
170,19
157,204
195,41
158,191
218,263
19,202
111,133
186,243
158,206
164,17
165,237
152,174
23,206
189,247
172,81
105,114
148,154
171,267
176,227
31,208
221,226
150,166
192,35
119,45
107,65
200,50
147,192
118,158
194,253
196,70
148,161
172,223
84,137
109,127
111,139
191,35
175,272
95,82
124,117
115,55
84,144
156,184
177,229
163,86
41,163
222,226
152,90
82,154
136,180
169,263
46,191
229,298
85,96
107,63
148,192
25,187
50,149
69,119
140,23
117,155
156,183
246,266
228,244
66,164
252,210
169,264
196,44
130,101
115,148
217,210
73,117
151,195
200,261
223,230
225,259
101,75
119,49
65,125
196,43
146,150
241,201
195,296
69,121
133,98
29,177
221,223
82,135
251,254
163,218
222,301
149,19
145,190
146,145
166,212
249,258
191,293
160,199
36,204
54,178
203,302
131,29
207,302
45,155
135,25
74,160
244,269
27,183
50,185
52,181
56,176
219,217
134,98
112,140
77,108
81,105
68,164
42,161
190,292
51,149
200,67
217,302
219,222
87,95
161,217
180,24
37,204
38,202
43,157
228,300
68,163
107,120
144,142
126,121
129,33
187,288
173,269
185,286
78,158
158,86
161,210
223,195
228,299
102,110
144,133
39,166
260,238
121,45
78,118
242,272
193,295
198,48
202,63
107,118
146,93
147,153
241,278
117,49
135,125
212,302
89,93
129,172
78,121
189,74
213,265
66,125
87,106
184,240
258,244
232,199
163,228
113,143
260,220
99,76
262,232
215,200
103,72
88,106
128,123
133,177
190,34
137,182
113,55
161,86
165,241
260,219
262,227
226,195
173,19
179,276
256,214
136,97
159,209
165,250
80,121
23,187
171,82
192,253
234,293
153,198
130,174
19,196
49,151
201,300
129,31
80,112
262,221
148,156
133,27
184,29
238,287
157,203
19,205
111,132
258,216
165,236
168,213
152,175
172,82
176,21
148,155
171,266
176,228
221,225
150,167
226,236
192,36
123,41
26,183
107,64
200,51
80,110
150,92
148,162
81,129
84,138
109,126
225,255
91,89
111,138
248,258
229,251
49,186
124,118
217,199
202,302
115,54
206,302
242,201
173,223
84,145
156,185
196,256
36,169
41,162
227,244
123,39
162,204
169,262
46,188
180,280
129,123
25,186
179,23
73,115
117,154
84,152
178,229
227,253
246,267
66,165
252,211
162,199
91,87
127,171
243,272
140,184
196,45
115,151
45,192
73,116
165,17
151,194
137,125
240,280
58,172
225,258
101,74
119,48
193,39
127,33
146,151
166,210
230,298
69,120
111,57
221,222
82,132
228,251
163,221
176,80
216,199
145,189
109,132
166,213
219,195
191,292
194,72
36,205
54,179
240,278
116,51
247,205
215,302
70,162
244,270
27,182
50,182
52,182
219,216
55,139
161,199
77,107
81,104
63,168
72,160
126,119
144,136
174,20
176,78
51,148
200,68
124,168
122,114
87,94
161,216
180,25
179,233
256,244
38,203
101,110
107,123
144,143
201,261
129,32
173,268
121,43
234,199
166,254
223,300
224,300
83,99
185,285
242,278
158,87
202,53
144,134
260,239
121,44
89,91
144,21
183,283
169,19
78,119
199,300
242,273
193,294
195,70
198,49
109,63
163,17
202,60
257,244
126,104
89,92
57,139
79,116
121,166
187,31
184,241
204,263
165,247
113,142
186,76
260,221
262,233
215,203
198,257
191,249
52,145
180,78
71,162
217,265
133,176
190,35
137,181
168,82
192,72
233,199
216,265
71,117
165,240
23,189
262,224
59,137
179,279
256,215
136,98
194,296
158,194
141,186
159,208
165,249
80,122
153,197
151,171
154,182
126,170
150,170
225,235
19,199
193,72
49,150
146,190
255,213
80,113
116,154
124,106
148,157
59,135
171,219
154,177
119,161
238,284
225,236
151,17
157,202
158,189
19,204
111,135
258,217
186,241
219,302
165,235
168,214
149,92
150,90
152,176
99,107
28,181
30,177
84,140
176,229
103,111
143,94
58,137
221,224
150,164
192,37
119,47
123,40
111,140
107,67
159,207
200,52
80,111
53,180
148,163
84,139
109,125
63,129
91,88
248,259
229,250
175,274
47,153
32,206
124,119
72,117
217,198
84,146
156,186
196,257
221,263
41,161
226,255
82,152
214,302
162,205
146,19
169,261
46,189
156,88
240,201
25,185
73,114
151,196
227,252
246,264
127,170
185,29
22,189
115,150
170,218
53,143
75,158
93,104
177,21
240,281
40,198
58,173
183,27
225,257
101,73
102,73
155,183
253,211
142,126
92,87
37,167
157,88
146,148
166,211
195,298
138,125
174,226
38,167
167,257
82,133
250,258
163,220
145,188
109,131
146,143
192,294
53,145
55,141
36,206
54,176
240,279
131,31
43,161
106,118
37,169
44,192
135,27
244,271
50,183
181,282
219,219
72,161
144,137
62,170
48,186
174,21
176,79
194,40
197,45
148,92
122,115
256,245
43,159
82,110
101,109
216,302
107,122
144,128
187,290
177,275
185,284
78,156
144,135
126,102
113,147
177,276
89,90
183,282
78,116
125,39
91,104
109,62
202,61
131,123
156,17
126,105
163,225
113,148
185,76
215,205
57,138
154,90
155,88
121,165
175,21
179,78
217,263
128,102
93,87
245,268
155,201
67,123
218,302
258,242
70,119
165,246
113,141
215,202
202,262
152,196
217,264
61,135
137,180
125,170
92,104
182,238
168,83
181,25
75,113
187,245
23,188
262,225
239,201
59,136
131,176
223,259
155,199
179,278
19,193
229,197
158,195
141,185
165,248
167,19
80,123
124,108
153,196
154,183
145,21
238,282
150,171
225,234
19,198
257,215
186,288
24,187
49,149
139,23
199,49
75,111
80,114
124,107
215,209
182,26
148,158
97,79
190,74
119,160
248,205
103,113
108,124
238,285
178,78
111,134
21,191
138,182
229,247
175,271
143,187
74,158
165,234
168,215
80,105
150,91
99,106
152,177
142,186
171,268
84,141
103,110
150,165
135,179
119,46
192,38
123,43
20,206
134,178
84,99
107,66
159,206
200,53
154,17
115,51
84,148
156,188
33,175
109,124
148,19
189,292
227,241
21,193
42,198
248,260
84,106
229,249
231,197
142,21
169,217
25,183
47,152
32,207
197,70
144,94
217,197
84,147
156,187
178,232
221,262
203,263
82,153
162,202
127,172
169,260
188,32
254,250
205,302
25,184
125,119
73,113
184,76
88,93
153,90
227,255
246,265
239,282
167,84
182,78
115,153
170,219
217,215
134,124
29,181
31,177
240,282
40,199
221,195
223,227
225,256
142,127
127,35
146,149
130,123
230,296
217,216
143,21
210,265
174,227
160,195
111,59
76,111
167,256
223,232
82,130
227,237
163,223
109,130
47,188
53,144
219,197
55,140
112,57
243,203
206,264
191,294
194,70
122,110
54,177
256,248
131,30
43,160
252,250
197,257
37,168
44,193
135,26
174,19
51,145
186,30
181,281
218,216
219,218
147,92
152,17
35,169
81,110
178,22
72,162
144,138
236,288
163,205
165,209
48,187
140,94
164,84
78,107
170,264
194,41
220,195
138,23
122,112
86,106
256,246
40,163
166,18
43,158
81,103
225,300
101,108
144,129
183,239
222,261
177,274
183,284
172,19
83,101
220,263
242,276
78,157
64,129
161,215
182,282
65,166
126,103
113,146
39,163
259,217
89,89
165,84
167,255
78,117
79,105
121,163
125,38
159,86
180,233
109,61
202,58
183,76
198,70
163,224
215,204
57,137
238,200
121,164
143,127
93,86
155,200
198,46
258,243
165,245
113,140
186,74
209,302
202,263
223,261
103,69
61,134
190,33
125,169
182,239
168,84
136,125
71,119
75,112
165,254
262,230
192,249
81,154
145,19
155,198
214,265
158,192
141,184
159,210
254,212
165,231
80,124
188,245
104,114
154,180
28,208
145,20
238,283
80,154
150,168
225,233
177,78
233,294
19,201
204,302
186,244
80,115
152,171
190,248
135,98
157,17
215,208
182,27
148,159
97,78
149,194
248,206
84,135
103,112
150,163
151,19
19,206
21,190
258,215
229,246
175,270
143,186
74,159
147,191
165,233
168,216
95,104
194,254
105,118
57,174
172,220
84,142
29,208
61,170
135,178
192,39
139,183
123,42
251,209
126,37
202,64
41,198
136,25
84,108
95,81
100,108
110,61
131,175
150,194
172,219
84,149
156,189
33,174
189,291
134,27
63,131
227,240
21,192
248,261
84,107
85,99
211,302
229,248
47,155
59,172
97,81
117,158
178,233
221,261
197,300
162,203
166,84
188,33
181,78
130,102
68,123
218,197
220,302
97,106
169,82
64,168
235,292
223,229
227,254
83,152
250,254
141,125
127,37
115,152
34,206
217,214
153,177
134,125
29,180
31,176
40,200
111,61
223,226
176,274
222,302
48,151
127,34
146,146
224,259
166,209
230,297
201,53
98,106
170,82
64,166
155,17
174,224
160,196
111,58
167,259
82,131
227,236
246,205
250,256
252,252
163,222
164,208
168,19
109,129
50,186
108,63
219,196
55,143
77,158
206,265
194,71
122,111
141,23
77,111
252,251
44,194
191,72
200,64
186,31
105,69
181,280
219,221
123,108
31,175
160,210
178,23
144,139
236,289
62,168
48,188
140,95
164,85
244,272
94,104
122,113
256,247
166,19
81,102
82,108
107,124
144,130
164,205
39,165
247,262
122,166
67,164
201,64
83,100
94,83
242,277
245,205
161,214
200,300
146,94
113,145
132,29
167,254
121,162
232,294
125,37
35,206
162,17
123,115
180,234
202,59
113,57
39,202
160,86
163,227
74,113
24,208
99,75
215,207
238,201
154,88
93,85
67,125
174,270
198,47
258,240
153,17
199,68
165,244
186,75
44,157
262,236
235,199
73,160
147,19
223,260
221,302
61,133
226,196
125,168
182,236
132,123
79,156
71,118
165,253
25,208
262,231
192,250
234,294
178,276
179,280
19,195
132,98
65,129
