115,18
31,6
47,152
83,61
86,90
128,49
94,10
18,19
72,92
123,72
21,6
132,31
131,34
124,68
74,94
70,136
81,9
65,78
94,54
46,97
39,144
53,106
45,61
62,132
48,152
100,11
23,95
17,124
118,100
81,86
86,93
120,87
54,61
28,32
61,69
79,182
34,41
15,121
35,141
58,163
60,131
124,67
129,47
96,38
86,41
134,20
130,44
62,165
82,9
19,96
37,54
102,169
76,180
87,10
108,141
111,128
30,136
127,58
74,178
16,97
117,105
84,102
7,113
83,64
53,7
84,187
81,79
45,97
13,120
128,15
20,21
42,6
129,14
82,113
114,17
68,172
85,43
41,146
57,8
90,38
71,8
93,59
130,39
63,133
25,25
76,179
64,76
36,141
39,57
81,184
41,94
91,68
61,131
9,101
109,137
82,78
82,75
87,87
78,129
90,190
18,124
43,149
22,129
80,120
84,49
17,17
68,171
33,6
93,189
38,93
97,186
88,81
56,122
107,150
20,96
106,12
90,75
73,177
96,42
134,24
110,14
8,102
114,117
38,55
38,144
111,15
42,95
5,105
6,105
55,115
104,163
10,100
83,104
119,95
49,7
85,98
7,103
77,133
64,134
127,54
68,87
116,105
117,101
82,73
65,135
80,89
30,5
54,159
28,134
55,7
118,99
83,63
59,64
29,135
81,83
16,11
19,6
84,56
17,10
128,51
55,61
35,43
18,17
44,6
81,117
39,94
123,74
45,7
57,161
91,37
98,184
133,28
131,36
110,136
124,70
42,60
34,6
96,186
58,128
94,52
48,61
53,104
95,49
8,115
26,133
67,82
108,144
126,62
30,135
74,137
62,73
81,84
120,89
80,118
49,99
59,164
32,37
78,181
27,95
18,8
95,10
66,135
56,8
70,8
92,61
129,45
36,49
23,130
15,97
130,42
135,19
112,123
79,125
37,52
32,138
85,10
89,79
90,71
33,139
108,143
91,65
124,17
111,130
51,7
85,94
83,66
40,6
56,160
46,151
87,88
49,100
121,86
19,20
117,103
82,111
30,35
83,186
84,52
132,15
21,22
22,5
89,39
79,92
125,66
47,7
106,154
93,57
56,117
107,147
79,122
89,80
36,6
51,102
66,82
108,13
64,78
121,19
26,28
27,134
91,70
5,110
37,142
55,116
96,11
75,178
46,61
18,96
116,108
82,76
75,136
102,11
50,101
115,17
64,167
50,154
81,88
80,122
84,51
31,35
81,114
122,79
63,166
97,184
88,83
80,9
67,170
110,135
104,159
90,73
96,44
95,44
52,103
58,126
105,158
114,115
81,183
94,51
83,106
6,111
122,19
71,174
99,182
85,96
11,98
116,107
53,158
103,164
82,71
80,91
40,145
70,91
118,97
59,66
103,11
81,81
16,13
86,94
84,58
17,8
88,189
128,53
22,23
35,45
92,10
129,48
79,181
123,76
36,46
34,42
32,6
113,118
133,26
91,190
131,38
134,17
106,150
86,42
93,37
132,33
62,166
45,150
71,137
135,20
36,52
82,10
38,6
54,108
95,51
102,170
125,63
67,84
115,110
73,9
108,146
126,60
50,61
127,57
27,5
56,62
25,95
57,63
120,91
121,83
32,39
29,33
122,81
84,47
130,14
19,126
78,93
85,46
92,63
23,5
36,51
130,40
112,125
79,127
87,40
101,174
89,77
38,57
24,25
102,173
77,181
91,67
74,9
12,98
109,140
31,137
43,95
83,68
48,98
11,118
60,66
16,123
47,61
121,84
112,15
49,154
78,130
131,14
82,109
88,40
30,33
84,54
31,36
20,127
104,11
69,173
125,64
38,94
106,152
56,119
86,189
107,149
113,122
94,36
107,12
61,165
57,125
66,80
105,155
114,118
63,8
61,8
109,14
101,177
5,108
104,160
69,88
55,108
12,119
9,115
100,180
127,53
68,84
103,169
82,74
30,6
34,93
91,10
128,48
20,6
18,18
122,77
123,73
40,59
132,30
59,128
131,35
110,133
95,46
43,60
105,156
65,79
83,108
92,65
70,173
39,145
54,107
126,59
100,179
9,116
51,61
58,64
103,166
101,11
70,89
81,87
90,10
86,92
117,18
59,163
63,74
17,14
61,70
60,164
34,40
58,162
60,130
96,37
134,23
23,129
52,104
31,94
37,55
38,143
94,56
115,112
80,183
111,129
10,117
24,131
84,101
83,65
29,5
84,186
19,19
85,187
14,121
20,20
129,15
82,112
65,168
83,185
73,93
114,16
85,44
41,147
71,9
93,60
112,127
87,189
73,137
62,8
51,101
52,157
25,26
64,75
60,8
27,133
41,95
91,69
6,113
61,132
109,138
27,28
125,16
76,136
28,31
83,70
71,91
87,84
78,128
68,85
22,128
69,8
84,48
44,149
93,190
88,80
42,147
94,189
56,121
113,120
90,74
96,41
8,101
114,116
83,105
5,106
6,104
55,112
82,185
104,162
119,92
76,135
25,5
99,181
77,134
85,99
55,110
50,7
64,133
127,55
68,86
117,102
82,72
80,88
54,158
89,10
118,98
83,60
59,65
16,10
86,91
19,7
128,50
26,95
67,136
33,40
81,118
123,75
72,93
21,5
57,162
133,29
131,37
92,37
124,69
70,137
134,18
92,190
66,169
94,55
72,9
53,105
45,60
26,132
8,114
62,133
48,153
115,109
67,83
33,94
62,72
118,101
53,61
81,85
120,88
55,160
61,68
64,168
113,16
122,82
95,11
35,140
56,7
19,125
29,94
78,94
34,139
129,46
96,39
134,21
36,48
84,10
21,127
37,53
32,137
77,94
59,8
90,70
102,174
115,114
108,142
111,131
117,104
84,103
85,95
52,7
83,67
11,117
71,92
79,9
77,9
45,96
46,150
87,89
121,87
13,119
47,151
21,128
68,8
66,8
82,110
30,34
132,14
14,97
79,93
133,15
125,67
93,58
56,116
79,123
51,156
47,98
95,36
64,77
36,142
37,143
9,100
27,30
97,11
75,179
82,79
87,86
34,94
75,137
50,100
18,125
43,148
80,121
84,50
17,16
72,175
81,115
122,78
63,167
97,185
88,82
56,123
65,80
67,171
110,134
124,72
40,94
73,176
90,72
95,45
52,102
96,43
30,94
105,159
114,114
134,25
110,15
44,60
83,107
55,114
6,110
70,174
104,164
119,94
122,18
48,7
71,175
99,183
7,102
77,132
85,97
11,99
111,127
98,11
116,106
103,165
65,134
80,90
54,7
35,93
70,90
62,71
118,96
24,95
69,136
29,134
83,62
86,89
81,82
84,57
112,16
16,12
128,52
63,73
22,22
35,42
17,9
44,7
23,23
81,116
123,77
36,45
113,119
133,27
131,39
110,137
124,71
83,10
134,16
132,32
96,187
78,127
94,53
95,48
95,187
115,111
108,145
126,63
111,132
69,87
28,5
13,98
120,90
80,119
58,63
32,38
67,8
65,8
27,94
33,39
122,80
15,122
85,47
92,62
129,44
75,94
36,50
130,43
135,18
112,124
72,137
79,124
87,41
101,175
89,78
38,56
24,24
33,138
102,172
22,95
124,18
109,141
74,177
7,114
83,69
119,96
16,122
56,161
121,85
41,6
21,21
88,39
84,53
31,37
89,38
20,126
46,7
125,65
106,155
42,148
93,56
56,118
86,188
72,176
107,146
113,123
107,13
120,19
57,126
21,96
39,58
37,6
101,178
5,109
24,5
69,89
84,104
32,94
55,109
12,118
18,97
116,109
82,77
89,190
68,136
78,132
50,155
127,16
84,60
67,135
23,24
81,113
105,12
88,84
132,29
40,58
59,129
41,59
28,94
133,16
110,132
95,47
66,170
58,127
105,157
76,94
83,109
92,64
54,106
10,99
86,10
95,188
126,58
100,178
75,9
53,157
103,167
80,92
43,96
52,61
40,146
116,18
81,80
16,14
64,8
37,93
84,59
117,19
17,15
88,190
63,75
61,71
55,62
35,44
43,6
36,47
93,10
91,38
98,183
133,25
60,129
34,140
42,59
96,36
106,151
86,43
93,36
132,34
134,22
22,96
45,149
89,75
6,103
95,50
102,171
49,61
123,18
115,113
39,6
126,61
80,182
127,56
10,116
24,130
78,9
25,131
84,100
76,9
60,68
57,62
120,92
121,82
85,188
14,120
29,32
118,19
18,7
73,94
65,169
14,98
85,45
93,61
130,41
112,126
79,126
51,155
89,76
47,97
52,156
57,123
25,27
77,180
91,66
6,112
109,139
27,29
125,17
31,136
55,159
25,132
44,96
84,99
83,71
48,99
28,30
127,15
60,67
87,85
49,153
126,16
78,131
36,93
119,19
84,55
104,12
69,172
106,153
94,188
58,8
56,120
107,148
113,121
35,6
61,164
96,40
57,124
66,81
26,27
109,13
101,176
5,107
55,113
82,184
104,161
119,93
17,97
99,11
26,5
77,135
55,111
100,181
17,123
103,168
88,10
