78,138
90,187
103,15
18,121
62,64
116,21
42,10
54,58
121,70
22,19
92,14
82,127
63,163
112,108
89,94
98,51
63,137
99,42
62,162
123,57
67,74
81,180
26,98
39,45
88,98
110,117
49,58
71,171
80,56
87,13
42,98
11,103
40,142
39,97
31,132
43,98
76,12
13,101
28,131
128,18
56,58
57,59
79,136
130,24
65,11
20,14
59,61
83,40
33,34
23,19
103,149
106,139
60,62
19,122
107,130
113,107
61,63
122,63
93,34
108,126
65,71
98,175
38,140
111,19
101,162
24,21
10,104
23,126
80,63
94,67
26,23
12,102
55,128
93,77
11,114
70,81
58,59
67,12
47,148
66,11
88,36
42,143
128,37
129,32
40,48
96,61
52,112
96,182
86,185
105,141
112,112
97,56
87,37
92,80
77,88
53,124
116,94
21,99
28,98
80,54
99,169
126,42
92,78
100,162
51,10
125,47
101,159
102,156
38,97
41,10
21,17
120,75
121,67
63,65
20,122
81,133
34,9
122,65
72,87
106,135
42,144
105,15
15,117
109,122
41,54
78,77
79,65
58,159
32,134
24,99
89,91
54,125
33,135
51,109
57,130
99,39
120,23
121,22
64,67
126,45
43,56
70,169
38,9
9,110
127,40
66,73
84,116
100,14
12,114
9,112
71,83
101,15
50,151
84,183
90,14
121,68
117,22
88,187
78,178
67,139
23,20
82,125
97,179
59,133
112,110
78,84
85,39
60,134
80,135
89,92
98,49
110,17
66,166
117,90
99,44
123,59
67,76
38,139
39,47
91,82
88,100
23,99
80,58
75,174
84,115
80,179
53,153
87,101
31,9
29,9
79,138
14,117
55,58
83,42
33,32
103,151
97,180
83,181
106,137
73,89
68,167
128,32
107,132
113,105
114,20
34,136
122,61
114,103
98,173
59,11
101,160
104,145
25,22
123,22
31,97
73,12
27,129
55,127
61,136
48,10
100,165
10,112
119,75
76,140
125,20
69,81
78,13
93,75
27,24
64,138
102,155
86,106
85,184
50,106
41,142
118,23
120,70
69,12
81,130
131,18
40,50
96,63
86,38
52,114
94,185
77,86
53,122
60,11
52,152
117,86
99,32
125,51
99,171
77,176
94,72
9,107
118,82
76,139
115,96
37,97
55,155
28,26
101,157
48,103
111,113
71,84
29,27
86,109
126,20
54,154
121,65
63,67
35,36
24,127
69,168
73,173
82,128
36,39
57,158
52,121
97,55
78,83
79,67
98,52
61,160
51,111
99,41
64,69
100,34
81,46
82,180
9,108
110,118
118,85
127,42
30,97
82,45
84,118
74,140
16,119
49,150
129,30
49,104
32,32
94,14
103,152
97,177
66,138
35,136
22,9
19,121
79,72
74,90
25,98
70,140
83,13
81,13
38,44
99,46
117,88
22,99
123,61
37,9
91,84
46,101
72,12
39,140
45,57
74,173
23,125
110,121
62,136
80,60
26,8
119,76
36,97
87,103
95,64
11,113
70,82
53,58
79,13
77,13
45,100
46,146
58,60
67,11
20,10
68,12
79,178
56,129
128,34
98,177
107,134
37,40
60,159
57,11
90,91
96,58
52,117
21,124
114,101
19,100
98,171
77,91
51,152
83,120
47,102
104,147
98,32
124,53
76,176
108,16
85,114
94,71
81,50
100,167
127,38
55,156
93,73
102,153
126,19
50,104
13,116
31,30
43,144
120,72
68,168
72,171
131,20
90,34
40,52
58,11
109,125
22,125
78,78
79,68
67,167
27,98
77,84
73,140
54,126
95,33
116,90
76,175
99,34
36,137
125,49
108,128
100,37
126,46
70,170
122,22
9,105
118,80
68,78
66,74
38,10
95,182
115,98
80,64
111,115
71,86
27,9
18,120
69,140
129,27
127,19
65,164
44,146
22,18
35,38
93,185
82,126
45,10
115,95
112,107
97,53
78,81
91,187
89,95
90,87
98,50
38,43
110,18
99,43
67,75
58,133
91,81
88,97
110,116
25,8
82,43
85,110
40,141
30,9
31,133
87,104
43,99
28,9
28,130
89,13
129,28
29,131
79,137
112,19
130,27
20,13
83,41
106,138
60,61
36,40
107,131
79,74
92,34
42,56
122,62
92,187
15,100
97,32
98,174
85,13
91,86
124,56
107,16
24,20
119,80
26,129
123,21
80,62
35,97
26,22
74,12
12,101
119,78
95,66
55,129
56,157
49,103
130,18
21,9
34,35
32,31
128,36
70,12
90,89
96,60
52,119
96,181
86,184
105,142
72,140
114,99
97,57
83,122
80,136
124,55
77,89
116,93
105,144
48,149
80,53
85,112
94,69
92,77
81,48
111,116
40,10
30,29
86,110
68,140
64,164
21,18
120,74
46,10
81,134
131,22
122,64
72,86
40,54
109,123
106,15
78,76
79,70
58,158
32,133
24,98
87,186
41,55
35,9
54,124
51,106
57,131
43,57
33,9
121,23
108,130
100,39
126,44
37,138
40,98
24,8
9,111
10,103
127,41
66,72
30,98
82,46
97,14
34,97
52,11
89,96
75,140
102,15
68,139
115,21
78,139
62,65
50,150
84,182
116,22
121,69
85,183
88,186
82,124
63,162
93,14
91,34
41,56
112,109
80,13
80,134
89,93
98,48
63,136
96,32
38,41
99,45
71,140
123,56
67,77
106,16
58,131
91,83
44,57
39,44
88,99
74,174
69,79
49,57
71,170
39,10
80,57
75,175
11,102
53,154
87,106
128,19
56,59
129,18
64,11
130,25
14,116
20,15
59,60
33,33
103,148
106,136
73,90
107,133
113,106
61,62
23,8
93,33
108,127
105,139
45,146
19,99
98,172
114,102
111,18
51,151
101,161
47,101
83,119
104,144
95,63
100,164
127,37
125,21
27,25
25,128
93,76
64,137
102,154
31,29
41,143
118,22
119,23
81,131
131,19
40,49
96,62
52,113
94,184
105,140
87,36
78,75
94,33
77,87
83,124
92,81
53,123
116,95
117,87
99,33
80,55
61,11
99,168
77,177
92,79
126,43
109,17
100,163
125,46
115,97
28,25
44,99
77,139
101,158
48,102
29,28
71,85
50,10
102,157
47,57
86,108
21,16
121,66
20,123
81,132
104,15
24,126
69,169
72,88
35,37
36,38
52,120
109,121
78,82
79,64
61,161
33,134
51,108
64,68
33,97
81,47
9,109
118,84
27,23
82,44
84,117
12,115
101,14
16,118
17,120
88,13
129,31
91,14
47,10
103,153
97,178
84,39
35,137
22,8
112,111
79,73
85,38
60,135
84,13
117,89
62,161
99,47
123,58
82,13
76,91
91,85
39,46
46,100
39,141
88,101
110,120
65,70
80,59
30,132
119,77
75,12
95,65
52,58
130,23
20,9
60,160
79,179
103,150
73,88
114,21
34,36
36,9
128,33
98,176
107,135
113,104
37,41
90,90
71,12
52,116
94,183
114,100
83,121
124,52
104,146
25,21
85,115
32,97
94,70
61,135
81,51
100,166
10,113
16,100
127,39
69,80
49,10
93,74
65,138
86,107
54,11
31,31
20,16
43,145
120,71
81,129
131,21
40,51
52,115
109,126
22,124
32,9
79,69
77,85
124,51
87,185
53,121
52,153
117,85
125,50
99,170
100,36
81,52
9,106
118,83
68,77
95,183
115,99
98,14
111,112
29,26
54,155
55,11
65,165
44,145
63,66
44,10
93,186
73,172
82,129
57,157
15,118
97,54
78,80
20,99
79,66
98,53
90,86
38,42
51,110
99,40
64,70
65,72
29,98
58,132
100,35
98,47
48,57
82,181
88,96
110,119
17,100
82,42
99,14
84,119
85,111
51,58
87,105
49,149
129,29
29,132
90,13
130,26
78,177
113,19
20,12
25,127
95,14
66,139
59,134
79,75
74,91
75,91
92,186
52,111
15,101
66,165
123,60
86,13
26,128
80,61
50,58
124,21
119,79
17,119
95,67
87,102
70,83
77,12
45,99
46,147
56,156
113,20
61,64
20,11
56,130
83,182
84,40
34,34
59,159
128,35
89,35
56,11
34,135
90,88
96,59
52,118
21,123
96,180
105,143
97,58
77,90
83,123
124,54
104,148
62,11
116,92
108,17
48,148
80,52
99,167
27,130
85,113
94,68
81,49
93,72
41,98
46,57
18,100
30,28
89,187
50,105
13,115
47,147
64,163
40,47
120,73
43,10
14,101
72,172
113,103
89,36
131,23
90,35
40,53
86,37
109,124
78,79
79,71
67,166
54,127
51,107
116,91
95,32
125,48
36,138
63,11
81,179
108,129
100,38
37,139
40,97
96,14
9,104
118,81
68,79
52,10
111,114
53,11
27,8
