12,354
325,170
553,79
331,194
333,218
537,54
544,64
375,95
106,359
14,356
451,32
110,359
365,37
179,353
197,311
416,125
222,321
422,135
351,103
83,304
194,318
91,304
187,350
543,96
132,306
479,133
320,231
50,304
182,326
382,62
420,130
510,115
541,59
355,24
246,148
121,304
320,22
323,227
270,83
39,306
229,314
527,105
359,28
162,357
325,156
472,139
241,303
426,139
327,132
441,155
408,76
448,35
545,64
362,34
490,127
455,149
222,245
208,265
189,297
190,280
194,304
360,99
268,84
529,40
325,133
76,359
333,197
371,46
213,330
195,307
418,69
244,154
488,129
398,103
340,111
289,50
325,142
73,304
381,97
81,304
543,95
503,121
359,99
512,22
335,202
409,76
301,38
250,133
160,357
397,72
216,327
549,70
271,277
469,140
198,314
470,10
349,17
485,12
286,55
367,40
14,331
252,293
135,359
197,276
148,357
66,359
199,342
220,249
55,359
292,257
419,68
335,216
263,282
14,338
217,326
71,359
422,66
464,143
137,319
12,348
549,72
24,306
282,61
230,224
329,126
184,290
248,138
127,359
256,116
224,243
369,96
210,263
228,231
12,347
488,12
363,34
410,113
266,279
234,214
277,271
404,76
248,145
280,65
245,300
482,133
326,18
398,74
21,310
228,315
12,338
214,329
16,320
531,44
239,307
61,304
248,297
445,38
231,224
234,209
265,94
271,80
495,123
135,314
501,17
16,327
125,304
306,33
145,357
329,128
190,297
411,115
467,14
234,216
452,151
117,359
281,265
379,97
507,20
471,10
166,330
95,304
90,359
402,107
190,321
46,304
529,103
395,72
54,304
438,46
187,295
259,287
327,180
313,235
337,202
389,70
339,209
433,52
99,359
139,358
505,119
110,304
130,306
204,269
118,304
232,222
72,359
553,82
330,221
258,110
442,44
353,20
291,257
310,239
327,173
77,304
313,236
196,309
343,109
551,87
297,251
513,113
137,325
373,49
302,247
377,54
396,72
273,275
329,187
295,44
335,117
234,309
309,240
60,359
426,60
196,316
178,355
468,12
551,76
294,255
297,252
523,32
201,339
313,28
211,262
301,248
323,151
307,241
325,167
509,117
329,188
292,48
257,114
424,136
521,107
317,24
236,200
272,76
515,24
242,172
408,113
157,330
196,315
519,28
299,249
376,95
284,56
201,340
438,155
186,285
296,43
78,359
323,156
325,160
240,179
421,66
518,111
22,309
521,108
542,97
449,153
236,199
369,95
242,167
446,37
130,359
443,155
505,19
288,50
329,221
186,292
243,301
133,310
462,20
481,10
12,355
325,169
435,50
553,78
258,114
333,217
173,357
300,38
123,359
18,316
273,76
219,325
537,53
261,104
264,281
285,263
14,357
454,28
365,36
275,273
352,103
246,146
377,97
505,20
422,132
19,312
332,196
339,10
32,359
530,103
420,131
226,238
541,58
246,149
270,80
229,313
359,31
116,304
209,264
220,323
274,273
244,156
335,199
544,95
321,231
448,36
235,307
75,304
208,266
413,117
548,91
254,124
255,118
190,281
194,305
268,85
401,105
333,196
213,329
267,279
158,330
113,304
183,326
476,135
244,155
491,127
521,32
229,230
302,36
361,99
325,141
77,359
503,120
20,310
334,217
68,304
250,130
305,34
150,330
444,38
341,111
16,357
271,276
406,110
469,139
307,32
470,11
349,16
106,304
286,52
293,46
368,97
540,97
136,359
379,60
14,328
95,359
519,111
83,359
65,304
11,348
345,109
331,14
386,98
370,95
280,267
247,146
216,254
400,74
56,359
349,105
525,38
270,277
220,250
458,22
192,347
13,355
217,325
498,16
137,318
467,141
274,74
24,307
282,58
230,225
329,125
184,291
403,76
353,103
248,139
434,151
256,117
224,244
333,121
12,340
489,129
234,215
277,270
248,146
483,131
49,359
458,24
495,125
280,66
245,299
376,54
473,10
164,330
38,359
260,104
12,339
16,321
239,306
169,357
263,98
332,12
336,215
390,99
322,22
415,121
255,291
459,147
357,101
501,16
174,355
251,130
253,293
86,304
329,16
492,127
157,357
266,92
338,113
193,303
293,257
232,216
438,47
259,286
450,34
547,93
287,259
327,183
112,359
339,208
342,111
551,89
347,16
480,10
392,70
28,359
104,304
505,118
382,97
436,151
204,270
137,323
232,223
553,81
258,111
79,304
334,119
430,145
489,14
327,172
202,272
238,196
84,359
196,310
344,12
182,353
347,105
100,359
462,145
483,12
200,341
534,101
425,139
137,324
373,48
233,216
216,256
323,145
73,359
273,274
329,186
496,16
335,116
339,113
128,304
311,239
224,319
540,58
426,61
102,304
249,297
468,13
142,330
238,190
330,125
331,121
539,99
301,247
303,247
323,150
325,166
509,116
438,48
42,306
169,330
424,137
288,259
236,201
272,77
275,72
242,173
390,70
428,141
141,357
414,72
295,255
376,96
284,57
456,24
296,44
462,18
450,151
305,245
240,180
187,322
300,40
449,152
195,345
242,164
14,355
161,330
43,359
246,152
505,18
288,51
324,143
186,293
79,359
133,309
325,168
331,196
170,330
499,16
173,356
300,39
304,34
18,317
219,324
537,52
276,72
318,24
285,262
415,72
454,29
275,272
424,64
279,66
246,147
466,16
412,116
179,355
147,330
422,133
194,316
395,101
531,103
163,330
456,149
292,46
188,322
479,135
262,102
330,14
186,324
226,239
355,26
412,115
323,229
270,81
254,122
258,287
359,30
15,328
380,97
502,121
244,157
335,198
45,359
191,280
321,230
33,359
200,272
533,50
207,333
281,62
319,233
447,36
412,74
180,353
148,330
22,359
268,86
371,48
153,357
101,359
35,306
218,254
440,44
43,306
227,315
545,95
238,307
511,115
440,155
100,304
444,40
319,22
324,227
108,304
549,91
94,359
385,97
10,350
302,37
361,98
325,140
59,304
173,328
463,18
432,147
472,10
436,48
20,311
337,10
250,131
185,353
444,39
211,331
265,281
345,107
97,304
406,111
247,297
428,56
198,312
286,53
507,117
146,357
220,252
202,339
96,359
367,42
250,138
14,329
538,56
519,110
523,107
11,351
345,108
309,30
366,97
386,99
262,283
446,153
212,260
216,255
52,304
349,104
192,301
525,37
220,251
458,23
375,51
14,336
422,64
137,317
527,39
286,261
90,304
274,75
24,308
464,16
282,59
230,230
353,102
248,140
393,101
414,120
256,118
365,97
203,337
520,109
333,120
298,42
171,357
193,347
218,325
12,341
489,128
144,357
363,36
539,57
234,212
223,319
277,269
495,15
153,330
195,278
378,97
418,126
495,124
206,268
486,12
416,72
328,186
326,16
383,65
260,105
189,349
423,64
228,232
360,32
16,322
531,46
546,68
34,359
332,13
50,359
255,290
459,146
208,333
357,100
39,359
27,359
253,292
170,357
353,24
287,261
252,124
327,185
496,123
480,133
337,215
266,93
357,28
526,105
57,304
185,286
416,70
293,256
402,105
232,217
269,279
144,330
547,92
327,182
238,194
111,304
403,107
493,127
339,211
504,18
550,74
551,88
243,162
407,111
505,117
124,359
197,343
240,305
137,322
162,330
508,117
553,80
331,219
258,108
97,359
442,42
547,69
489,13
253,124
272,80
291,259
238,197
113,359
327,175
249,295
196,311
343,111
172,328
501,121
29,359
459,22
216,257
323,144
273,273
335,119
339,112
88,304
311,238
314,235
315,235
249,296
85,359
468,14
551,78
238,191
523,34
63,304
233,311
33,306
197,345
363,97
71,304
508,20
221,323
539,98
303,246
305,243
323,153
307,243
325,165
509,115
424,138
502,18
158,357
236,202
272,78
515,26
242,170
260,285
280,62
428,142
414,73
127,304
295,254
519,30
298,251
299,251
376,97
284,58
322,229
434,52
514,113
456,25
438,153
462,19
430,56
305,244
240,181
312,237
242,165
318,22
13,338
369,46
26,306
246,153
392,99
288,52
416,121
422,131
243,303
133,308
447,153
308,241
258,112
205,268
460,20
522,107
336,10
173,355
304,35
18,314
237,198
475,10
296,253
285,261
533,47
185,324
242,303
44,359
300,249
427,60
412,117
214,260
179,354
345,14
137,359
355,101
391,99
194,317
463,145
400,105
292,47
314,28
374,50
251,293
515,113
384,66
479,134
151,357
262,103
308,30
57,359
330,15
167,357
206,335
226,236
155,357
412,76
323,228
254,123
46,359
268,88
396,101
532,103
62,359
393,71
378,56
431,54
506,117
217,254
327,129
244,158
321,229
235,309
200,273
533,49
222,248
387,69
193,278
319,232
412,75
114,359
499,121
118,359
268,87
256,289
393,72
440,45
545,94
503,18
107,359
185,351
225,240
265,279
549,90
491,14
455,28
276,271
405,109
10,351
466,141
361,97
506,20
325,139
254,291
458,147
481,133
432,148
219,252
436,49
315,26
335,215
120,359
379,57
185,352
149,330
154,330
265,280
325,227
452,32
27,306
428,57
198,313
327,223
84,304
394,72
177,328
552,87
92,304
457,149
332,121
375,53
14,334
226,240
137,315
205,337
277,68
212,261
122,304
184,286
349,103
192,302
525,36
414,118
375,50
485,131
14,337
513,24
422,65
137,316
12,351
527,38
180,326
274,72
517,28
187,284
464,17
471,139
37,306
23,308
353,101
248,141
303,36
178,328
414,121
206,266
333,119
193,346
511,22
149,357
44,304
12,342
115,304
539,56
234,213
131,359
495,14
483,133
156,357
394,101
142,357
290,50
74,359
347,15
418,127
172,357
82,304
191,301
252,128
287,52
272,275
326,17
383,64
533,103
294,46
260,106
228,233
63,359
51,359
16,323
380,60
184,324
425,62
67,359
30,306
332,14
32,306
322,20
550,89
40,359
135,311
357,99
190,349
341,10
253,291
386,68
190,300
287,260
252,125
327,184
337,214
266,90
357,27
323,20
416,71
232,218
269,278
473,139
133,359
450,32
237,307
238,195
327,177
399,105
493,126
497,123
339,210
53,359
137,321
175,355
486,129
17,318
553,87
131,306
258,109
442,43
49,304
284,263
547,68
489,12
453,30
291,258
327,174
120,304
192,280
338,206
343,110
18,358
347,107
172,329
136,314
125,359
324,156
436,152
207,266
137,330
103,304
216,258
323,147
240,184
475,137
98,359
335,118
361,34
236,204
428,144
238,188
311,30
387,99
176,328
233,310
528,40
197,344
221,322
331,123
521,31
430,54
323,152
307,242
325,164
424,139
344,109
236,203
272,79
276,68
242,171
23,359
280,63
192,278
428,143
31,306
348,105
154,357
299,250
72,304
456,26
402,74
80,304
138,330
240,182
475,135
331,193
47,304
55,304
242,162
318,23
490,14
365,40
369,45
189,282
392,100
465,143
68,359
214,258
416,122
186,291
243,302
133,307
484,12
241,305
258,113
187,349
366,40
371,95
226,317
460,21
119,304
304,36
449,151
451,151
18,315
399,74
474,137
478,10
196,276
533,46
541,62
318,233
466,14
345,13
336,115
463,144
323,143
325,159
152,357
426,140
86,359
515,112
168,357
262,100
545,67
343,11
308,31
186,322
222,246
226,237
469,12
254,120
138,359
356,101
529,43
268,89
396,102
509,22
393,70
418,70
244,159
545,68
526,38
235,308
200,274
533,48
58,359
387,68
207,335
261,285
445,155
478,135
548,70
36,306
47,359
285,56
433,151
529,44
325,18
218,252
510,22
440,46
460,145
227,317
335,201
545,93
250,134
549,89
494,14
10,348
119,359
325,138
327,225
537,101
423,135
482,10
230,313
195,316
432,149
436,50
457,147
241,174
192,320
124,304
379,56
186,351
424,62
211,333
325,226
406,109
247,299
391,70
428,58
215,258
543,64
199,341
364,97
457,148
20,312
121,359
263,281
340,10
250,136
375,52
14,335
53,304
479,10
137,314
179,326
205,336
386,97
334,12
282,62
212,262
432,52
184,287
192,303
525,35
414,119
129,306
224,240
117,304
407,76
210,264
485,130
352,20
372,95
264,96
12,344
290,259
346,107
274,73
76,304
517,27
464,18
410,114
230,228
401,74
19,359
248,142
435,151
203,339
257,289
223,321
206,267
298,40
337,115
193,345
16,318
114,304
260,108
44,305
189,322
524,107
12,343
452,30
385,67
103,359
234,210
91,359
522,32
354,101
483,132
543,63
347,14
312,28
64,359
135,313
252,129
291,48
533,102
80,359
260,107
316,24
228,234
29,306
529,105
69,304
16,324
306,34
184,325
385,68
278,68
190,298
310,30
132,359
336,202
322,21
308,32
419,127
135,310
231,311
107,304
165,330
351,19
190,322
52,359
190,301
427,141
546,93
359,32
252,126
244,160
337,213
266,91
357,26
171,330
500,121
139,357
232,219
215,327
269,277
473,138
353,23
279,267
411,76
450,33
198,276
364,36
327,176
238,192
493,125
188,282
337,206
339,213
493,14
317,235
191,347
196,345
362,97
225,319
137,320
487,12
553,86
331,221
442,40
122,359
342,10
532,46
384,97
535,51
404,108
477,135
151,330
156,330
18,359
347,106
238,186
167,330
172,330
191,320
193,318
436,153
165,357
115,359
137,329
323,146
329,191
184,353
240,185
330,192
420,66
474,10
475,136
361,33
236,205
74,304
381,62
404,107
188,296
428,145
453,151
238,189
257,287
333,12
233,309
358,28
328,223
221,321
331,122
186,286
521,30
430,55
323,155
325,163
36,359
112,304
240,176
24,359
22,310
332,219
183,353
276,69
242,168
188,295
192,279
446,38
525,107
87,304
330,16
369,43
434,50
456,27
12,352
324,18
108,359
325,172
240,183
331,192
67,304
242,163
316,235
81,359
365,39
40,306
369,44
392,101
465,142
214,259
468,141
416,123
348,16
133,306
105,304
267,90
306,243
240,174
241,304
420,127
460,22
18,312
56,304
64,304
262,98
196,277
431,147
420,128
541,61
246,150
466,15
69,359
345,12
254,118
283,265
325,158
314,26
188,349
426,141
212,331
251,295
497,16
262,101
545,66
343,10
186,323
222,247
264,94
304,245
470,139
270,84
254,121
417,125
494,125
190,282
194,306
529,42
268,90
396,103
325,135
509,21
128,359
87,359
327,131
535,101
203,270
221,248
223,244
207,334
261,284
445,154
370,46
498,123
499,123
283,263
457,24
537,99
244,301
218,253
227,316
335,200
250,135
397,74
398,104
388,70
176,355
413,74
204,337
10,349
428,60
325,137
346,14
327,224
537,100
432,150
198,343
350,18
500,16
28,306
139,330
379,59
328,129
424,63
155,330
211,332
325,225
328,16
383,63
41,359
421,131
334,10
247,298
428,59
512,115
143,330
134,310
30,359
286,56
159,330
515,111
250,137
14,332
161,357
449,34
549,74
205,335
356,26
194,278
230,226
432,53
184,288
403,75
102,359
525,34
129,305
256,114
224,241
140,330
268,279
485,129
259,108
78,304
442,155
264,97
232,224
12,345
201,272
534,50
517,26
410,115
230,229
492,14
45,304
248,143
178,326
203,338
257,288
223,320
298,41
372,48
337,114
16,319
513,23
441,44
44,306
461,145
228,236
373,95
104,359
452,31
239,305
385,66
539,58
278,66
101,304
234,211
109,304
20,359
192,318
543,62
290,48
418,125
552,78
312,29
60,304
135,312
231,313
252,130
397,103
533,101
383,66
437,48
41,306
294,44
439,155
316,25
228,235
338,10
529,104
16,325
184,326
477,10
190,299
92,359
98,304
281,267
232,311
429,56
520,30
65,359
351,18
299,40
215,329
94,304
259,285
279,269
410,76
252,127
198,274
327,186
518,28
188,284
244,161
335,10
339,207
213,260
177,355
185,291
191,349
487,129
232,220
250,295
15,357
473,137
536,52
353,22
430,146
327,179
238,193
188,283
209,333
338,213
337,205
339,212
465,16
317,234
483,11
140,357
358,99
513,115
417,70
225,318
137,327
145,330
553,85
420,68
331,220
442,41
547,70
35,359
239,186
535,50
404,109
426,62
238,187
137,328
323,149
329,190
240,186
327,16
420,67
361,32
236,206
381,61
242,174
188,297
408,111
160,330
181,326
453,150
551,75
331,125
194,303
323,154
324,20
325,162
326,133
240,177
202,270
276,70
242,169
99,304
354,24
443,40
374,95
525,106
369,42
282,265
434,51
329,223
456,28
58,304
21,359
186,294
66,304
12,353
324,19
325,171
37,359
331,195
25,359
333,219
194,345
18,318
219,323
537,55
262,104
409,113
199,274
454,30
365,38
275,271
96,304
388,99
246,299
465,141
416,124
329,192
93,359
422,134
406,76
109,359
240,175
187,351
543,97
18,313
537,56
334,198
82,359
262,99
196,278
343,12
420,129
166,357
541,60
355,25
246,151
319,231
51,304
270,82
254,119
229,315
283,264
359,29
325,157
314,27
251,294
327,133
111,359
448,34
545,65
89,304
289,259
222,244
208,264
264,95
197,314
524,34
48,304
194,307
529,41
88,359
34,306
325,134
326,225
509,20
536,101
333,198
297,42
371,47
213,331
418,68
327,130
516,26
387,70
261,283
445,153
499,122
302,38
325,143
250,132
397,73
398,105
549,71
147,357
444,155
542,62
469,141
325,136
163,357
349,18
503,119
432,151
286,54
367,41
461,20
379,58
14,330
70,359
476,10
519,109
271,275
383,62
334,11
321,22
470,12
126,359
199,343
220,248
335,217
263,283
375,54
14,333
217,327
26,359
174,328
17,357
549,73
274,76
42,359
282,60
230,227
432,54
198,311
329,127
184,289
403,74
152,330
389,99
31,359
414,117
530,44
129,304
256,115
516,111
168,330
224,242
369,97
541,97
210,262
227,236
228,230
245,154
264,98
528,105
12,346
16,328
363,35
236,307
248,144
178,327
280,64
245,301
337,113
513,22
175,328
527,40
531,45
326,172
278,67
234,208
116,359
62,304
192,319
141,330
70,304
290,49
146,330
255,289
312,30
459,145
231,312
89,359
294,45
351,20
316,26
501,18
105,359
16,326
306,32
329,129
126,304
350,103
495,16
281,266
283,58
266,94
181,353
85,304
504,119
269,84
93,304
402,106
190,320
448,153
215,328
279,268
547,91
198,275
235,208
309,239
327,181
368,42
25,306
244,162
337,203
339,206
123,304
191,348
139,359
249,138
164,357
204,268
538,99
150,357
232,221
489,127
514,24
553,83
353,21
430,147
327,178
238,198
535,52
59,359
313,237
337,204
196,308
75,359
437,153
38,306
293,255
278,269
317,233
483,10
513,114
225,317
137,326
373,50
48,359
377,55
553,84
339,111
429,145
236,208
309,241
311,237
210,333
196,307
18,357
551,77
367,97
297,253
523,33
484,131
383,97
539,97
301,249
377,56
303,245
323,148
329,189
517,111
424,135
335,115
236,207
381,60
515,25
408,112
196,314
414,74
453,149
551,74
129,359
295,253
519,29
201,341
438,154
331,124
186,284
296,42
325,161
143,357
240,178
22,308
521,109
61,359
134,359
159,357
236,198
454,149
202,271
276,71
242,166
439,46
446,36
525,105
246,154
54,359
329,222
186,295
405,76
463,143
