450,144
201,303
421,76
134,350
126,350
454,140
99,312
151,339
156,337
525,98
50,313
196,296
362,48
38,350
520,41
320,31
249,175
247,182
527,96
421,117
478,126
134,337
374,63
194,337
195,325
342,20
238,229
441,146
81,350
266,111
486,121
451,41
206,328
249,176
233,302
370,58
83,313
529,55
512,105
306,232
425,123
226,307
482,124
394,80
507,108
271,97
56,313
354,34
182,345
238,298
440,146
121,313
90,350
276,261
427,70
112,350
59,313
205,314
188,342
425,124
173,337
283,74
543,86
512,31
337,19
544,85
139,350
362,45
533,61
130,330
289,65
97,313
259,131
328,115
310,39
241,217
25,322
35,313
270,266
75,350
316,137
298,51
322,220
358,40
256,141
148,350
366,88
274,91
331,22
446,144
73,313
400,82
19,341
354,92
432,136
530,59
515,104
409,85
382,90
203,318
422,75
464,136
264,117
318,136
412,85
514,35
231,245
506,27
346,23
19,346
543,77
195,294
141,350
198,332
435,138
146,350
520,100
316,159
500,25
322,191
287,69
154,337
318,179
233,243
214,319
197,285
328,25
78,350
234,239
128,325
536,66
230,302
378,88
516,104
419,77
332,108
316,150
287,66
326,27
534,65
150,350
423,73
464,134
413,83
324,197
236,300
267,111
235,236
346,25
327,201
518,41
25,350
460,33
320,185
419,114
243,205
315,37
78,313
236,299
97,350
118,350
256,280
457,35
23,329
522,47
281,256
526,96
30,350
195,285
202,329
457,140
243,210
171,337
316,164
333,108
461,136
214,320
54,313
364,49
457,36
23,326
320,183
316,163
244,203
245,195
280,79
376,67
505,110
41,313
439,146
118,313
318,175
233,239
360,44
145,350
330,210
467,23
30,313
453,40
492,117
256,278
335,20
390,92
415,108
95,313
167,337
297,242
540,90
193,289
402,98
104,350
302,236
396,81
184,342
94,313
496,24
295,55
445,49
356,39
410,85
359,90
289,250
273,96
131,350
314,226
265,113
278,258
377,69
71,313
328,212
103,311
285,69
307,232
67,350
286,252
344,99
128,319
310,230
260,276
261,125
209,324
390,78
232,302
322,125
415,82
298,242
376,88
528,53
434,63
309,39
21,339
484,19
162,350
253,159
312,228
330,207
420,77
251,284
290,250
291,248
224,309
294,246
197,324
329,212
348,29
313,37
243,292
211,271
251,164
253,152
308,232
420,116
205,277
522,98
133,350
429,130
296,244
132,333
264,274
375,65
181,333
377,88
413,106
417,111
328,201
309,41
330,110
538,68
247,184
194,292
324,29
201,302
518,102
477,126
297,53
421,75
212,320
502,110
158,337
234,302
454,141
275,87
151,338
362,49
142,350
520,42
206,326
249,174
269,105
58,313
229,304
46,350
532,94
435,59
421,116
481,124
317,35
50,350
506,108
342,21
448,45
160,337
129,329
221,312
208,275
387,90
246,288
193,287
89,350
370,59
512,106
34,313
306,233
109,350
187,342
425,122
339,19
213,320
394,81
399,95
239,225
354,35
503,27
530,94
161,350
279,81
455,37
276,262
205,313
378,69
274,264
120,350
544,86
139,337
130,331
388,90
100,311
322,194
341,102
340,104
108,311
289,64
147,350
259,130
539,90
27,315
328,116
401,98
241,216
25,321
177,337
451,142
270,267
316,138
343,21
257,135
227,251
83,350
318,134
358,41
197,298
446,145
466,134
230,247
302,47
324,120
325,118
400,83
128,328
219,265
354,93
530,56
510,29
526,52
510,108
203,305
498,25
467,132
72,350
263,119
231,244
307,41
326,200
19,349
20,341
198,333
435,141
520,101
316,152
318,33
287,68
149,350
154,350
318,176
233,242
197,284
253,282
534,62
267,105
35,350
128,326
219,263
536,67
230,303
290,61
332,109
495,116
316,151
245,290
192,338
263,274
486,20
464,135
355,37
444,51
174,337
324,198
262,276
267,110
235,239
332,21
482,19
320,186
32,313
243,204
315,36
476,17
190,340
86,313
23,328
522,44
425,73
526,97
243,213
316,165
480,124
337,104
125,350
272,264
473,19
137,337
318,165
247,193
37,350
42,350
450,43
272,97
364,50
368,53
404,83
62,313
389,92
465,27
414,108
347,27
245,194
376,68
291,61
204,279
114,350
423,119
351,31
318,172
501,25
360,45
330,211
278,83
334,108
49,313
126,313
492,118
256,279
329,25
23,350
153,350
38,313
245,203
281,79
338,104
319,222
193,288
190,329
302,237
184,343
77,350
496,25
295,54
339,104
512,32
128,313
314,227
265,112
446,49
342,102
199,299
519,41
278,259
461,33
407,101
191,327
104,311
196,325
328,213
330,114
438,57
170,337
79,313
502,26
286,253
344,100
255,141
310,231
350,94
261,124
248,181
374,64
390,79
322,122
217,267
317,224
528,54
326,118
21,338
225,308
253,158
381,73
312,229
496,23
300,49
195,336
55,313
224,310
317,136
210,322
64,350
197,323
251,167
253,151
474,17
297,51
522,99
119,313
429,129
474,128
132,334
136,350
31,313
295,244
318,224
466,25
417,110
200,330
218,316
328,202
330,111
309,40
538,69
27,350
524,48
247,187
162,337
531,94
201,301
188,331
297,52
49,350
212,321
502,111
342,19
182,333
520,43
206,327
249,173
505,27
269,104
405,83
524,47
133,335
317,34
499,25
195,327
506,109
399,81
202,319
276,87
433,65
451,43
453,142
58,350
246,289
288,65
147,339
336,104
366,52
394,94
271,99
399,94
239,224
439,55
117,350
227,306
544,80
530,95
252,282
238,296
279,80
300,238
29,350
469,23
218,265
258,278
459,33
289,63
219,314
241,294
349,29
205,312
244,290
502,112
255,280
113,311
168,337
293,59
476,128
316,140
408,85
317,165
461,31
106,350
455,140
257,141
186,342
211,322
265,272
322,195
447,45
345,98
222,312
259,133
406,84
27,314
391,79
433,138
215,267
401,97
25,320
177,336
325,29
316,139
526,50
510,106
318,135
319,31
322,218
69,350
197,297
363,49
263,121
324,121
326,214
128,329
19,343
219,264
329,114
542,76
463,27
530,57
526,53
164,350
203,304
449,45
514,33
346,98
263,118
411,105
231,247
360,90
326,201
128,320
19,348
401,83
195,296
379,71
435,140
520,102
316,153
100,350
320,220
165,337
189,331
135,350
318,177
233,241
197,283
324,216
534,63
262,274
198,298
235,233
128,327
223,310
277,260
419,79
311,37
332,110
316,144
486,21
71,350
382,74
423,75
479,126
190,338
324,199
385,77
277,87
235,238
128,350
368,56
537,67
425,71
320,187
419,116
166,350
243,207
372,60
483,19
321,220
250,167
534,94
352,32
527,53
325,216
41,350
518,38
23,331
522,45
425,72
195,287
166,337
243,212
480,125
372,59
500,112
272,265
473,18
423,121
318,170
247,192
144,339
334,106
430,132
364,51
255,145
329,23
368,54
403,98
389,91
465,26
418,112
493,23
208,324
245,193
541,73
376,69
429,69
196,336
107,311
291,60
423,118
318,173
319,33
487,21
330,208
427,128
122,350
266,270
467,25
237,233
329,24
496,114
320,128
249,286
415,110
57,313
172,337
245,202
281,78
501,112
21,335
46,313
380,72
201,304
184,344
512,33
128,314
404,98
389,77
85,350
199,298
333,21
461,32
407,100
33,313
508,29
328,214
240,296
282,254
373,63
380,71
163,337
477,17
442,53
502,27
452,142
273,95
350,95
261,123
136,337
262,123
374,65
322,123
87,313
217,266
343,100
471,19
298,240
528,55
204,317
21,337
251,161
253,157
312,230
330,205
290,248
223,257
151,350
210,323
156,350
374,88
294,244
279,79
63,313
468,132
327,116
240,294
204,308
211,273
247,189
447,144
251,166
253,150
336,19
429,128
361,45
87,350
92,350
474,129
535,92
132,335
431,136
127,313
203,281
299,240
249,171
214,269
200,331
328,203
438,144
39,313
463,136
524,49
247,186
430,67
381,90
201,300
212,322
449,144
234,300
384,75
239,221
275,89
497,25
316,224
375,88
57,350
443,146
249,172
447,49
269,103
494,116
462,29
435,61
317,33
173,348
393,94
195,326
158,350
127,350
271,101
439,57
433,64
252,284
451,42
185,333
39,350
242,294
203,279
44,350
300,240
249,181
345,23
329,205
370,57
336,105
431,65
400,96
366,53
244,292
134,335
542,88
271,98
239,227
443,51
354,33
544,81
301,49
252,283
238,297
257,139
185,342
225,255
279,83
300,239
304,234
469,22
417,112
455,39
222,310
539,71
405,100
481,19
229,251
215,269
289,62
205,311
116,313
244,291
274,262
293,58
475,17
316,141
461,30
28,313
130,329
257,140
322,192
259,132
406,85
433,137
401,96
113,350
542,74
463,29
267,270
106,311
325,28
92,313
526,51
358,92
491,118
510,107
227,253
318,132
320,126
449,43
322,219
197,296
263,120
466,132
324,122
326,215
19,342
241,215
542,77
367,53
99,350
68,313
140,337
286,69
203,307
149,339
442,146
449,44
411,104
231,246
307,43
128,321
492,21
45,313
198,323
350,30
316,154
320,221
486,19
114,312
519,102
44,313
189,330
228,251
228,304
233,240
324,217
262,275
248,286
267,107
143,350
20,350
349,96
458,140
419,78
220,312
316,145
82,313
268,268
533,94
382,75
294,55
423,74
190,339
246,193
201,283
277,86
79,350
368,57
23,333
320,188
322,29
303,45
199,321
243,206
540,72
372,61
511,31
441,55
352,33
299,49
179,346
325,199
386,77
115,313
268,105
470,21
518,39
60,350
23,330
350,96
495,23
426,71
320,179
195,286
433,63
292,246
167,348
480,126
540,71
172,348
245,199
500,113
252,159
272,266
473,17
437,59
423,120
318,171
484,122
250,286
396,94
473,130
334,107
119,350
284,254
255,144
399,96
536,90
368,55
23,323
389,90
465,25
31,350
459,138
208,325
429,68
417,79
319,32
341,19
180,346
145,339
330,209
266,271
467,24
237,232
496,115
320,129
213,271
199,300
245,201
281,77
176,346
323,29
110,311
21,334
138,337
380,73
327,25
62,350
128,315
25,319
408,102
342,100
490,21
471,21
352,94
392,79
321,191
176,337
330,112
316,35
282,255
105,350
273,94
255,143
202,281
478,17
390,77
32,350
323,122
431,133
344,21
217,265
347,96
298,241
282,256
196,334
326,116
402,83
21,336
80,313
207,275
251,160
253,156
254,282
102,350
91,350
290,249
311,230
142,339
199,283
516,36
294,245
480,17
240,295
211,272
301,238
247,188
253,149
163,350
304,45
99,311
544,77
516,35
348,96
203,280
249,170
200,332
218,314
328,204
538,67
247,181
381,89
209,275
47,313
194,338
234,301
384,76
275,88
316,225
486,122
513,33
185,331
43,350
249,179
447,48
269,102
331,110
435,60
509,29
366,51
226,308
542,86
393,93
503,110
271,100
418,79
183,333
239,229
293,55
439,56
182,346
185,332
424,73
207,326
261,276
249,180
336,106
427,69
47,350
52,350
205,317
283,73
74,350
384,90
239,226
544,82
301,48
362,46
257,138
279,82
304,235
469,21
455,38
222,311
258,276
459,35
405,99
406,83
229,250
215,268
289,61
205,310
426,126
393,79
274,263
293,57
316,142
461,29
45,350
357,92
358,90
124,313
221,263
387,77
226,255
318,130
447,47
322,193
470,132
36,313
148,339
331,21
259,135
351,94
280,256
321,31
433,136
456,140
241,221
371,59
542,75
283,71
525,49
463,28
325,27
183,344
460,136
121,350
164,337
203,317
259,127
227,252
318,133
320,127
323,218
54,350
263,123
466,133
506,28
19,345
241,214
230,304
177,335
195,293
530,55
472,19
516,102
316,156
192,327
210,273
140,338
203,306
225,257
358,39
323,195
346,96
76,313
406,100
464,27
247,288
307,42
128,322
19,350
492,22
224,257
24,350
435,142
364,88
350,31
316,155
320,222
287,65
53,313
114,313
189,329
523,98
228,305
179,335
324,218
73,350
534,61
94,350
248,287
267,106
52,313
235,235
346,26
141,339
419,113
220,313
311,39
117,313
316,146
268,269
383,90
155,350
135,337
29,313
306,43
90,313
201,282
277,85
59,350
23,332
320,189
365,88
202,330
203,328
166,348
243,209
171,348
540,73
372,62
193,338
504,110
93,313
534,92
441,54
524,98
484,124
395,94
144,350
359,43
236,233
23,325
522,43
153,337
320,180
123,313
292,247
206,277
316,160
245,198
500,114
398,81
437,58
439,145
80,350
189,340
318,168
484,123
175,348
69,313
432,65
288,250
255,147
536,91
414,83
208,326
281,75
191,338
429,67
284,71
450,142
61,350
66,350
237,231
310,232
496,116
320,130
213,270
245,200
281,76
176,347
21,333
138,350
356,92
216,316
128,316
25,318
265,117
504,27
322,126
342,101
415,81
471,20
369,57
523,47
407,102
330,113
207,277
201,319
170,348
353,33
101,350
502,25
273,93
255,142
102,311
431,132
344,22
191,329
412,106
196,335
417,81
326,117
251,163
253,155
380,88
273,264
88,313
532,60
535,65
223,259
315,226
468,23
110,350
516,37
480,18
362,90
22,350
247,191
305,234
91,313
112,311
292,59
532,59
454,142
151,337
64,313
544,78
357,39
65,350
249,169
218,315
201,321
328,205
103,350
108,350
381,88
472,130
209,274
67,313
384,77
239,223
275,91
316,226
160,350
490,118
40,313
26,315
249,178
269,101
201,330
229,247
51,350
306,234
435,63
542,87
393,92
485,19
239,228
96,350
242,213
43,313
354,36
157,337
242,292
479,17
340,102
499,114
431,67
24,323
188,340
205,316
81,313
425,126
314,37
283,72
378,70
443,53
544,83
301,47
362,47
490,120
397,81
130,332
257,137
304,236
470,130
258,277
259,129
405,98
459,34
428,69
229,249
324,118
241,219
205,309
293,56
316,143
319,130
358,91
305,45
235,300
221,262
318,131
48,350
447,46
358,42
488,21
53,350
259,134
498,114
280,257
446,146
321,30
241,220
354,94
394,79
510,30
460,137
526,49
107,350
130,350
388,77
227,255
456,37
204,328
263,122
194,287
506,29
34,350
19,344
241,213
195,292
198,334
516,103
316,157
140,339
225,256
260,127
452,41
346,97
254,149
93,350
410,104
411,106
143,339
128,323
327,214
492,23
84,313
178,335
379,88
364,89
316,148
193,327
165,350
372,88
228,306
413,85
239,296
205,328
61,313
101,311
248,288
122,313
267,109
361,90
235,234
109,311
326,199
346,27
458,138
419,112
220,314
311,38
60,313
243,203
316,147
315,35
124,350
268,270
382,73
150,339
155,337
483,124
338,19
125,313
180,335
508,108
36,350
201,281
258,135
277,84
266,272
487,120
471,130
37,313
98,313
320,190
526,98
303,47
434,138
507,29
199,323
437,143
476,126
166,349
243,208
372,63
513,104
534,93
441,53
95,350
299,51
373,88
318,166
174,348
488,120
395,81
259,276
198,283
255,149
518,37
23,324
152,350
320,181
316,161
245,197
318,222
392,92
376,65
383,75
437,57
439,144
423,122
427,127
318,169
250,284
509,108
184,333
76,350
222,261
330,212
88,350
215,318
288,251
515,35
255,146
536,92
77,313
220,263
424,122
540,88
193,291
514,104
137,350
355,92
302,238
450,143
251,159
489,120
295,53
445,51
356,37
237,230
314,228
335,19
265,115
213,269
193,292
176,348
285,71
216,317
327,27
169,348
123,350
286,254
273,91
128,317
237,298
497,114
25,317
261,127
265,116
40,350
541,88
21,341
22,333
207,276
194,327
273,92
223,261
409,103
120,313
431,135
344,23
458,35
191,328
416,110
417,80
21,350
26,350
66,313
283,254
216,267
251,162
253,154
254,280
475,128
205,279
522,100
429,132
532,61
296,242
223,258
409,104
264,272
181,335
454,39
275,262
96,313
480,19
249,167
413,108
538,70
247,190
421,77
42,313
371,88
99,313
544,79
265,111
157,350
428,128
249,168
72,313
201,320
247,183
105,311
421,118
134,336
209,273
194,336
506,110
202,304
111,350
239,222
275,90
116,350
485,122
486,120
397,94
490,119
75,313
246,290
465,134
28,350
249,177
48,313
391,92
512,104
435,62
226,306
159,337
354,37
82,350
196,285
530,96
181,346
182,344
242,293
340,103
51,313
491,21
276,260
427,71
431,66
240,221
205,315
188,341
425,125
282,75
283,75
177,346
378,71
159,350
443,52
544,84
305,43
89,313
161,337
130,333
257,136
186,331
63,350
68,350
470,131
517,37
538,90
259,128
27,313
229,248
324,119
469,132
326,216
328,114
241,218
205,308
25,323
353,94
316,136
140,350
305,44
200,283
129,350
221,261
445,146
65,313
358,43
271,266
331,23
521,43
280,258
321,29
400,81
56,350
542,73
178,346
530,58
270,268
510,31
440,55
168,348
460,138
203,319
227,254
232,243
514,34
494,23
115,350
444,146
263,117
19,347
195,295
435,139
436,59
316,158
319,179
70,350
203,308
352,31
318,178
321,126
214,318
370,88
231,243
128,324
536,65
199,332
364,90
350,29
316,149
340,19
287,67
534,64
511,106
114,311
413,84
324,196
334,21
212,271
267,108
235,237
346,24
458,139
518,40
403,83
152,337
320,184
70,313
146,339
419,115
528,96
324,195
236,298
277,83
489,21
453,39
522,46
320,191
303,46
199,322
437,142
202,328
476,127
243,211
422,118
299,50
318,167
175,337
385,90
98,350
255,148
457,37
23,327
320,182
312,37
316,162
245,196
407,85
318,223
376,66
436,142
291,59
427,126
318,174
250,285
529,96
360,43
531,59
169,337
288,252
453,41
492,116
111,311
313,228
335,21
84,350
415,109
308,41
437,144
292,248
293,246
540,89
462,136
193,290
85,313
231,302
270,101
200,300
398,94
296,53
448,144
386,90
445,50
356,38
285,254
237,229
309,232
273,97
537,90
25,315
265,114
217,316
55,350
367,88
416,81
303,236
216,318
269,268
285,70
327,26
517,102
279,258
335,106
344,98
128,318
493,116
368,88
132,350
25,316
261,126
322,124
415,83
278,260
21,340
330,206
187,331
521,100
86,350
287,252
131,333
224,308
223,260
409,102
210,324
431,134
365,51
330,23
197,325
200,321
348,28
251,165
253,153
254,281
205,278
429,131
411,85
74,313
474,130
296,243
369,88
264,273
33,350
181,334
257,278
413,107
197,334
363,90
348,27
538,71
247,185
