30,65
37,10
42,10
48,67
61,10
70,63
17,20
66,10
38,67
66,65
80,59
10,46
18,19
89,45
81,58
11,47
70,12
75,12
33,65
89,28
91,35
54,67
77,14
83,56
16,22
24,14
69,64
14,52
12,28
10,35
18,20
26,12
68,65
87,51
58,65
71,12
76,12
14,24
40,10
53,67
72,63
90,28
59,10
64,10
36,67
83,55
10,41
46,10
89,43
10,36
52,67
25,63
49,10
85,53
27,12
32,12
89,26
12,50
60,65
17,57
22,61
13,51
57,65
42,67
91,28
63,10
20,16
68,10
89,49
12,27
10,42
69,11
75,63
13,26
19,59
91,39
20,60
53,10
51,67
77,61
58,10
16,57
91,40
79,14
28,12
85,18
14,22
22,62
79,59
19,18
10,30
59,65
23,63
62,65
72,12
69,63
88,49
41,67
22,16
89,44
10,47
90,43
81,57
78,61
76,61
91,34
32,65
40,67
77,13
18,57
87,22
89,22
61,65
25,14
14,53
39,10
12,29
10,32
26,13
44,10
51,10
56,10
20,59
87,50
89,47
83,18
91,33
14,25
34,65
18,58
41,10
55,67
82,16
62,10
87,21
79,61
16,20
65,10
24,63
14,54
63,65
10,37
26,14
27,65
15,55
82,57
45,67
87,49
26,64
83,17
21,61
12,51
89,25
14,26
34,66
91,31
20,17
44,67
74,63
89,48
10,43
69,10
75,62
14,51
47,67
10,38
85,55
16,55
22,14
20,61
29,65
91,38
87,52
91,43
12,48
91,41
57,67
14,23
22,63
65,65
37,67
10,31
15,22
11,30
38,10
10,44
43,67
75,61
56,67
91,37
46,67
80,14
88,22
31,65
81,15
36,10
77,12
86,20
85,20
89,23
55,10
60,10
67,10
67,65
89,46
12,30
10,33
18,18
71,63
81,59
45,10
50,10
57,10
30,12
12,47
91,32
35,12
35,67
33,12
18,59
87,20
79,60
83,57
16,21
21,16
69,65
14,55
86,53
10,34
26,65
83,16
89,24
31,12
29,12
36,12
34,67
34,12
91,30
73,63
20,18
73,12
10,40
43,10
84,55
50,67
48,10
10,39
85,54
22,15
26,63
23,14
89,27
12,49
28,65
91,42
57,66
81,16
54,10
91,29
64,65
39,67
12,26
10,45
69,12
74,12
47,10
52,10
49,67
91,36
87,53
78,14
84,18
16,56
81,14
36,11
85,19
