76,21
72,56
58,58
31,19
21,28
54,58
45,58
75,54
82,39
67,19
53,17
35,58
77,52
25,54
49,17
58,19
20,48
19,40
52,58
70,19
19,29
27,56
61,19
23,54
40,19
82,29
70,56
49,58
47,19
82,40
52,17
43,19
76,54
23,25
34,19
55,17
56,58
63,58
43,58
23,53
81,25
29,56
79,50
80,47
25,21
82,30
81,46
80,50
34,58
22,25
30,58
56,19
65,56
68,19
17,39
82,45
29,20
54,17
59,19
50,17
71,19
19,34
80,25
78,52
82,35
64,58
27,21
32,19
82,46
44,19
19,44
42,58
75,21
21,49
19,33
32,58
39,58
21,27
82,25
82,36
37,19
78,21
73,19
19,43
60,19
67,56
22,52
21,52
62,58
53,58
72,54
78,50
82,26
82,41
62,19
60,58
23,24
40,58
78,22
26,56
17,40
49,19
79,23
69,56
23,52
57,58
35,19
82,31
82,42
38,19
76,52
17,38
29,19
19,48
18,37
51,58
74,19
80,23
19,37
65,19
38,58
29,58
25,23
82,32
80,48
56,17
63,19
19,47
36,58
74,20
21,48
19,32
28,56
21,26
36,19
33,58
82,37
64,56
71,56
50,58
39,19
72,19
19,42
47,58
21,51
19,31
66,19
72,55
78,51
44,58
73,54
21,29
82,27
82,38
24,54
48,19
66,56
61,58
78,23
25,55
41,58
49,18
19,41
20,29
48,58
55,58
82,28
41,19
74,54
82,43
76,53
17,37
64,19
19,36
24,23
30,19
29,57
80,46
25,22
82,33
80,49
26,21
59,58
56,18
82,44
25,56
57,19
29,21
19,46
69,19
74,21
46,58
37,58
19,35
68,56
80,24
77,21
21,25
45,19
82,34
46,19
64,57
51,17
42,19
23,23
31,58
28,21
33,19
19,45
18,40
21,50
19,30
