22,154
278,112
174,65
52,98
275,197
311,105
281,46
264,82
192,42
321,135
301,83
17,209
192,89
70,94
92,239
95,98
261,193
172,87
165,112
215,64
40,230
311,102
223,128
248,62
63,237
181,114
38,110
26,219
74,239
240,54
151,186
317,174
216,63
16,172
150,187
67,94
12,184
14,172
18,211
256,191
260,20
279,199
319,124
213,20
116,235
172,69
80,241
205,28
315,113
85,241
12,183
270,93
24,146
284,137
285,53
309,191
98,239
28,134
121,233
226,11
189,117
261,77
184,54
103,239
223,12
284,128
176,62
273,34
276,105
10,189
229,55
125,230
180,58
157,171
180,169
203,120
26,140
141,205
159,167
73,239
145,199
110,100
36,116
129,225
97,98
280,115
317,178
305,93
18,164
206,175
278,199
282,138
229,129
139,210
188,48
232,10
311,186
248,138
235,132
36,115
310,187
170,83
82,241
137,106
229,57
215,122
163,112
209,69
173,87
284,126
303,194
309,98
255,16
261,143
281,142
245,10
32,126
315,180
10,199
193,173
265,85
30,130
246,59
98,98
281,117
102,239
13,203
220,126
251,138
113,237
275,36
207,75
27,138
173,167
175,114
222,59
138,106
319,169
195,87
106,237
198,83
254,140
46,231
214,179
272,96
238,53
262,144
10,201
194,39
33,227
170,76
61,96
172,165
287,57
127,227
264,24
173,66
255,15
263,81
267,146
268,28
283,50
53,233
54,233
147,108
321,161
176,167
199,81
207,177
303,87
317,119
218,179
129,223
205,76
62,96
250,189
197,173
111,102
133,219
231,183
278,108
143,200
186,48
30,225
251,65
270,197
291,64
55,235
238,185
239,53
42,108
295,199
178,169
14,206
91,98
41,231
227,57
160,110
323,151
236,185
20,157
24,216
284,199
174,167
131,221
252,191
16,208
199,175
131,106
135,217
323,156
282,117
49,233
149,190
214,65
52,100
190,46
247,11
178,91
92,98
295,74
117,102
135,214
251,189
278,113
266,146
52,99
311,104
281,45
264,83
192,43
321,134
301,82
195,38
34,120
162,165
38,229
59,96
132,106
86,241
218,124
70,238
144,108
236,53
241,134
78,94
40,231
77,94
276,197
248,63
321,159
220,61
278,144
283,199
93,239
38,111
147,193
240,55
151,181
298,78
317,173
245,187
137,213
155,175
14,173
270,91
274,102
60,96
319,127
235,10
172,70
28,136
145,108
75,239
257,142
315,112
280,142
244,10
173,114
203,77
24,147
193,87
284,138
285,52
196,36
309,190
239,134
117,235
118,235
28,135
189,116
108,100
103,238
164,165
256,142
189,171
193,40
284,129
166,165
154,110
176,63
175,89
273,33
238,134
276,106
262,77
10,186
305,91
125,229
112,102
187,91
157,170
26,141
141,204
145,198
293,70
225,59
119,233
129,224
280,116
317,177
104,237
305,92
251,14
215,124
18,165
109,100
282,139
229,128
199,119
233,131
57,96
189,46
261,22
307,95
170,80
134,106
229,56
234,53
219,126
284,127
113,235
261,142
32,127
233,132
25,144
10,196
30,131
167,165
118,102
29,132
210,69
113,236
186,170
313,111
266,194
58,96
260,142
207,74
266,85
319,168
195,86
158,110
127,229
274,36
15,207
181,56
313,112
272,97
218,63
246,10
213,179
69,94
204,77
170,77
172,166
194,87
287,56
19,160
106,100
255,14
170,165
250,64
202,175
226,57
246,188
321,160
86,96
15,172
222,181
227,10
253,140
254,191
314,112
303,86
51,233
272,95
219,181
201,79
242,187
190,171
317,118
270,195
41,108
205,75
232,183
188,116
133,218
260,76
45,104
323,145
178,62
240,134
278,109
143,203
255,141
186,49
46,104
130,223
14,207
87,96
202,32
260,75
192,118
323,150
20,158
24,217
211,67
235,185
307,97
28,221
51,100
179,91
259,19
209,122
321,139
288,60
16,209
198,36
294,70
42,231
226,181
135,216
249,12
260,193
265,26
139,106
285,199
231,53
149,189
269,30
56,96
132,221
244,55
321,140
247,10
35,116
258,192
217,124
38,114
111,237
22,152
186,91
225,12
283,121
124,104
72,94
222,126
179,169
311,107
281,44
210,122
264,84
321,133
192,44
16,207
34,121
62,236
323,141
258,74
140,106
70,239
297,78
137,211
84,241
321,158
19,211
278,145
84,96
247,137
267,87
147,192
152,181
171,70
27,221
120,233
125,104
237,185
137,212
155,174
158,169
14,178
18,209
274,103
202,79
277,42
188,46
319,126
238,10
186,116
262,193
28,137
174,88
225,128
262,80
319,129
315,115
280,143
24,148
85,96
196,37
200,32
309,189
76,239
11,201
181,169
256,16
40,108
258,191
284,130
252,65
292,66
44,104
273,32
276,107
10,187
250,138
305,90
237,53
157,169
202,120
26,138
282,48
212,177
141,203
145,197
221,61
293,69
225,58
122,233
280,117
317,176
18,162
254,14
278,197
267,27
161,167
199,118
112,237
242,10
299,81
265,193
233,130
217,179
53,98
207,71
261,21
307,94
292,199
170,81
227,128
141,108
17,166
109,237
220,16
185,50
168,165
10,197
246,57
30,128
216,124
37,114
239,10
123,104
204,175
251,140
186,171
313,110
64,94
299,79
266,195
54,98
165,165
275,38
250,63
274,146
223,181
319,171
127,228
296,74
242,55
171,113
272,98
312,185
242,134
83,96
198,174
143,108
57,235
170,74
227,183
172,167
279,43
287,59
151,109
318,173
230,130
196,118
291,199
318,122
283,52
250,65
246,189
321,167
187,116
280,199
305,193
234,185
199,83
277,107
278,107
264,144
176,114
200,120
182,56
317,117
46,102
34,227
277,146
316,179
232,184
260,77
133,217
134,217
156,110
323,144
143,202
255,140
114,102
291,66
42,106
178,167
14,204
198,34
276,146
212,122
323,153
107,100
20,159
24,218
230,183
307,96
218,16
56,235
201,120
253,14
248,189
28,222
195,173
131,223
259,18
153,110
321,138
247,12
120,102
210,24
247,189
232,53
50,100
161,111
257,73
265,25
221,126
149,188
269,29
56,97
79,241
190,44
321,131
234,10
255,69
258,193
307,193
22,153
244,136
311,106
222,14
243,135
264,85
321,132
34,118
277,39
62,237
323,140
234,132
258,75
50,233
297,77
16,168
321,157
247,136
268,88
71,94
147,195
185,116
104,100
71,239
275,103
79,95
151,183
190,118
13,178
297,199
232,130
274,100
277,41
188,47
268,87
289,62
199,34
39,110
28,138
174,89
262,81
319,128
16,166
184,50
315,114
280,144
12,178
203,79
24,149
284,132
196,38
200,33
309,188
313,185
263,144
105,100
214,122
216,16
40,109
21,213
301,197
284,131
252,66
145,195
236,132
208,24
44,105
278,42
148,191
77,239
10,184
194,118
282,142
212,67
199,120
26,139
191,89
176,89
212,178
145,196
163,165
221,60
293,68
225,57
188,171
207,121
171,165
119,235
211,122
174,114
267,195
93,98
296,199
153,181
18,163
267,26
161,166
309,102
258,142
223,127
299,80
32,122
159,169
261,20
314,181
133,106
188,91
229,183
284,121
141,107
74,94
22,214
201,81
221,14
10,194
30,129
94,98
293,199
319,173
322,140
271,197
257,18
313,109
299,78
256,69
319,170
252,14
114,235
171,112
272,99
308,191
211,22
198,175
184,116
170,75
279,42
246,187
287,58
291,63
151,108
231,130
203,30
23,150
143,199
321,166
237,10
279,144
126,104
199,82
317,116
46,103
232,185
201,175
281,199
66,237
323,147
178,60
235,53
303,89
11,184
219,61
42,107
78,240
212,20
14,205
198,35
49,100
323,152
127,104
24,219
210,177
211,69
52,233
269,146
204,28
244,187
189,91
28,223
131,222
321,137
161,110
171,85
265,24
174,66
231,55
149,187
268,146
269,28
56,98
311,108
190,45
321,130
301,86
215,63
295,71
62,235
307,192
38,112
206,28
99,98
179,58
271,31
169,112
297,75
154,177
156,173
180,91
224,181
243,134
244,56
65,237
66,94
34,119
277,38
263,23
323,143
26,220
197,85
70,237
241,187
297,76
151,185
16,169
187,48
224,59
48,233
268,89
129,104
147,194
100,98
174,87
250,12
146,195
170,112
79,94
151,182
103,100
271,146
297,198
249,189
12,180
89,241
14,176
270,94
274,101
20,212
277,40
192,171
285,56
289,61
313,183
43,106
233,53
276,103
226,12
16,167
273,197
184,51
138,211
12,179
142,108
220,14
20,211
203,78
24,150
284,133
200,34
309,187
130,104
313,184
23,215
206,120
99,239
10,190
229,10
195,118
216,17
316,116
302,195
184,169
40,110
261,144
264,193
301,196
69,237
288,199
252,67
208,25
44,106
153,179
136,213
10,185
139,209
217,63
108,237
176,90
212,179
311,185
221,59
293,67
207,120
119,234
48,100
155,110
170,84
153,180
62,94
12,201
18,160
202,30
113,102
303,193
213,67
161,165
309,101
169,165
223,126
32,123
159,168
181,91
182,91
315,179
236,10
256,72
319,167
270,146
139,207
284,122
141,106
22,215
201,80
10,195
32,225
214,20
179,114
197,36
170,70
319,172
122,104
126,229
168,112
101,100
257,17
186,169
313,108
266,193
194,40
237,134
256,70
279,44
119,102
107,237
287,60
162,112
81,96
310,102
32,128
283,49
180,114
54,234
128,104
225,181
170,72
159,110
291,62
183,116
265,146
211,177
273,99
243,55
317,122
320,130
218,180
321,165
111,101
82,96
47,233
239,187
238,186
58,235
59,235
276,38
14,203
91,97
37,229
323,146
178,61
303,88
255,142
78,241
212,21
131,105
116,102
282,199
323,155
306,193
282,118
211,68
307,98
204,29
243,10
189,90
35,227
259,20
243,187
321,136
284,52
254,68
96,98
295,73
208,177
135,213
193,118
210,22
20,160
25,219
206,26
135,106
231,54
29,223
76,94
192,40
301,85
295,70
136,106
121,103
38,113
208,71
172,85
282,120
228,10
308,98
271,30
297,74
257,191
222,12
244,57
34,116
39,229
187,171
121,104
263,22
233,185
323,142
181,116
96,239
22,150
258,73
26,221
197,84
73,94
312,108
151,184
16,170
183,54
175,167
14,174
89,239
43,231
193,89
247,138
67,237
268,90
161,112
253,191
80,96
286,199
160,167
297,197
12,181
177,114
89,240
14,177
270,95
20,213
24,144
192,172
191,44
319,123
285,55
289,60
313,182
172,66
28,132
319,130
266,26
124,231
184,52
315,116
103,237
220,15
284,134
150,108
81,241
207,26
262,78
10,191
216,18
180,56
274,197
155,177
157,173
178,114
26,142
301,195
249,63
141,207
208,26
123,233
286,56
129,227
153,178
280,113
100,239
251,13
18,166
241,55
282,140
139,208
194,173
176,91
289,199
253,67
200,81
293,66
206,75
48,101
290,62
170,85
62,95
12,202
252,140
306,94
18,161
219,125
202,31
206,176
279,113
299,197
209,71
284,124
213,66
230,10
267,28
182,169
309,100
26,144
299,82
32,124
320,167
123,231
214,18
256,73
226,128
284,123
207,73
10,192
246,60
266,86
32,226
68,94
268,195
201,32
170,71
195,85
209,177
101,99
140,207
257,16
300,82
191,118
283,138
176,64
128,227
177,167
237,133
271,95
256,71
170,78
248,12
273,146
171,114
65,94
46,232
302,86
79,96
283,48
198,173
54,235
170,73
321,163
36,228
224,12
151,110
265,145
280,44
317,121
218,181
321,164
36,227
111,100
133,221
228,128
102,100
270,30
278,110
172,114
231,10
197,118
186,50
238,187
78,239
262,22
177,91
31,128
215,18
91,96
21,154
323,149
178,58
216,179
182,54
47,102
219,63
212,22
252,189
131,104
223,59
226,182
157,110
323,154
20,154
282,119
204,30
189,89
190,89
31,225
215,179
64,237
304,193
254,69
203,175
183,91
295,72
210,23
213,122
91,239
206,27
45,231
174,64
196,85
255,191
263,193
220,181
281,47
264,81
192,41
301,84
34,122
121,102
263,24
272,32
172,86
282,121
30,223
215,65
40,229
311,103
222,13
243,136
281,48
248,61
88,241
34,117
55,98
183,169
278,146
181,115
147,191
22,151
175,64
197,83
240,53
151,187
317,175
16,171
272,197
241,10
155,173
14,175
18,210
193,88
319,125
268,91
87,241
97,239
172,68
228,57
219,16
277,197
12,182
90,239
270,92
274,99
24,145
44,231
192,173
319,122
284,136
68,237
285,54
89,96
313,181
149,108
172,67
28,133
287,199
95,239
226,10
189,118
184,53
185,169
298,197
110,237
284,135
72,239
144,199
182,116
273,35
276,104
262,79
10,188
125,231
180,57
245,136
155,176
157,172
198,118
115,235
259,142
26,143
245,57
141,206
90,96
123,232
272,146
273,36
129,226
153,177
280,114
317,179
305,94
251,12
278,198
282,141
229,130
139,211
307,191
311,187
207,122
48,102
191,171
36,114
184,91
170,82
101,239
12,203
215,123
219,124
206,177
209,70
284,125
303,195
213,65
309,99
208,122
32,125
290,199
94,239
115,102
315,181
10,198
246,58
196,173
214,19
105,237
300,197
251,139
166,112
22,213
33,122
271,32
275,37
207,72
10,193
246,61
266,87
30,132
32,227
200,175
275,146
224,128
177,62
269,91
101,98
217,16
146,108
75,94
10,200
194,38
269,195
237,132
221,181
170,79
209,24
167,112
46,233
142,203
283,51
233,10
249,138
321,162
322,157
36,229
259,75
61,235
265,144
230,55
317,120
88,96
148,108
294,199
205,77
247,61
133,220
205,175
259,193
278,111
143,201
30,224
270,196
291,65
204,120
152,110
246,136
178,168
323,148
178,59
240,187
20,156
185,91
24,215
63,94
303,90
182,55
240,10
258,18
219,62
252,190
254,67
226,183
228,183
304,90
323,157
20,155
164,112
149,191
60,235
205,120
83,241
135,215
