70,103
152,165
283,103
165,119
298,95
150,169
84,232
177,77
215,56
19,200
203,167
21,180
63,228
264,33
156,119
39,127
23,204
26,208
120,224
145,115
128,213
229,19
29,214
31,214
33,147
216,56
187,60
158,160
37,135
256,184
202,70
43,224
192,80
67,230
146,180
282,65
269,186
142,184
289,145
314,139
293,133
85,232
17,195
183,161
60,103
187,162
232,46
267,74
234,139
181,123
146,175
182,123
292,82
22,175
43,118
27,208
121,224
122,222
148,174
314,146
261,68
268,186
287,110
18,187
254,23
161,158
17,196
37,137
43,222
44,224
213,29
253,182
181,68
293,85
196,74
314,157
80,232
190,125
212,57
142,115
17,189
299,97
249,52
140,189
73,230
98,230
28,157
122,224
191,164
32,216
291,136
97,105
314,164
281,98
286,70
270,188
36,220
204,128
284,104
199,127
258,184
304,107
253,57
81,232
229,48
286,73
216,27
138,192
230,17
39,128
282,61
33,216
204,39
98,107
225,174
194,77
159,119
37,220
241,46
296,90
226,135
285,104
186,162
312,169
278,56
171,158
248,145
174,121
250,54
82,232
136,198
254,58
139,192
126,112
255,25
281,151
245,19
193,53
262,153
246,50
35,218
290,78
271,80
239,17
41,122
61,103
102,230
123,111
39,222
77,103
304,184
185,62
277,91
281,152
200,72
189,58
265,71
94,105
275,154
176,160
31,151
86,104
187,125
209,168
140,192
234,176
198,74
258,151
169,157
207,168
176,121
51,225
83,103
265,72
285,149
287,145
179,69
248,21
269,76
229,174
284,66
304,182
240,142
310,124
221,21
147,117
239,44
204,66
262,29
294,87
227,48
136,113
49,110
285,69
230,47
107,109
310,119
23,171
302,102
34,141
56,226
248,180
266,72
179,83
195,51
306,114
24,169
259,184
228,137
252,23
255,58
25,206
135,113
283,104
302,105
273,82
280,60
33,143
218,133
247,50
177,82
178,160
306,109
251,55
203,168
91,232
186,83
289,141
297,93
160,158
256,60
130,208
276,55
60,228
212,31
177,75
252,182
62,228
134,204
191,53
272,43
152,166
283,102
124,111
216,131
275,87
314,134
28,210
287,114
291,119
177,76
178,82
288,73
203,166
21,179
278,153
117,111
264,34
71,103
92,232
39,126
120,225
128,214
229,18
29,213
33,146
290,118
291,124
195,47
37,134
261,184
84,103
157,119
199,43
312,128
292,84
142,185
289,144
308,116
236,44
314,136
156,160
103,107
125,218
126,216
220,133
293,132
173,121
175,160
17,194
220,52
40,125
183,160
214,131
93,232
292,83
117,226
263,153
122,223
196,76
308,115
314,147
261,67
108,109
17,187
37,136
260,28
268,76
181,67
123,220
196,75
312,125
314,154
133,113
35,137
302,188
212,58
17,188
203,66
115,228
260,27
140,190
98,231
27,161
118,226
291,139
310,174
281,97
104,230
286,71
204,129
242,18
189,164
304,108
72,103
253,56
262,68
138,193
285,110
39,131
90,105
217,172
118,111
274,50
241,45
296,91
298,188
229,137
220,23
193,51
57,105
130,113
312,170
278,57
248,146
136,199
126,113
146,115
171,121
193,52
306,182
218,52
78,103
213,170
290,79
41,121
266,36
29,157
251,21
206,129
210,60
304,185
231,139
185,61
277,90
230,138
271,43
189,57
265,70
262,32
31,150
86,105
234,46
183,123
131,113
279,153
284,68
310,122
114,228
169,156
176,122
231,17
51,224
201,70
285,148
232,176
252,147
107,230
188,125
304,183
284,67
240,143
310,125
23,173
180,69
143,115
220,172
226,48
251,56
162,158
136,114
49,109
255,60
23,170
263,70
302,103
269,155
258,25
242,178
298,96
190,82
195,165
88,105
179,82
148,117
224,174
223,174
247,52
195,50
306,115
198,45
19,183
66,230
284,192
170,158
280,61
33,142
268,153
128,113
271,188
59,228
177,81
251,54
164,156
222,174
133,204
134,202
141,188
111,228
210,170
51,109
179,160
130,209
275,190
177,74
55,105
183,84
249,21
272,44
152,167
140,115
216,132
285,192
255,184
275,86
167,156
314,135
244,143
298,93
47,113
291,118
288,74
270,78
19,202
21,178
264,35
199,45
23,206
120,226
125,111
314,142
229,17
29,212
33,145
52,107
126,214
249,182
37,133
202,68
259,151
228,174
146,178
312,129
292,85
25,169
43,115
286,192
70,230
308,117
314,137
156,161
126,217
220,134
293,131
17,193
110,230
20,202
85,103
267,76
27,210
122,220
213,131
268,37
237,178
274,188
314,144
280,96
261,66
181,160
256,25
301,188
302,186
144,180
257,62
260,29
69,230
262,184
287,192
291,133
273,47
312,126
95,232
314,155
153,164
194,126
270,42
22,204
212,170
140,191
27,160
291,138
310,175
314,162
281,96
184,63
103,230
242,19
188,59
189,163
304,109
181,84
236,17
221,174
285,109
141,115
39,130
300,97
110,109
312,164
30,153
73,103
98,105
274,51
241,44
296,92
298,189
112,228
233,139
53,107
150,117
248,147
274,155
310,176
41,119
136,200
227,137
119,111
209,35
288,114
109,230
166,119
303,186
213,56
218,53
242,143
193,164
197,47
35,220
271,82
57,226
41,120
29,156
266,37
304,186
113,228
205,129
277,89
230,139
79,103
189,56
173,158
262,33
226,174
284,69
289,118
198,72
310,123
258,149
242,46
176,123
285,147
215,171
287,147
179,71
58,226
259,63
172,158
106,108
251,147
23,172
244,180
78,232
226,49
246,180
195,76
234,17
294,85
295,89
136,115
281,192
199,72
228,19
283,149
32,147
200,127
149,170
298,97
195,164
290,80
222,21
301,101
306,112
19,182
183,65
96,105
210,33
50,109
74,103
207,129
33,141
268,154
180,84
55,226
79,232
67,103
177,80
21,175
276,153
224,21
134,203
282,192
192,78
212,129
236,178
235,177
151,168
51,108
259,27
244,48
177,73
199,166
191,55
272,45
152,168
49,224
216,133
272,188
47,112
291,121
183,63
279,93
288,75
21,177
223,21
265,186
283,192
199,44
203,41
25,167
208,60
314,143
29,211
33,144
126,215
38,131
132,204
249,181
177,123
37,132
202,69
146,179
312,130
25,168
264,186
50,224
308,118
75,232
314,150
156,162
31,216
220,135
293,130
281,61
289,77
17,192
183,162
232,17
203,39
122,221
104,107
268,38
314,145
225,135
261,65
137,115
302,187
144,181
257,61
21,204
236,141
186,124
312,127
76,232
314,152
100,230
194,127
35,139
40,222
244,19
270,43
274,86
191,80
27,163
210,129
68,103
197,74
291,141
93,105
310,172
314,163
286,69
138,196
189,162
214,170
182,67
221,173
77,232
134,113
187,82
285,108
300,98
312,165
94,232
225,50
188,162
271,79
292,192
226,19
106,230
274,48
296,93
256,149
257,25
53,106
261,29
209,34
273,155
204,168
188,82
229,176
267,153
306,180
308,176
182,84
293,127
197,46
290,77
201,43
293,192
42,119
29,155
210,58
277,88
191,125
217,133
58,105
243,47
189,55
262,151
218,172
250,182
234,44
237,17
294,88
230,48
289,117
198,73
310,120
172,121
51,226
27,157
211,31
214,56
215,170
198,166
287,146
179,70
184,123
238,178
294,192
259,62
31,153
215,27
91,105
201,166
106,109
23,175
207,35
131,208
62,103
162,156
132,113
231,176
86,232
302,101
52,226
154,164
190,80
179,84
290,81
243,179
306,113
19,185
183,64
263,185
267,186
201,127
219,133
46,113
268,155
130,212
132,208
202,41
134,200
192,79
263,33
212,130
87,232
235,176
207,62
30,214
150,170
248,52
88,232
19,199
191,54
272,46
275,88
314,133
56,105
291,120
257,184
223,135
187,59
279,92
246,145
175,159
288,76
21,176
135,200
235,17
143,184
20,181
203,40
25,166
99,107
208,61
228,48
169,121
314,140
244,144
29,210
286,110
219,25
132,205
243,143
277,190
65,230
249,180
89,232
144,184
37,131
202,66
42,222
267,73
234,140
146,176
312,131
185,123
43,117
260,184
268,40
142,188
308,119
276,88
314,151
185,162
293,129
247,19
110,228
276,190
224,50
48,224
72,230
225,21
63,103
268,39
148,170
314,158
297,190
99,230
261,64
271,155
219,23
90,232
144,182
18,198
184,162
257,60
21,203
261,151
245,50
288,192
186,125
44,115
105,107
291,135
310,170
314,153
35,138
279,96
137,196
307,180
217,54
202,127
281,191
27,162
291,140
310,173
314,160
299,188
195,127
113,109
206,168
254,148
242,17
208,129
300,100
282,62
286,147
289,192
69,103
221,172
194,78
105,230
250,147
237,44
226,136
157,160
285,107
300,99
312,166
221,52
258,62
233,17
214,29
200,166
271,78
274,49
295,190
227,19
206,37
53,105
54,105
290,192
115,109
237,141
222,52
209,33
39,221
309,119
167,121
46,224
159,158
306,181
308,177
293,126
278,55
155,117
177,160
179,123
197,45
201,42
275,153
29,154
266,35
259,64
210,59
289,115
217,27
230,137
291,192
243,46
215,172
291,81
31,147
234,45
215,29
294,89
205,39
45,115
289,116
310,121
206,62
47,224
239,178
168,156
207,37
179,73
262,30
31,152
86,103
260,64
24,206
23,174
282,100
196,127
272,82
240,17
114,109
279,59
162,157
264,153
283,151
190,81
195,166
129,212
277,153
243,178
306,110
19,184
183,67
193,125
186,84
263,184
273,86
255,183
276,52
116,109
134,201
279,190
212,131
267,37
147,174
283,101
218,25
243,19
211,58
287,113
276,51
153,117
177,79
19,198
208,168
26,163
209,129
120,111
156,117
247,180
233,176
272,47
39,125
96,232
124,218
216,54
291,123
279,95
175,158
288,77
41,222
160,119
251,182
252,56
313,164
95,105
208,62
25,165
116,226
266,153
269,188
142,186
253,23
314,141
244,145
219,24
311,125
132,206
65,229
178,73
202,67
267,72
234,141
146,177
312,132
97,232
225,19
43,116
268,41
74,232
148,172
314,148
127,214
293,128
17,198
110,229
277,55
64,103
213,31
165,156
225,20
80,103
283,65
71,230
148,171
294,190
314,159
254,24
232,139
178,123
144,183
17,191
180,160
21,202
245,49
211,129
249,54
311,170
98,232
208,35
291,134
310,171
194,125
35,141
280,153
158,158
270,41
281,190
247,145
304,105
196,47
206,64
235,141
314,161
138,115
138,194
254,149
203,127
300,101
282,63
154,117
33,218
238,141
257,149
226,137
282,151
285,106
166,120
194,164
312,167
278,58
119,226
222,50
136,196
287,73
163,119
146,116
182,160
145,180
238,44
34,218
39,220
308,178
200,70
255,149
293,125
175,121
53,226
201,41
41,125
296,190
29,153
31,149
81,103
209,170
289,114
217,26
278,92
248,19
197,166
269,78
215,28
205,38
45,114
206,63
221,23
207,36
27,159
190,164
211,33
179,72
54,226
204,64
262,31
190,55
106,107
23,169
263,69
216,172
258,26
174,158
204,127
195,49
111,109
223,50
288,145
252,21
290,141
185,84
283,150
197,127
292,133
186,61
154,162
246,19
59,227
205,64
306,111
92,105
19,187
183,66
151,117
235,44
289,143
273,85
164,119
255,182
47,111
36,137
219,52
130,210
275,189
276,53
59,105
116,110
253,147
152,164
283,100
303,105
144,115
235,178
241,143
298,94
189,82
124,220
287,112
150,168
64,228
177,78
19,201
21,181
193,78
156,118
163,156
23,205
25,163
116,228
45,224
231,46
307,115
128,212
31,215
124,219
216,55
291,122
241,17
187,61
280,190
245,180
279,94
59,103
121,111
75,103
25,164
116,227
282,64
269,187
142,187
314,138
126,218
132,207
65,228
222,135
68,230
267,75
161,119
146,174
312,133
292,81
43,119
27,209
240,44
148,173
241,178
314,149
189,125
287,111
264,70
155,162
17,197
43,223
213,30
181,69
309,176
100,107
250,21
294,191
314,156
170,121
254,25
112,109
192,53
212,56
17,190
198,127
245,48
65,103
192,164
249,53
140,188
89,105
73,231
238,17
239,141
186,123
149,117
265,35
272,155
291,137
281,99
35,140
109,109
273,188
158,159
305,182
254,147
278,190
304,106
73,232
200,43
129,113
260,151
48,111
266,186
253,58
184,84
281,100
209,60
101,230
158,119
286,72
245,145
138,195
39,129
284,149
233,46
33,217
196,166
98,106
194,76
269,41
296,89
298,190
285,105
108,230
166,121
312,168
292,124
278,59
215,131
222,51
136,197
122,111
274,47
38,220
76,103
146,117
308,180
219,172
218,54
262,152
35,219
271,81
41,123
162,119
270,155
300,188
185,63
277,92
281,153
308,179
200,71
293,124
189,59
202,166
275,155
41,124
224,135
31,148
168,121
209,169
101,107
102,107
217,25
127,113
254,182
258,150
169,158
211,170
275,51
243,48
248,20
66,103
269,77
205,37
82,103
45,113
229,175
284,65
240,141
221,22
27,158
211,32
180,123
221,135
204,65
226,50
249,147
87,105
294,86
61,228
192,125
265,153
49,111
230,46
126,111
166,156
313,133
263,68
258,27
194,51
195,48
305,109
19,181
252,22
255,59
205,168
25,207
139,115
230,176
302,104
273,83
280,59
154,163
59,226
152,117
243,180
227,174
83,232
247,51
19,186
240,178
186,82
25,208
263,186
289,142
273,84
51,107
130,211
275,188
276,54
59,104
116,111
