252,36
344,119
347,115
114,173
116,118
336,14
139,102
285,219
369,74
227,267
232,265
252,257
212,44
12,129
144,265
345,18
114,164
313,170
116,236
208,48
209,265
339,16
196,68
125,106
369,67
339,129
208,265
218,267
24,139
117,114
283,221
51,169
116,235
337,130
28,143
196,67
287,217
55,173
369,68
317,167
191,263
196,261
221,267
305,187
144,263
366,81
243,262
200,62
311,175
315,168
278,28
303,12
145,102
204,58
54,171
302,191
270,36
187,269
28,110
130,103
221,38
118,237
47,163
174,100
273,34
75,154
340,125
88,206
14,129
301,193
70,189
225,36
156,276
12,126
250,36
36,116
184,85
312,10
367,49
170,104
126,247
142,263
83,160
66,184
345,119
62,180
158,278
361,87
91,209
170,285
156,275
122,242
325,10
181,277
118,110
271,243
341,123
173,285
138,257
361,88
163,283
181,88
297,14
263,251
52,171
56,174
37,116
185,270
319,160
122,108
194,68
106,226
237,34
134,255
68,186
72,189
264,249
67,185
289,215
267,245
214,43
16,110
71,189
365,85
130,250
41,122
367,76
64,181
114,157
277,234
351,23
45,126
97,172
353,26
33,114
87,163
114,127
357,30
293,204
254,36
257,254
114,148
201,265
222,267
266,247
359,93
364,40
101,177
36,151
42,122
335,133
106,223
163,108
114,143
14,111
282,24
57,134
192,261
213,267
269,244
273,241
182,275
114,134
207,265
156,108
17,133
242,34
74,193
98,174
26,108
344,18
347,111
369,62
61,139
82,199
10,117
30,112
287,20
362,87
114,129
22,137
207,52
369,55
352,105
10,124
150,271
65,143
263,36
157,108
110,180
327,11
186,83
100,217
343,120
365,43
31,112
348,20
136,102
46,162
267,38
254,257
69,148
34,150
146,265
327,145
180,88
347,114
220,38
114,170
116,119
355,99
272,34
366,44
43,123
285,218
76,193
369,73
227,266
47,127
79,197
355,27
321,159
212,45
114,165
359,31
39,119
313,169
116,237
208,49
369,66
315,10
339,128
107,182
142,102
24,140
23,108
356,97
324,10
337,129
120,239
287,216
317,166
191,262
357,95
196,262
63,141
305,186
217,40
296,14
200,63
311,174
149,106
278,29
174,98
236,34
336,131
225,267
86,162
307,179
270,37
187,268
70,187
261,36
121,241
233,34
343,18
61,179
173,100
233,265
88,207
253,257
26,141
301,192
145,265
156,277
12,127
30,145
184,86
367,48
170,105
187,80
280,227
299,193
66,185
345,118
62,181
176,94
51,132
158,279
73,151
353,103
99,176
244,261
249,259
122,243
181,276
129,249
118,111
127,247
271,242
58,176
277,231
133,253
341,122
363,37
279,227
173,284
48,128
73,152
291,209
331,141
263,250
56,175
201,60
185,269
77,156
319,163
194,69
106,227
188,80
338,14
68,187
88,164
141,102
72,190
191,74
303,187
289,214
182,86
94,212
332,12
188,265
55,134
365,84
130,251
41,121
131,251
367,79
64,182
83,201
326,10
114,154
277,233
351,22
45,125
135,255
87,205
353,25
87,162
114,124
335,14
357,29
195,261
268,245
220,267
293,203
294,203
118,112
103,179
54,134
257,253
114,149
177,279
359,92
95,171
101,176
335,132
322,155
195,68
112,176
114,140
210,46
126,106
198,66
20,136
42,157
282,25
251,257
269,243
273,240
295,201
114,135
44,160
48,163
342,121
217,267
369,61
61,138
10,114
324,153
40,155
44,159
172,100
329,12
27,110
283,24
38,153
348,111
168,285
369,54
10,125
179,277
79,158
65,142
110,181
327,10
186,80
339,127
81,159
171,285
100,218
305,12
71,150
365,42
35,116
220,40
114,176
299,14
120,108
46,163
109,182
96,213
135,102
47,128
69,147
34,151
13,129
180,89
193,261
140,260
363,85
220,39
114,171
355,98
232,34
272,35
18,110
43,122
285,217
286,217
76,194
369,72
190,78
102,220
47,126
355,26
321,158
212,46
140,259
114,162
245,34
155,275
121,108
49,130
359,30
39,118
208,50
230,265
56,134
369,65
318,10
15,110
137,257
110,230
24,141
283,223
120,240
228,36
300,12
317,165
196,263
297,201
63,140
305,185
309,12
296,15
175,281
215,267
184,271
349,22
149,105
174,99
197,66
255,257
367,45
358,95
291,18
24,108
63,181
349,111
350,22
58,175
334,14
62,179
29,111
155,108
322,10
210,266
126,245
142,261
19,135
25,108
281,26
83,162
89,207
345,117
279,229
176,95
49,167
73,150
353,102
181,275
364,85
279,28
138,102
269,38
58,177
281,227
319,10
341,121
363,36
111,180
173,283
303,189
291,208
271,36
331,140
77,155
319,162
122,106
106,224
134,253
318,163
360,32
72,191
87,164
289,213
306,183
92,209
182,87
94,213
104,180
267,247
365,83
41,120
367,78
226,36
64,183
114,155
277,232
45,124
90,208
114,234
353,24
92,168
114,125
357,28
272,241
64,142
118,113
157,277
103,178
159,108
18,134
114,146
329,143
247,259
359,95
95,170
333,139
99,175
347,19
298,14
245,261
335,135
108,182
112,177
114,141
258,253
60,177
151,106
210,47
20,137
167,106
183,273
22,108
36,152
369,59
259,36
152,106
154,274
114,132
168,106
236,265
44,161
48,164
32,147
361,35
369,60
333,14
189,265
244,34
10,115
358,30
40,156
230,36
323,153
255,36
327,12
152,271
172,101
176,96
361,36
369,53
10,122
178,94
132,102
150,269
263,38
13,112
289,18
111,231
186,81
314,10
339,126
166,284
81,158
100,219
365,41
102,178
31,114
15,131
277,30
120,109
325,151
96,214
69,146
141,261
342,16
327,147
94,170
180,90
80,158
78,196
140,261
165,283
114,168
355,101
232,35
272,36
39,120
76,195
102,221
199,263
58,136
321,157
40,120
114,163
116,120
351,105
65,144
49,129
325,153
98,216
208,51
44,124
369,64
280,26
328,145
294,16
297,199
82,160
72,150
110,231
257,36
169,285
283,222
309,179
120,241
300,13
268,38
317,164
60,138
297,200
305,184
187,265
349,21
149,104
253,36
255,256
367,44
188,78
162,282
307,181
219,267
349,110
154,108
275,235
228,265
345,115
29,110
213,44
360,91
346,18
74,191
367,50
209,48
137,102
210,267
231,265
340,16
299,195
246,261
66,183
345,116
279,228
45,161
158,277
25,141
353,101
122,241
12,112
194,72
89,166
125,245
281,226
90,207
363,39
113,233
23,139
212,267
285,22
303,188
289,211
291,211
94,211
275,32
331,143
292,207
310,177
77,154
119,110
104,221
122,107
106,225
205,54
300,193
86,204
109,229
292,16
289,212
92,210
27,143
123,243
267,246
286,22
143,102
365,82
130,249
316,167
103,180
158,108
274,34
114,152
304,187
90,209
146,104
114,235
206,54
247,261
128,248
96,172
95,172
114,122
350,107
50,168
52,132
17,110
147,104
132,252
80,197
107,227
288,18
18,135
114,147
317,10
359,94
307,12
21,108
333,138
99,174
347,18
276,30
132,251
335,134
84,201
112,178
202,60
114,138
60,178
68,146
126,104
198,64
326,149
67,145
251,259
291,207
183,272
139,259
36,153
148,104
369,58
295,203
154,275
114,133
48,165
32,148
361,34
320,159
273,239
369,51
333,13
189,264
105,182
177,94
40,157
131,102
192,72
211,267
127,104
199,64
241,263
152,272
172,102
176,97
59,137
354,26
369,52
10,123
214,267
179,279
223,38
203,58
327,149
166,285
180,92
365,40
183,86
114,174
120,110
46,161
193,72
325,150
96,215
124,106
34,149
327,146
101,219
102,219
180,91
78,197
321,155
363,87
239,263
114,169
224,36
116,114
355,100
232,36
18,108
43,124
339,15
287,215
53,171
237,265
190,76
35,151
330,12
355,28
321,156
114,160
116,121
49,128
325,152
74,152
129,104
98,217
208,52
144,102
145,104
77,195
369,71
280,27
167,285
297,198
306,12
243,261
248,259
309,178
300,14
317,163
20,108
63,142
284,22
190,263
175,283
76,154
130,104
349,20
118,238
53,134
75,153
204,54
367,47
188,79
176,281
14,130
162,283
307,180
349,109
265,38
124,244
162,108
200,263
363,40
112,232
255,255
28,144
160,280
59,177
124,243
316,10
299,194
108,228
329,145
279,231
138,258
361,91
310,12
12,113
89,165
16,131
235,265
241,34
41,157
281,225
108,227
363,38
32,114
303,191
218,40
291,210
312,173
183,271
331,142
354,101
104,222
123,106
114,158
86,205
93,170
292,17
92,211
365,81
293,207
234,34
114,153
43,159
143,263
166,108
261,253
247,260
359,32
128,249
114,123
50,169
128,104
222,38
132,253
78,156
80,198
367,81
31,147
288,19
21,137
114,144
278,231
351,24
148,268
171,104
70,148
333,137
276,31
136,255
100,176
84,202
251,36
112,179
114,139
204,265
60,179
283,225
126,105
198,65
148,267
67,144
251,258
128,247
183,275
369,57
295,202
82,200
10,118
114,130
22,138
172,104
48,166
32,149
361,33
273,238
369,50
333,12
153,107
189,263
105,181
323,10
192,73
323,155
186,84
152,273
172,103
176,98
59,136
166,283
216,40
179,92
153,108
10,120
178,92
179,278
235,34
146,266
327,148
368,75
347,113
78,195
114,175
116,116
260,36
302,12
325,149
113,176
285,221
227,265
190,74
34,116
363,86
37,153
114,166
224,37
116,115
264,38
249,35
18,109
97,215
339,14
231,36
237,264
57,175
190,77
362,36
203,265
114,161
116,122
351,107
249,36
313,173
151,271
369,70
280,28
191,261
19,108
297,197
284,24
110,229
39,155
200,60
309,177
311,173
278,30
240,34
204,56
169,106
284,23
270,38
187,267
175,282
118,239
11,125
53,133
75,152
204,55
95,213
367,46
343,17
54,172
305,183
14,131
307,183
26,142
224,267
349,108
353,105
11,114
30,146
234,265
170,106
133,102
124,245
200,264
275,237
112,233
51,131
310,10
238,34
258,36
246,34
28,145
175,98
50,130
160,281
296,201
210,265
271,241
299,197
250,259
341,125
108,229
91,167
329,144
332,139
259,253
279,230
138,259
361,90
182,88
311,177
334,135
263,249
12,114
52,169
37,118
229,36
194,70
301,12
89,164
16,132
276,235
86,203
346,115
112,231
303,190
160,279
136,256
104,223
256,255
114,159
328,12
93,169
292,18
166,106
97,174
177,281
368,50
214,44
286,20
293,206
367,75
357,97
274,32
114,150
85,162
114,233
206,52
261,252
265,249
29,112
304,12
290,211
93,211
115,122
159,279
219,40
367,80
149,269
80,199
262,36
288,20
18,133
114,145
90,166
148,269
42,158
282,26
333,136
189,78
347,20
239,34
311,10
84,203
247,34
112,180
202,58
114,136
186,269
283,224
66,144
14,112
69,187
183,274
99,217
164,283
369,56
82,201
154,273
10,119
103,221
114,131
160,108
185,84
22,139
48,167
361,32
198,263
27,109
273,237
38,154
153,106
105,180
79,157
192,74
216,267
323,154
110,182
75,193
178,279
216,41
71,149
308,12
10,121
174,283
178,93
296,16
229,265
161,108
146,267
202,265
223,267
46,126
343,119
347,112
114,172
116,117
355,97
38,118
205,265
285,220
369,75
190,75
12,128
144,264
114,167
224,38
249,34
321,10
313,171
140,102
164,108
237,263
319,159
33,149
351,106
180,277
313,172
98,215
337,131
196,66
369,69
153,273
172,285
301,191
243,263
200,61
150,106
315,169
117,237
145,103
290,18
165,108
204,57
298,197
330,143
187,266
194,261
130,102
53,132
337,14
343,16
54,173
352,24
88,205
162,281
307,182
91,168
331,12
115,235
26,143
62,140
356,28
70,188
349,107
315,167
353,104
119,239
12,125
30,147
184,84
84,162
126,246
142,262
200,265
275,236
83,161
51,130
310,11
314,169
147,267
299,196
341,124
197,263
91,166
295,16
361,89
288,215
311,176
331,139
52,170
56,173
37,117
185,271
206,265
338,129
319,161
194,71
16,133
134,254
68,185
260,253
200,64
243,34
214,42
367,77
134,102
136,257
266,38
114,156
277,235
93,168
166,107
97,173
226,267
265,247
177,280
33,115
308,179
114,126
286,21
270,243
293,205
118,114
357,96
105,223
240,263
257,255
114,151
274,33
313,10
282,225
20,135
206,53
261,251
262,251
265,248
33,116
101,178
50,167
29,145
161,281
114,142
210,48
341,16
14,110
42,159
359,91
57,135
333,135
106,182
269,245
81,199
335,131
202,59
114,137
67,146
73,191
74,192
57,136
238,263
276,32
242,263
369,63
61,140
320,10
10,116
85,203
248,34
114,128
65,183
293,16
81,160
27,108
211,46
256,36
38,155
215,42
150,270
79,156
263,37
186,82
339,125
284,221
59,138
216,42
343,121
71,148
274,237
365,44
31,113
227,36
