148,77
137,111
123,82
120,80
145,96
102,96
150,79
128,49
97,82
104,115
111,70
131,28
152,46
161,69
139,97
149,49
147,33
109,117
169,12
148,26
143,85
135,24
112,66
139,93
155,71
144,32
164,35
125,35
138,58
169,56
150,10
141,95
126,56
157,69
83,85
104,78
96,123
164,9
129,121
162,9
167,44
80,94
158,67
148,84
106,76
111,97
134,99
140,18
132,119
138,110
144,85
145,89
167,10
121,79
125,119
108,74
100,127
98,91
176,18
146,87
129,53
177,19
120,61
108,96
121,56
148,33
125,75
103,115
147,12
180,38
150,43
149,81
124,57
175,17
119,83
116,87
162,38
114,67
135,47
141,88
112,95
85,118
126,35
163,55
128,122
115,115
105,73
134,64
129,114
114,93
167,37
158,74
156,78
143,102
148,83
98,120
103,61
110,72
82,87
145,82
80,107
121,80
180,25
150,89
133,102
104,97
105,117
151,87
82,113
144,98
113,129
102,116
108,95
147,47
178,19
127,116
129,32
138,93
120,42
149,45
147,21
108,117
136,46
123,55
112,112
160,59
148,22
140,91
181,32
161,58
153,69
143,91
149,23
132,49
125,53
101,82
145,31
158,34
159,59
163,60
154,75
103,92
131,71
129,75
171,44
145,49
120,127
159,65
165,62
121,119
142,16
133,69
166,61
118,118
129,109
136,96
143,21
177,43
150,80
111,93
96,69
142,58
137,100
81,90
143,51
149,76
150,74
147,52
144,89
99,123
106,98
152,41
142,92
135,105
124,81
151,74
103,97
99,65
115,91
148,29
155,42
110,129
90,75
144,21
102,91
162,56
128,72
150,31
139,38
154,82
124,37
170,40
151,30
105,59
164,38
132,70
128,110
141,36
84,116
126,55
165,39
146,49
104,73
127,54
132,108
123,126
136,103
84,82
148,79
152,10
131,120
125,124
143,56
120,82
103,128
142,39
139,99
116,61
143,38
101,122
102,120
100,88
154,42
141,105
113,112
126,114
118,63
119,62
156,36
117,90
143,87
123,59
105,129
83,113
129,69
145,35
84,115
144,56
118,64
119,114
116,112
110,93
95,70
120,115
167,46
165,10
141,55
98,127
110,71
138,108
141,17
180,28
98,89
105,114
140,106
81,110
122,83
151,88
102,115
130,48
99,79
97,67
128,32
174,48
163,66
127,73
160,64
179,39
117,128
126,117
132,46
101,77
156,35
136,41
160,38
128,70
143,92
131,51
152,76
122,39
134,44
103,75
168,38
130,68
145,36
169,39
159,60
85,116
139,42
146,35
151,10
102,62
165,51
172,50
148,93
104,93
166,56
138,23
82,85
167,61
115,129
180,27
106,95
98,80
140,97
124,126
144,100
82,111
136,65
143,52
100,78
97,68
115,46
160,71
135,114
126,124
151,79
149,43
102,76
117,44
100,84
154,38
121,41
113,68
162,69
137,45
161,56
153,75
119,42
138,42
101,80
117,86
128,115
79,96
94,72
113,94
142,103
89,122
144,54
170,47
140,36
168,51
164,57
171,46
154,73
160,9
169,50
159,67
139,57
156,71
146,52
107,70
111,113
176,44
131,111
132,103
136,98
147,80
109,68
134,117
81,88
123,81
144,91
87,79
99,125
100,117
106,96
107,114
142,34
109,94
148,49
139,108
122,79
132,28
100,83
115,93
126,73
170,12
153,76
88,121
101,89
136,61
115,67
159,34
104,60
114,115
155,66
146,21
151,24
134,48
175,15
168,58
138,63
130,112
159,72
139,62
146,47
170,48
132,110
119,119
108,56
130,106
80,91
141,60
178,41
140,23
129,30
153,9
138,99
149,83
130,29
128,53
97,86
111,66
129,48
120,58
132,27
116,128
101,120
109,113
106,117
112,96
133,26
126,112
174,47
137,95
155,37
144,14
175,46
141,103
164,65
102,80
103,118
112,70
148,12
157,39
83,115
152,71
90,122
134,43
144,36
103,76
138,38
146,12
114,68
106,57
112,92
119,86
91,74
154,69
136,113
164,53
108,55
114,94
167,40
112,50
147,94
143,101
109,54
106,72
107,74
135,67
96,85
98,125
125,115
122,119
86,81
80,104
150,90
108,70
154,9
180,30
107,96
112,129
100,123
181,31
166,54
119,128
81,108
110,52
100,65
178,20
121,60
148,45
131,47
137,64
138,94
122,59
149,32
180,34
150,47
133,45
113,65
148,11
124,53
89,77
151,46
155,80
158,63
152,78
125,56
162,34
135,43
79,101
94,71
113,91
163,59
105,77
118,89
101,63
131,66
134,68
136,23
86,118
114,89
93,73
166,36
171,43
117,117
152,26
166,62
131,104
173,49
122,126
121,84
109,73
124,120
95,125
147,51
99,118
109,99
115,48
127,112
151,73
153,39
88,78
101,116
147,25
108,113
100,86
99,92
162,67
160,63
112,116
155,41
124,76
90,76
152,85
158,38
101,94
138,40
117,84
116,90
162,61
150,24
79,98
139,37
133,48
92,74
146,24
151,29
172,13
134,63
155,79
164,59
145,53
135,62
141,39
156,65
157,77
107,56
142,20
166,49
140,60
133,65
170,55
167,52
80,102
93,124
97,121
133,107
105,98
131,119
134,107
124,119
145,97
99,127
97,83
98,67
104,114
111,71
131,29
152,45
148,51
153,40
143,37
161,70
146,95
147,30
130,121
100,93
113,115
148,25
126,79
124,75
122,55
104,129
102,95
123,38
135,25
112,65
128,76
132,66
125,36
110,116
169,57
159,74
165,35
157,70
104,77
96,122
127,50
132,104
166,40
110,94
129,122
95,69
80,93
167,45
94,125
141,58
118,117
109,129
132,118
179,22
81,87
144,84
114,63
141,20
167,11
108,73
120,86
135,98
115,62
97,84
98,90
176,17
169,49
146,86
122,84
143,34
123,78
117,60
121,57
150,48
148,32
127,76
126,118
113,116
101,64
119,58
130,47
99,80
145,13
180,37
150,42
161,34
103,78
116,86
117,64
130,73
115,112
141,89
126,34
139,41
154,67
111,129
134,67
110,97
129,115
171,52
107,129
167,42
120,119
85,81
113,49
134,101
114,129
100,128
82,86
145,83
80,106
149,90
180,24
150,88
133,103
105,118
127,111
146,81
82,112
102,119
135,113
111,51
127,117
116,46
120,41
136,45
160,58
148,21
118,44
140,90
137,40
153,70
181,33
158,61
145,24
113,89
154,74
146,31
155,72
144,51
103,93
140,41
131,68
171,45
145,50
158,76
165,63
91,123
152,28
133,70
111,116
118,113
131,106
114,49
147,79
142,53
96,68
137,101
149,77
97,88
107,113
152,40
139,107
124,80
168,11
115,88
148,28
126,74
102,90
171,12
150,30
124,36
137,59
173,14
116,66
128,109
87,119
165,56
139,61
146,48
105,94
127,55
166,55
130,111
136,102
167,54
147,84
148,78
178,42
134,105
140,20
137,110
125,125
138,100
143,57
120,81
103,129
130,30
128,50
97,81
142,38
135,103
127,123
137,112
149,48
106,129
109,116
160,72
148,27
126,77
175,45
119,63
139,92
137,60
144,33
129,70
138,59
106,58
150,11
141,94
157,68
83,84
96,124
119,115
164,10
123,116
143,24
80,95
167,47
147,93
133,117
98,126
111,96
140,19
179,24
125,118
145,88
141,18
140,105
129,52
81,111
177,18
120,62
122,82
125,80
130,51
163,67
159,9
111,52
157,9
125,74
122,60
132,45
157,35
118,43
124,58
122,38
144,24
134,47
119,82
175,16
168,37
114,64
135,46
159,61
128,123
85,117
163,54
146,34
170,39
105,72
129,113
171,54
102,128
167,36
158,75
165,52
156,79
148,92
98,121
103,60
129,107
143,15
80,108
180,26
133,101
104,98
140,96
124,125
151,86
144,99
147,46
100,77
115,47
135,115
149,44
102,79
117,45
123,54
99,91
112,113
113,69
162,68
161,57
151,42
149,22
119,43
132,50
125,52
101,81
158,35
162,62
79,97
113,95
142,102
170,46
127,34
129,74
117,113
130,120
135,61
87,120
169,51
148,91
156,70
107,71
142,17
166,50
133,68
176,43
129,108
119,127
136,97
143,20
177,42
167,59
150,81
109,69
123,120
111,92
134,116
124,116
81,89
144,90
149,75
150,75
109,95
106,99
135,104
142,93
127,124
146,96
153,43
103,96
122,78
147,29
100,82
122,40
134,25
88,120
149,31
101,90
123,37
136,60
104,59
154,83
155,67
170,41
151,25
105,58
118,84
110,113
164,39
138,62
132,71
128,111
141,35
168,57
126,52
159,73
92,124
121,127
142,24
104,74
140,56
132,109
167,48
80,90
84,83
147,86
178,40
124,115
129,31
153,10
179,21
141,23
97,87
111,67
139,98
104,118
129,49
116,62
143,33
120,57
153,44
147,34
123,77
154,43
101,121
141,104
133,27
118,60
125,79
175,47
103,119
164,64
117,89
143,86
123,58
150,23
112,69
119,87
130,74
112,91
91,75
92,123
154,68
101,128
140,55
164,52
116,113
108,54
110,98
120,116
167,41
141,54
147,95
172,52
106,75
107,75
96,84
110,68
138,109
86,80
108,69
180,29
100,122
140,107
146,82
81,109
108,99
100,64
128,33
121,61
160,65
127,72
137,65
179,38
159,66
136,42
128,71
131,50
137,43
161,38
151,47
103,74
158,62
149,11
125,57
130,69
155,81
169,38
152,77
94,70
166,39
118,88
131,67
114,88
165,50
172,51
137,23
98,119
152,25
104,94
118,114
131,105
173,50
145,87
167,60
121,85
115,128
98,81
142,54
134,115
137,96
136,66
99,119
100,79
79,95
142,88
118,128
151,78
88,77
101,117
102,77
165,64
100,85
115,87
121,40
137,44
152,84
161,63
101,95
138,43
117,85
162,60
128,116
79,99
133,49
92,73
89,121
144,55
168,52
140,37
118,83
131,72
164,58
145,54
135,63
121,116
141,40
126,51
156,64
146,53
107,57
142,23
166,48
139,56
176,45
170,54
157,78
131,110
167,53
80,101
87,80
93,125
122,120
97,122
106,71
142,57
166,10
134,106
133,108
145,98
87,78
99,124
100,118
98,66
142,35
152,44
148,50
155,9
161,71
133,118
107,117
99,66
100,92
115,92
126,78
118,59
153,83
101,88
156,40
162,55
114,112
115,66
145,21
174,15
139,91
163,38
137,63
128,75
154,81
168,59
119,88
132,65
130,113
165,36
83,83
170,49
127,51
119,118
116,116
130,107
80,92
141,59
139,23
110,67
179,23
144,83
136,112
120,85
149,82
135,99
128,54
115,63
158,9
156,9
130,52
117,61
106,114
126,113
127,77
155,36
144,15
153,84
119,59
156,39
180,36
145,14
160,34
164,66
157,38
83,114
152,72
90,123
144,37
103,79
146,13
138,39
117,65
145,32
130,72
141,90
161,62
157,64
163,53
116,115
171,53
143,100
167,43
112,51
158,68
85,82
109,53
135,66
113,50
134,100
96,86
125,114
122,116
149,91
80,105
180,31
107,99
146,80
110,53
178,21
142,87
148,46
131,46
116,45
138,95
122,56
179,40
180,35
133,44
157,63
113,64
137,41
89,76
153,71
124,54
181,34
151,41
140,95
162,35
135,42
79,100
113,90
146,30
155,73
144,50
105,76
127,33
101,62
140,40
171,42
136,24
86,119
117,116
93,72
102,61
152,27
173,48
122,127
114,48
109,72
142,52
137,102
95,124
109,98
97,89
142,94
151,72
153,38
147,24
100,87
169,11
154,37
155,40
124,77
152,86
134,26
101,93
116,91
171,13
159,38
108,129
172,14
163,35
170,42
151,28
103,91
173,15
116,65
169,55
156,66
139,58
163,9
157,76
161,9
133,64
105,95
140,61
165,57
143,16
80,103
147,85
