181,153
194,243
296,55
161,206
179,155
231,185
333,81
203,154
311,85
269,136
226,130
235,181
248,107
260,212
276,78
167,226
161,191
267,138
316,126
237,227
278,76
230,97
287,115
280,47
199,132
208,148
190,141
265,90
330,104
232,183
271,84
180,244
233,182
167,167
288,167
283,70
281,122
286,49
196,183
289,166
256,100
202,154
334,84
190,249
262,209
291,49
285,68
282,70
311,82
214,227
208,230
268,53
199,236
233,226
314,128
303,95
308,138
250,104
334,96
263,92
185,149
232,123
213,199
252,102
210,119
314,79
278,185
239,173
306,142
259,149
269,198
202,187
224,132
159,195
184,246
211,119
256,222
310,85
245,78
209,146
161,216
252,159
334,95
213,117
247,165
283,117
253,158
177,157
259,65
249,230
292,49
258,97
309,87
214,115
277,126
239,230
261,212
332,81
221,195
294,59
209,197
252,228
266,203
171,235
239,87
194,179
256,153
203,127
196,241
165,173
175,161
234,120
194,173
296,157
205,125
266,90
245,166
222,132
301,95
249,163
236,118
206,194
207,123
181,244
159,200
330,100
204,192
216,113
290,62
161,209
282,72
210,144
203,129
231,95
223,194
266,55
168,230
219,226
161,203
274,190
273,48
292,161
298,151
243,232
284,70
225,130
233,91
294,50
197,183
232,224
294,159
291,107
252,227
289,111
295,158
308,134
282,177
271,50
208,121
278,75
255,153
271,133
297,102
194,164
275,190
254,102
231,96
284,48
197,135
259,62
324,112
315,77
227,191
163,178
187,145
189,141
245,80
242,114
198,184
219,197
261,60
212,143
167,168
265,57
296,57
213,142
257,67
161,204
215,113
212,117
263,58
334,83
306,89
283,121
207,148
224,103
233,92
231,187
226,128
313,128
314,126
260,214
198,237
304,143
161,189
226,101
212,228
307,138
164,222
267,140
177,242
249,75
241,230
227,99
237,88
293,106
327,77
250,73
245,168
205,230
261,148
175,157
299,97
229,224
204,125
255,67
252,71
243,170
225,192
202,190
188,145
332,96
159,196
203,191
206,152
298,153
220,226
334,90
217,111
244,232
216,139
247,77
200,154
249,106
233,224
161,182
257,153
173,238
259,96
183,150
279,125
196,238
221,107
272,193
266,206
221,226
274,82
264,91
229,98
239,175
209,228
288,65
173,162
306,140
259,151
302,146
231,183
279,47
312,129
307,87
175,238
215,140
200,187
334,93
213,115
251,160
191,139
217,112
283,119
253,156
309,85
200,185
305,93
292,164
270,135
285,117
213,228
204,191
178,242
201,187
242,171
220,134
194,177
163,216
233,122
254,155
176,240
322,115
282,180
205,152
165,171
278,182
297,99
230,224
205,123
318,118
266,88
209,120
276,188
328,104
249,161
192,169
240,115
303,144
268,86
159,202
185,247
333,96
328,78
161,215
265,143
276,127
194,244
245,232
296,52
236,179
242,83
237,178
292,163
287,66
278,125
251,159
260,96
257,98
291,109
161,186
289,109
172,236
222,226
267,137
255,155
271,135
297,100
194,162
212,197
254,100
318,121
193,139
280,181
276,187
295,105
229,126
189,145
274,131
197,133
255,68
283,47
185,248
315,79
163,180
187,147
268,198
193,173
242,112
219,199
319,77
317,77
167,170
263,145
331,79
196,180
165,226
257,65
206,151
169,231
273,47
215,115
334,81
190,250
192,245
224,224
262,210
311,81
228,128
248,230
222,195
284,117
264,143
296,103
247,108
316,122
177,240
272,83
268,137
249,73
198,133
227,101
231,224
329,104
278,186
198,159
175,159
299,99
261,146
199,158
286,170
258,217
309,134
291,164
202,188
212,144
332,98
159,198
256,219
280,72
273,133
196,179
208,196
226,191
169,232
334,88
267,54
191,140
217,109
195,242
258,98
305,90
286,68
269,52
239,229
301,148
200,156
202,233
229,188
261,94
173,236
165,223
223,105
320,116
221,105
200,235
272,195
312,81
266,204
204,152
274,80
174,161
246,232
195,179
194,174
296,154
286,173
234,226
253,70
186,248
306,138
277,47
318,77
302,144
294,105
241,173
326,106
312,131
307,89
202,129
275,128
288,168
223,193
292,61
200,131
285,115
201,130
289,112
195,136
258,151
228,99
225,103
252,224
162,216
163,218
322,113
169,167
282,178
240,230
241,232
271,49
300,97
324,111
204,230
276,190
328,106
290,64
192,171
254,69
259,61
326,109
290,165
163,177
268,201
281,72
196,161
264,57
161,213
170,232
179,242
241,83
300,149
265,141
194,242
227,128
296,54
161,207
263,57
211,197
293,160
269,137
244,111
248,106
321,116
198,238
276,77
167,227
161,184
224,193
302,95
267,139
246,109
316,125
237,228
247,232
218,137
283,176
212,199
199,133
193,137
209,119
251,72
281,47
323,112
313,79
208,147
241,114
285,49
221,134
243,169
329,79
279,182
247,164
211,228
241,84
199,185
233,183
288,166
281,123
254,223
196,182
165,224
174,238
298,154
238,117
256,99
206,149
189,250
190,248
192,247
224,226
262,208
334,87
311,83
214,226
208,229
248,232
282,121
323,77
187,248
238,228
286,67
321,77
219,108
253,224
183,149
308,137
228,127
298,99
232,122
313,80
195,162
278,184
270,197
230,125
258,215
198,183
260,149
224,131
159,192
256,221
280,74
240,173
245,79
334,94
253,159
258,96
200,158
277,127
332,80
221,196
294,58
215,199
273,82
320,118
304,144
266,202
171,232
270,51
164,175
204,154
194,178
322,116
196,240
165,174
275,47
250,229
290,109
270,85
296,156
245,167
287,170
301,96
243,82
171,164
181,245
214,141
159,201
257,218
330,103
258,65
161,210
247,163
284,175
275,130
288,170
262,59
285,174
260,95
298,150
223,195
273,49
196,162
292,160
284,69
332,79
262,93
320,77
294,158
167,228
201,234
225,101
235,90
163,220
252,226
315,126
194,175
169,165
248,75
271,51
282,176
278,74
264,207
277,76
297,103
194,167
239,176
318,122
279,74
231,97
192,173
310,133
259,63
193,168
163,179
189,142
245,81
179,244
261,61
181,152
167,169
297,154
212,142
296,56
182,151
161,205
179,154
263,59
334,82
241,171
231,184
311,84
233,93
269,135
235,180
160,191
248,108
260,213
198,236
304,142
276,79
161,190
228,189
267,141
237,226
223,103
287,114
241,231
293,107
237,89
185,147
252,104
325,110
245,169
261,149
168,167
281,180
159,191
243,171
258,218
225,193
205,193
272,133
233,181
159,197
281,121
298,152
334,85
267,53
271,196
282,71
241,172
177,155
216,138
244,112
245,110
210,197
187,250
233,225
161,183
202,234
203,232
303,94
183,151
325,77
250,105
166,226
251,228
272,192
185,148
232,124
225,224
252,103
186,147
264,90
229,99
311,132
288,64
173,163
182,246
286,174
236,120
319,118
216,226
159,194
211,118
255,222
312,128
244,81
175,239
245,77
200,186
269,86
334,92
213,116
275,127
251,161
217,113
177,156
253,157
259,64
247,75
183,246
309,86
178,155
277,125
234,181
232,93
223,226
217,226
195,135
231,124
279,123
194,176
171,234
163,217
239,86
277,186
203,126
322,114
196,242
165,172
175,160
210,228
236,89
234,121
296,158
205,124
248,163
209,121
222,133
245,165
249,162
302,148
236,119
264,208
192,168
240,114
207,122
326,110
206,195
330,101
290,166
328,77
204,193
166,171
290,63
161,208
304,93
294,160
291,62
265,55
203,128
330,79
231,94
296,51
210,145
237,179
161,202
188,250
274,191
292,162
293,60
294,51
259,214
295,58
275,80
167,230
161,187
273,192
289,110
163,222
246,110
324,77
226,224
308,135
322,77
218,138
297,101
289,64
194,165
317,122
318,120
280,180
163,175
196,135
276,186
284,49
197,134
255,69
289,49
299,150
163,181
227,190
207,230
284,47
198,185
197,160
261,59
267,88
167,171
242,232
265,56
296,58
238,118
257,66
206,150
231,186
192,244
274,47
283,120
226,129
218,226
314,127
295,51
219,107
161,188
230,187
177,241
272,82
249,74
293,105
237,87
265,206
255,100
223,132
235,226
295,103
270,198
230,126
198,158
261,147
327,106
316,77
258,216
290,49
202,191
220,197
332,97
159,199
256,218
263,143
208,195
287,49
334,91
262,212
267,55
191,141
217,110
216,140
247,76
200,155
305,91
269,53
229,189
276,80
201,154
161,181
202,232
274,192
257,152
173,237
227,224
279,124
196,239
221,106
200,234
272,194
220,136
191,248
263,208
264,92
286,115
229,97
239,174
250,230
305,142
288,66
270,86
173,161
286,172
253,71
306,141
254,224
331,100
259,150
302,147
243,81
278,47
171,163
268,88
214,142
312,130
275,129
193,244
283,118
272,49
253,155
292,60
305,92
293,49
222,105
192,248
201,131
289,113
285,116
262,94
195,137
220,135
235,89
171,236
163,219
253,102
236,226
322,112
217,138
278,183
211,144
194,168
162,181
318,119
324,110
266,89
276,189
328,105
206,193
192,170
310,134
240,116
326,108
268,87
185,246
290,164
172,163
268,200
260,61
328,79
308,87
300,148
161,214
179,243
265,142
196,160
280,123
266,141
296,53
215,226
217,199
237,177
179,153
294,49
238,87
244,110
235,179
228,224
276,76
291,108
161,185
194,137
246,108
316,124
255,154
287,113
218,136
192,139
271,134
194,163
244,169
254,101
326,77
193,138
280,182
212,198
251,73
295,104
208,146
189,144
282,47
237,118
238,177
315,78
187,146
268,199
242,113
219,198
206,123
241,85
332,100
273,131
263,144
254,222
196,181
165,225
238,116
206,148
169,230
256,98
215,114
334,86
224,225
192,246
262,211
180,153
248,231
208,228
246,77
187,249
286,66
219,109
288,113
303,93
214,199
316,123
308,136
272,84
251,104
250,106
219,136
227,100
228,126
218,199
199,131
313,81
270,196
175,158
299,98
230,124
261,145
207,195
286,171
258,214
256,67
202,189
224,130
332,99
159,193
211,117
256,220
267,202
280,73
273,132
225,191
250,161
208,197
243,112
334,89
181,151
214,228
200,157
160,202
305,89
269,51
239,228
229,187
221,197
165,222
223,104
320,117
200,236
272,196
266,205
171,233
239,85
204,153
274,81
203,125
251,71
165,175
250,228
234,122
235,120
270,84
276,47
296,155
184,149
253,69
306,139
204,232
222,134
301,97
302,145
262,145
243,83
207,121
171,165
181,246
284,176
326,107
330,102
214,140
246,165
206,230
312,132
307,88
161,211
240,85
284,174
275,131
210,146
288,169
218,109
231,93
292,62
260,94
284,68
201,129
220,107
257,151
239,116
294,60
262,92
176,157
197,238
167,229
225,102
234,91
235,91
163,221
252,225
169,166
282,179
292,107
239,177
264,206
170,165
194,166
216,199
204,231
198,160
192,172
288,49
310,132
227,189
163,176
268,202
189,143
175,240
300,150
161,212
