304,81
253,146
315,140
278,112
336,23
261,105
227,258
201,246
362,67
274,119
240,160
305,56
272,207
201,255
274,223
308,19
275,202
336,118
211,236
302,21
285,35
327,132
298,65
250,115
291,98
302,173
341,94
279,199
349,31
242,123
243,123
209,258
230,258
339,25
239,239
332,72
246,119
319,135
357,80
199,248
203,256
358,49
222,143
229,231
303,159
286,204
238,254
294,188
316,137
251,113
203,242
243,158
251,238
341,96
256,141
274,91
264,221
247,154
254,248
293,94
353,86
303,21
213,151
290,42
237,166
333,72
358,80
328,131
220,145
348,94
276,216
301,176
284,104
346,100
254,144
205,159
265,218
214,151
329,117
293,71
283,81
291,177
310,160
259,105
278,199
298,180
212,190
325,121
346,30
242,159
213,153
286,33
269,215
289,182
333,122
244,254
316,150
298,44
296,90
277,216
206,182
228,231
301,162
360,55
285,104
258,138
283,190
339,77
360,70
233,133
290,196
309,147
286,40
270,230
298,23
245,241
287,75
232,233
360,62
259,228
261,136
300,85
236,237
241,254
248,152
283,36
296,185
299,164
337,105
306,78
352,37
201,256
329,128
240,239
267,234
290,73
238,164
338,112
323,19
288,31
295,169
300,180
292,27
302,84
311,158
320,142
213,258
343,84
252,146
331,72
294,92
207,256
300,179
356,80
205,181
278,85
261,227
334,118
264,238
335,108
356,39
230,135
325,70
263,223
268,234
310,158
281,81
201,170
281,194
334,121
339,110
267,128
262,133
315,70
269,126
330,124
331,70
203,179
280,211
228,137
313,141
253,112
317,137
265,99
323,126
269,230
291,73
324,135
226,180
228,176
205,160
264,131
266,235
342,27
265,100
290,100
221,145
311,19
246,155
203,161
304,82
278,113
262,223
275,87
261,104
201,245
362,64
296,25
295,67
207,237
283,206
284,189
323,138
236,166
240,161
335,73
317,148
319,144
201,254
274,220
275,205
341,84
285,34
328,70
205,256
215,235
238,237
244,156
273,207
226,233
318,148
341,93
279,198
243,122
286,202
294,186
319,134
199,251
303,158
254,246
238,255
294,189
314,154
247,119
203,245
233,256
345,100
326,70
256,142
351,90
282,40
321,19
288,196
329,115
328,132
348,95
276,217
246,241
229,135
304,157
284,105
328,19
254,145
255,109
265,217
303,172
236,129
290,179
329,116
312,156
293,70
354,84
263,132
283,80
287,183
291,176
310,161
243,254
244,240
316,152
301,23
250,148
298,181
227,233
360,49
336,74
212,258
233,131
289,196
254,235
346,31
213,152
269,214
289,181
242,239
316,151
248,250
287,77
296,91
208,237
338,23
301,161
229,137
360,56
258,139
260,240
263,101
339,76
211,153
360,71
359,49
233,132
332,21
322,142
326,19
295,186
278,214
298,167
299,63
360,63
259,231
300,86
217,190
255,233
248,153
342,93
221,186
296,186
299,167
337,104
306,79
261,240
302,82
303,49
342,84
238,165
338,113
252,148
316,19
299,45
339,99
306,168
219,188
241,239
335,23
320,143
262,136
343,87
220,258
223,184
252,147
287,33
294,93
356,81
205,180
261,226
262,240
334,119
252,113
325,69
307,19
312,70
263,222
217,258
310,159
201,169
281,193
207,185
344,100
350,94
330,125
203,178
280,212
234,170
353,37
317,136
291,72
330,21
340,78
270,124
226,181
228,177
315,137
334,72
264,132
221,144
338,76
232,172
305,157
295,69
206,239
236,168
219,145
221,233
362,65
285,40
236,167
309,162
240,162
207,157
335,72
276,87
286,104
198,254
202,245
274,221
275,204
318,146
341,83
269,97
285,33
244,157
305,55
273,206
288,183
230,256
286,203
224,233
294,187
199,250
208,258
282,191
254,247
312,143
282,81
314,155
247,118
251,115
203,244
221,258
318,135
358,46
254,111
256,143
259,138
288,197
297,25
285,189
280,110
291,27
293,190
276,218
247,252
284,106
346,98
328,20
312,157
293,69
354,85
289,179
235,129
291,179
244,241
301,22
250,149
259,107
227,232
360,50
288,100
283,40
269,213
289,180
312,19
248,251
287,76
257,233
296,92
351,35
209,187
264,101
301,160
229,136
360,57
277,87
260,241
299,86
360,72
267,97
290,194
270,228
333,113
227,137
269,95
296,67
278,215
260,105
209,188
289,100
259,230
248,154
215,149
299,166
306,76
330,70
307,151
302,83
324,68
310,19
303,48
343,89
291,175
237,129
202,165
338,110
295,171
299,44
257,109
334,109
303,57
342,108
343,86
296,169
287,32
271,209
201,167
222,186
207,258
356,82
304,168
261,225
325,68
312,71
311,145
349,94
333,21
287,41
291,42
201,168
330,115
258,244
281,192
277,116
207,184
356,40
211,189
344,101
337,75
284,35
270,122
280,213
300,163
231,174
234,171
236,256
326,134
297,90
317,135
344,27
337,76
305,155
287,31
270,125
348,31
331,113
226,178
281,210
228,178
230,174
216,190
342,25
217,235
297,67
290,98
220,186
321,131
302,159
232,173
305,156
324,136
203,163
295,68
275,89
298,90
301,63
266,99
322,68
286,102
197,254
362,63
288,75
207,239
336,114
282,210
240,163
219,233
292,190
354,38
262,103
357,43
294,25
223,141
318,147
341,82
269,96
336,105
266,130
350,34
297,182
244,158
305,54
273,205
279,83
302,176
340,99
205,241
216,235
288,200
286,185
283,79
230,257
286,200
325,19
257,140
330,128
314,70
306,153
297,23
234,256
314,152
251,114
276,220
228,258
246,252
284,108
358,47
279,214
288,198
297,24
285,188
287,200
239,254
276,116
241,160
297,169
315,19
280,111
276,219
225,258
284,107
250,250
251,248
346,99
328,21
255,111
259,242
216,192
325,125
312,158
308,74
291,178
294,173
301,21
358,78
259,106
226,139
360,51
288,101
253,237
334,22
230,231
234,234
308,162
346,29
309,151
269,212
270,226
292,192
210,258
248,252
257,232
293,175
239,125
209,186
355,39
301,159
360,58
252,248
277,86
260,242
263,103
266,217
339,78
360,73
211,155
290,195
239,164
270,229
202,176
224,141
333,112
322,140
229,176
255,235
260,136
271,93
306,77
256,244
295,173
284,79
231,133
253,248
257,107
213,192
255,144
342,106
343,88
237,128
225,182
337,103
338,111
295,170
356,84
257,108
339,101
306,166
271,208
201,166
257,244
356,83
304,169
261,224
335,105
284,204
214,192
307,21
312,72
311,144
272,224
218,190
238,256
287,40
201,175
211,258
216,258
310,74
335,118
282,110
356,41
211,188
359,76
344,102
350,92
347,96
337,74
270,123
203,180
280,214
229,258
234,168
285,204
215,192
202,256
344,28
270,211
273,224
220,188
305,154
327,119
226,179
319,68
315,139
230,175
216,191
297,66
290,99
220,187
348,96
321,130
232,174
214,258
324,137
362,68
341,79
274,120
203,162
289,42
313,156
278,116
219,147
275,88
301,62
286,103
197,253
274,224
275,201
320,19
207,238
336,115
211,235
240,164
207,159
335,74
292,191
354,39
268,128
279,85
318,144
302,174
341,81
306,21
289,75
300,23
290,29
350,35
225,141
301,48
305,53
277,199
340,108
307,166
313,70
205,240
279,195
282,37
329,70
292,94
286,201
337,23
319,131
323,68
274,205
203,241
275,220
251,237
341,99
331,21
328,119
314,153
297,167
328,128
277,201
358,44
341,108
309,19
281,191
215,258
288,199
255,246
317,68
285,187
308,76
276,117
332,122
297,168
280,112
291,29
256,233
346,96
255,110
327,70
295,25
325,124
308,164
272,120
235,131
308,75
332,113
206,256
350,31
358,79
286,77
223,233
245,156
360,52
288,102
253,236
334,23
283,189
234,235
235,235
308,163
309,150
240,254
269,211
270,227
287,185
249,241
293,174
320,68
360,59
277,85
259,227
263,102
211,154
231,231
360,74
267,99
290,192
273,120
311,143
283,35
296,182
333,111
299,163
227,139
249,250
322,141
299,65
253,111
255,234
292,96
260,137
215,151
256,245
295,172
245,119
355,84
321,68
307,153
268,97
291,192
329,21
303,50
342,107
343,91
237,127
280,83
299,46
300,176
249,117
285,79
339,100
306,167
303,59
241,125
352,88
338,103
288,42
271,211
201,165
222,184
245,121
304,170
334,122
210,188
284,205
304,57
307,20
311,147
350,90
262,134
268,230
272,225
249,150
201,174
204,256
258,242
207,186
262,238
356,42
344,103
273,93
350,93
320,144
323,125
352,86
316,68
327,121
208,186
234,169
289,31
326,132
283,108
266,236
212,235
293,27
298,86
344,29
200,247
224,184
281,39
305,153
331,115
294,69
282,206
315,138
278,114
297,65
232,256
200,254
281,40
321,129
341,78
324,138
203,165
314,19
235,168
219,146
275,91
298,88
301,61
197,252
218,147
224,182
218,258
204,241
336,116
282,208
238,127
315,152
207,158
210,155
218,235
219,235
238,238
314,141
225,139
305,51
223,143
279,84
318,145
302,175
341,80
289,74
279,197
297,43
243,121
266,128
267,217
216,149
350,32
225,140
319,133
301,47
305,52
199,254
250,239
340,109
270,95
205,239
208,157
303,157
292,95
297,44
220,233
256,109
294,190
243,239
199,247
319,19
341,98
209,237
233,172
324,125
267,215
307,76
242,254
332,124
328,129
311,72
277,200
358,45
252,237
254,146
329,119
285,186
310,162
293,42
276,118
332,123
291,28
298,182
321,127
250,248
305,168
346,97
265,221
268,126
325,123
308,165
272,121
219,258
224,258
235,130
244,252
299,180
316,148
281,110
249,239
358,76
305,80
204,180
278,216
338,24
360,53
253,235
256,144
258,140
302,61
360,68
309,149
287,184
337,114
249,240
231,256
340,25
293,173
239,127
232,231
360,60
360,75
267,98
290,193
318,68
248,150
296,183
333,110
245,252
227,138
322,138
306,80
257,231
352,35
222,258
299,64
304,21
361,68
292,97
260,138
215,150
343,93
271,95
238,166
338,114
256,246
204,161
249,115
233,233
231,135
307,152
237,237
303,61
213,191
342,104
343,90
347,31
241,123
221,143
294,94
280,195
300,177
249,116
285,78
207,183
264,236
339,103
320,131
263,221
303,58
268,232
241,124
352,89
281,83
284,40
271,210
222,185
245,120
304,171
251,148
258,107
335,107
300,63
284,206
303,82
361,63
217,149
273,91
311,146
350,91
262,135
322,127
268,231
343,104
272,226
218,188
310,147
287,42
201,173
330,126
258,243
203,177
209,157
309,74
310,72
313,143
262,239
282,108
265,236
356,43
211,190
344,104
273,92
291,71
352,87
316,69
327,120
226,182
289,30
326,133
317,19
293,26
223,258
298,87
281,38
331,114
282,207
304,80
324,19
315,141
278,115
213,235
214,235
242,160
201,247
225,233
246,156
321,128
301,84
362,66
274,118
203,164
275,90
298,89
305,57
197,251
198,251
274,222
275,203
224,183
336,117
282,209
211,237
234,131
292,42
219,234
238,239
354,37
305,50
287,102
223,142
302,172
341,95
289,73
279,196
212,153
325,134
297,42
266,129
267,216
237,256
350,33
319,132
301,46
199,249
276,201
232,133
340,110
358,48
345,29
292,175
314,156
247,117
343,27
203,243
358,43
251,239
341,97
256,140
292,71
275,118
244,239
328,130
271,226
222,233
210,237
265,219
302,48
329,118
354,86
285,185
268,215
271,122
248,241
250,150
227,231
250,249
265,220
268,127
325,122
308,166
272,122
242,158
289,183
244,253
316,149
358,77
279,112
338,25
247,241
301,163
360,54
334,21
283,191
360,69
234,233
309,148
239,126
294,42
232,232
360,61
259,229
300,84
360,76
236,236
248,151
283,37
296,184
333,109
299,165
322,139
235,256
201,176
352,36
248,117
236,235
292,98
263,238
322,19
343,92
271,94
240,125
227,178
271,207
258,231
244,121
231,134
260,227
226,258
303,60
213,190
342,105
343,85
313,19
207,257
300,178
285,77
205,182
207,182
335,109
264,237
339,102
217,147
272,93
268,233
352,90
281,82
326,121
201,171
295,92
281,195
209,155
304,172
341,25
334,120
335,106
217,148
262,132
218,189
201,172
203,176
330,127
331,71
206,159
280,210
209,156
265,130
234,172
327,19
310,73
313,142
295,42
282,109
304,50
230,176
253,113
308,151
261,103
323,127
305,21
316,70
324,134
270,126
331,124
296,42
299,23
289,29
205,161
261,223
300,46
264,130
266,234
342,26
293,25
318,19
265,101
281,37
246,154
321,142
