73,276
22,154
26,201
217,239
146,264
110,41
222,120
102,295
216,49
89,293
53,215
221,235
60,226
225,232
226,214
227,220
223,155
106,61
109,32
130,272
84,95
139,9
69,269
116,296
23,204
213,243
217,240
218,238
132,306
225,112
133,7
158,17
52,105
142,288
145,12
201,255
184,33
223,128
151,18
120,9
137,282
192,33
212,44
228,221
17,202
71,283
40,117
59,102
205,251
206,251
222,157
209,248
63,237
60,104
175,265
68,248
145,302
199,40
112,295
148,304
131,280
43,113
51,209
219,237
226,121
16,172
142,299
54,217
202,254
60,240
120,16
37,128
20,200
40,124
224,62
191,33
211,245
73,271
43,118
84,295
217,194
112,24
220,236
224,215
191,263
203,253
18,202
91,93
165,265
41,206
133,299
207,249
211,250
229,231
85,98
217,90
184,269
52,215
222,84
97,80
6,191
10,178
31,205
35,134
219,104
55,219
221,207
137,269
12,174
217,50
92,92
21,200
42,207
169,266
133,276
136,8
227,73
188,34
200,37
131,271
179,27
217,204
221,87
227,144
88,95
222,238
100,292
172,268
134,10
125,300
159,22
92,91
43,204
227,78
193,34
73,290
28,148
103,63
68,99
30,144
72,102
143,14
219,201
113,292
221,80
98,80
154,302
219,102
222,209
223,237
172,267
227,230
119,12
108,291
143,300
26,151
104,53
216,196
98,293
28,147
231,67
220,240
204,39
115,17
155,16
29,140
85,292
12,196
130,302
223,234
176,266
232,226
197,262
223,123
152,291
213,49
216,203
57,106
105,67
219,199
221,162
224,138
209,45
12,195
86,94
36,201
221,211
223,211
226,158
206,40
26,153
49,211
217,191
218,55
219,175
188,264
150,14
151,291
25,154
139,283
105,68
221,187
222,59
224,129
152,19
41,122
13,196
87,93
108,70
182,270
113,21
166,25
224,112
131,9
226,153
118,294
201,256
76,289
223,105
101,295
32,140
109,295
54,103
163,265
74,283
225,64
134,272
137,12
57,229
42,115
223,176
82,295
19,161
205,43
119,16
32,131
134,267
139,265
108,37
162,23
54,233
129,275
57,238
112,32
59,222
149,267
135,296
66,100
19,166
130,306
222,180
45,112
155,294
217,97
143,265
89,95
219,178
169,23
226,64
70,282
129,276
220,211
58,239
93,91
60,223
107,291
72,287
147,303
153,15
82,95
141,284
198,258
90,94
147,13
221,110
153,297
27,150
103,78
159,263
218,186
219,56
55,235
75,287
220,170
59,236
223,175
189,267
173,28
123,11
87,97
144,302
72,262
96,87
223,60
153,16
228,137
50,111
218,99
20,157
23,160
156,301
90,89
198,261
110,28
46,114
70,276
224,164
135,279
138,9
104,292
198,39
72,269
109,45
227,62
63,241
229,217
91,293
73,274
38,122
148,292
20,164
117,14
110,39
222,118
51,106
70,271
60,228
64,239
227,214
230,65
130,278
66,251
22,155
9,182
27,204
102,292
139,298
56,102
168,266
60,227
223,154
193,262
195,38
106,58
71,285
109,31
19,203
55,103
188,31
66,242
69,268
107,73
39,126
116,297
9,191
218,239
221,114
171,264
8,182
142,289
127,301
199,261
120,10
137,281
228,222
212,45
14,170
215,48
71,282
165,262
40,118
60,105
80,290
68,249
142,14
39,119
205,256
51,208
92,297
6,194
226,118
13,180
16,173
142,296
53,216
199,258
202,255
111,27
64,244
65,250
101,81
106,44
160,18
162,266
220,52
191,32
105,295
124,5
73,270
127,8
95,83
45,208
214,242
217,193
112,25
220,237
130,5
224,232
13,173
55,221
91,92
150,290
133,298
227,67
194,264
85,97
216,240
217,89
145,287
95,88
44,112
156,263
141,299
222,85
6,188
10,179
55,218
221,206
78,290
208,248
12,175
217,49
71,257
187,268
150,293
188,35
190,267
227,72
196,35
107,53
131,270
8,195
63,104
140,13
33,205
215,246
112,23
154,292
227,147
10,186
200,260
18,170
222,239
78,293
134,11
101,76
102,74
140,294
125,299
185,33
43,207
121,9
193,33
229,232
213,46
73,289
225,59
28,149
103,62
231,69
30,145
219,200
154,303
118,20
229,63
40,202
224,108
222,214
227,233
223,125
104,54
216,197
151,300
9,197
103,55
69,99
36,124
220,241
221,168
227,129
155,19
29,139
220,96
137,295
228,224
232,227
223,122
152,292
227,127
213,48
216,204
53,108
74,278
57,105
104,76
105,66
197,39
219,198
57,218
185,269
224,139
115,25
136,284
108,72
36,202
223,210
178,26
15,198
79,293
47,209
49,210
231,227
217,190
111,291
188,265
25,153
151,290
172,24
189,32
30,138
105,75
108,48
201,37
37,124
57,227
221,186
222,56
224,130
41,121
87,92
141,14
180,31
108,71
110,295
37,205
114,295
81,99
23,159
79,290
174,25
32,141
74,280
226,79
79,100
122,12
105,76
195,261
108,47
57,228
58,218
136,266
82,292
161,262
15,167
19,160
147,288
222,178
205,42
81,100
32,132
146,299
182,32
151,304
120,295
87,296
162,20
129,274
112,33
224,144
154,266
135,299
68,257
222,181
45,111
210,46
228,132
232,223
217,96
143,264
148,264
101,296
88,296
89,94
219,181
169,22
225,81
226,65
153,295
27,144
192,262
55,237
220,172
58,236
93,90
94,88
163,20
219,83
96,81
62,240
228,131
132,6
152,263
119,299
198,259
153,296
211,43
103,73
70,274
218,187
164,262
75,286
220,171
59,239
223,174
62,104
174,268
140,287
123,10
87,96
215,47
126,5
72,263
31,141
220,90
228,138
143,286
181,28
74,102
20,158
94,296
167,25
100,76
110,29
202,258
77,289
7,186
46,115
29,201
70,277
127,305
96,293
149,293
223,151
224,165
190,36
67,100
198,36
109,44
220,81
83,292
67,245
103,292
73,273
20,165
167,22
26,204
117,13
141,269
70,253
222,119
51,109
145,16
60,229
225,213
223,156
135,271
140,269
150,263
231,221
148,300
22,152
117,22
9,181
176,29
157,21
47,113
178,269
52,108
56,103
65,239
106,59
35,125
71,284
19,202
66,243
69,267
107,72
106,74
71,102
127,5
145,299
9,190
221,113
166,265
171,267
8,183
226,124
127,300
149,304
170,26
225,231
228,223
14,171
215,51
16,198
224,57
80,291
102,62
85,94
107,65
164,24
39,118
222,104
99,296
226,119
13,179
16,174
111,26
148,16
226,230
64,245
65,249
101,80
106,45
160,19
14,178
220,53
41,203
64,100
209,247
124,6
69,253
73,269
80,100
208,41
151,267
214,243
217,192
112,26
224,233
6,186
13,172
196,263
16,165
55,220
111,35
203,258
137,266
24,148
169,263
133,297
227,66
210,246
194,265
216,241
218,86
44,113
84,296
141,298
52,209
97,86
177,30
219,106
55,213
208,249
102,80
71,256
146,12
24,155
227,75
65,100
121,7
190,264
107,52
8,196
215,241
219,242
117,297
154,293
118,18
227,146
10,187
200,261
101,75
102,75
90,297
143,289
44,208
121,8
138,285
213,45
218,88
73,288
145,264
225,58
98,296
103,57
231,68
160,262
34,205
181,266
204,42
11,199
18,162
93,297
220,106
40,203
224,109
167,263
115,296
223,124
44,207
46,208
230,230
216,198
221,54
151,303
9,196
103,54
123,297
106,291
125,5
36,125
221,167
222,79
115,19
209,42
227,128
29,138
157,266
142,268
220,97
118,298
137,294
228,225
168,22
206,39
133,269
227,126
231,229
53,107
74,279
54,107
58,102
183,269
10,197
104,77
123,302
197,38
57,217
222,54
132,269
224,140
115,24
136,285
76,98
226,156
228,232
178,27
76,292
152,300
217,189
183,266
225,77
78,100
137,9
108,49
37,123
57,226
220,192
224,131
149,263
221,185
61,101
141,13
38,202
114,292
77,101
226,151
76,291
223,107
23,158
74,281
226,76
134,278
194,37
195,260
58,219
136,267
135,301
128,5
147,291
38,205
166,22
222,179
116,15
119,18
23,151
32,133
50,211
56,214
120,296
218,182
129,273
112,34
224,145
42,120
68,258
86,97
15,175
19,168
39,206
116,22
210,47
228,133
49,107
114,28
24,204
144,11
56,221
146,291
219,180
225,80
150,17
192,263
214,50
70,280
55,236
220,173
94,89
96,296
224,168
31,135
14,197
144,297
163,23
202,38
220,92
21,157
96,82
186,265
62,241
228,140
49,108
91,297
218,102
132,7
119,298
138,298
128,305
153,303
207,41
11,185
103,72
70,275
218,184
225,218
135,280
229,77
174,269
138,12
72,264
220,91
228,139
20,159
223,79
25,204
100,77
202,259
221,101
226,80
175,25
103,65
105,47
127,304
219,51
59,231
60,239
149,292
223,150
224,166
136,295
193,266
67,103
109,43
220,82
63,243
83,295
66,254
67,244
103,295
70,99
73,272
38,120
20,166
116,293
27,201
156,294
141,268
222,116
11,183
221,239
60,230
225,212
226,218
227,216
7,195
135,270
195,35
16,201
34,127
144,286
130,276
231,220
106,64
22,153
5,191
117,21
9,180
157,20
213,247
216,52
178,266
52,109
184,29
226,213
121,300
106,56
205,255
62,237
139,10
175,269
69,266
106,75
145,298
75,98
112,291
39,120
203,41
9,189
221,112
222,102
225,117
226,125
8,184
124,298
142,295
111,28
170,27
192,36
228,216
212,47
144,268
224,58
206,254
63,238
175,266
107,64
180,266
145,291
95,84
43,114
154,19
228,62
219,238
222,105
224,211
6,192
13,178
111,37
148,17
226,231
64,246
65,248
106,42
91,89
20,203
97,293
207,253
211,246
69,252
22,162
151,266
63,100
156,266
32,205
222,80
6,187
117,294
30,205
13,171
16,166
203,254
65,241
187,265
24,149
207,250
227,69
210,247
194,262
196,38
217,95
218,87
52,210
97,85
177,29
88,91
222,234
71,259
146,13
185,30
24,156
133,273
227,74
136,11
122,297
107,55
200,40
134,304
48,108
68,103
72,98
132,273
98,84
227,149
118,19
18,168
220,108
140,288
108,295
17,171
92,86
133,282
138,282
104,49
218,89
81,295
67,257
103,56
231,71
160,263
143,11
219,202
132,280
11,198
12,200
18,163
93,296
220,107
224,110
167,262
223,238
17,172
143,297
223,127
26,146
46,209
47,205
230,231
216,199
107,37
161,23
57,102
221,53
104,71
73,102
185,266
221,166
115,18
225,163
209,41
227,131
12,199
36,205
223,215
228,226
176,269
197,259
17,165
152,294
133,268
231,228
86,292
54,104
188,268
10,194
220,202
57,216
222,55
132,270
152,15
224,141
225,164
86,93
13,200
161,266
182,266
128,8
226,157
228,233
99,83
158,263
217,188
218,50
225,76
78,101
27,143
137,8
30,136
214,46
108,50
219,209
37,122
57,225
220,193
224,132
221,184
42,119
61,100
182,269
131,10
155,301
228,144
15,201
223,106
101,292
173,268
146,302
128,301
58,105
186,34
134,279
192,266
83,99
194,34
226,60
135,300
68,260
109,70
45,116
223,83
23,150
100,81
135,7
32,134
50,208
89,91
56,215
139,266
35,205
218,183
129,272
112,35
224,146
149,264
42,121
68,259
15,174
130,305
116,23
82,99
228,134
131,306
114,29
144,12
56,222
146,288
28,201
214,51
70,281
220,174
58,234
224,169
187,31
31,134
144,298
219,85
220,93
21,156
96,83
222,162
228,141
114,20
99,79
34,136
90,93
56,229
207,40
46,110
11,184
33,139
70,272
218,185
95,296
225,217
189,264
190,35
135,283
173,25
229,76
230,74
138,13
179,270
31,143
144,289
198,35
72,265
223,57
150,267
50,106
223,78
100,78
156,296
221,100
222,114
11,177
47,109
103,64
105,46
59,230
224,167
193,265
104,295
106,55
109,42
202,41
220,83
63,242
230,220
69,263
129,5
38,121
156,295
110,42
222,117
11,182
183,33
187,34
149,300
225,235
226,219
7,194
227,219
195,34
106,62
16,202
144,287
19,199
130,277
113,32
55,107
155,263
68,246
231,223
164,20
131,302
5,190
117,20
9,187
212,248
217,243
225,115
11,175
158,18
216,53
89,297
145,15
53,211
184,30
225,236
106,57
215,52
35,127
71,286
59,101
222,158
209,251
66,241
139,13
69,265
142,10
112,292
75,101
131,279
23,200
9,188
217,244
182,28
222,103
225,116
226,122
153,266
124,299
158,21
54,218
38,128
192,37
228,217
14,169
220,56
206,255
209,252
191,36
102,60
84,98
124,9
145,290
199,36
95,87
154,16
228,63
28,140
84,292
213,248
51,213
130,9
166,262
224,212
6,193
226,117
157,299
111,36
64,247
12,180
106,43
14,176
162,265
17,199
91,88
211,249
105,292
69,251
184,266
203,38
44,116
45,205
63,103
132,300
117,293
16,167
35,133
54,212
65,240
90,293
21,203
22,203
24,150
227,68
217,94
160,266
33,201
221,90
132,299
225,159
191,264
88,92
196,264
31,201
200,256
75,291
224,81
222,235
78,289
140,298
125,303
217,54
159,21
71,258
92,88
42,203
43,203
133,272
136,12
24,157
107,54
134,305
48,109
231,73
179,31
72,99
218,206
113,295
132,274
98,85
227,148
10,185
18,169
220,109
172,264
227,229
159,18
17,170
92,87
115,293
171,23
133,281
138,283
104,50
121,14
221,59
81,294
134,296
9,193
67,256
104,65
231,70
69,103
132,281
224,111
223,233
222,213
227,234
228,228
17,163
143,296
149,17
223,126
216,200
161,22
104,72
218,208
220,204
185,265
221,165
225,162
227,130
136,280
155,20
113,31
76,101
223,214
228,227
178,30
17,164
152,295
138,269
86,293
53,105
111,295
151,294
134,282
172,28
105,71
220,203
57,223
221,190
41,117
224,142
115,26
110,291
128,9
226,154
201,259
223,108
79,294
99,82
47,210
218,51
74,284
170,267
172,27
27,142
139,287
30,137
214,47
108,51
219,208
220,194
57,224
224,133
42,116
154,263
108,66
37,202
81,96
201,260
23,152
174,28
109,291
146,303
128,302
79,97
83,98
122,11
105,49
54,234
59,221
82,291
135,303
29,147
68,261
109,69
222,177
205,39
61,237
155,293
45,115
49,112
143,268
223,82
100,82
138,294
89,90
56,216
219,177
134,271
139,269
87,293
162,19
94,84
224,147
95,293
15,169
186,268
222,184
116,16
82,96
228,135
156,17
148,267
114,26
177,269
56,223
219,182
153,292
27,149
103,77
220,175
58,235
224,170
62,100
107,295
72,259
219,84
220,94
21,155
204,256
153,19
228,142
218,100
114,21
152,266
99,78
25,201
34,137
198,262
90,90
56,230
77,293
207,43
46,111
29,205
103,74
211,44
33,138
70,273
55,231
223,171
225,216
190,32
173,24
229,75
230,75
31,142
144,290
72,266
126,8
21,164
223,56
227,61
63,244
48,206
230,218
50,107
74,101
156,297
34,128
56,237
221,99
222,115
11,176
105,45
33,131
51,105
149,290
230,66
66,252
67,246
69,262
73,278
148,288
38,126
74,290
51,110
183,32
168,263
60,224
170,23
223,153
121,297
195,37
106,63
109,34
55,106
133,306
67,255
68,247
231,222
164,21
148,303
39,125
5,189
212,249
225,114
47,114
89,296
53,210
56,106
148,13
35,126
76,287
20,199
222,159
102,58
69,264
106,73
142,11
71,99
131,278
23,203
182,29
99,292
226,123
199,257
224,77
226,234
137,285
120,14
220,57
37,130
60,101
80,294
102,61
107,66
199,39
80,96
28,141
51,212
218,242
92,293
130,6
118,12
157,298
212,48
12,181
160,22
14,177
162,262
17,198
64,103
210,250
69,250
22,160
208,44
44,117
45,204
48,112
214,246
52,213
129,302
222,86
132,301
224,236
10,180
177,26
35,132
54,213
65,247
18,199
146,16
22,200
150,294
171,24
227,71
122,300
216,244
217,93
189,31
141,295
215,245
217,206
221,89
132,276
225,158
191,267
200,257
55,214
183,29
224,82
208,252
125,302
217,53
149,14
107,41
231,72
141,288
179,30
181,270
215,242
218,207
132,275
227,151
11,195
220,110
172,265
227,228
102,78
181,32
115,292
150,304
228,77
193,37
104,51
121,13
86,296
216,194
221,58
225,63
134,297
9,192
104,66
103,58
106,295
125,9
69,102
129,305
165,24
18,161
147,264
40,206
100,296
119,11
232,224
143,299
223,121
26,144
230,229
216,201
107,39
25,147
123,298
219,197
220,205
221,164
224,136
225,161
136,281
157,263
113,30
221,213
223,209
118,297
15,197
168,25
138,266
53,104
186,30
25,148
189,35
134,283
122,6
105,70
197,35
220,196
221,189
41,116
224,143
85,296
180,28
113,23
226,155
152,303
74,285
170,264
139,286
201,41
220,195
222,60
224,134
141,10
142,285
180,27
108,67
19,159
77,98
222,207
223,84
135,8
49,207
146,300
226,75
134,277
105,48
54,235
59,220
136,270
135,302
29,146
109,68
147,292
166,21
222,182
61,236
217,99
24,200
88,293
219,176
134,268
120,299
28,204
108,34
94,85
224,148
135,295
15,168
130,271
186,269
116,17
210,42
114,27
169,26
153,299
218,188
55,233
93,86
75,285
58,232
223,173
224,171
151,15
220,168
135,284
174,265
140,284
123,9
14,200
72,260
163,24
202,37
220,95
204,257
222,160
116,24
228,143
218,101
143,285
181,31
129,9
94,293
25,200
119,295
34,134
126,303
110,30
147,16
77,292
153,300
7,185
211,47
29,204
175,29
33,137
70,278
36,130
55,230
67,99
140,283
72,267
109,47
21,163
227,60
48,207
230,219
74,98
212,244
34,129
70,254
56,238
221,98
175,26
33,130
164,265
219,52
220,190
149,289
136,298
230,67
204,252
59,105
61,240
66,253
69,261
70,102
73,277
148,289
38,127
176,26
141,265
74,291
146,267
110,40
216,48
178,270
70,256
221,236
60,225
223,152
227,221
135,267
121,296
140,265
106,60
109,33
133,305
84,94
67,254
69,270
39,124
5,188
157,17
213,244
166,266
224,216
225,113
153,263
124,302
223,129
72,288
144,264
222,156
97,296
205,252
206,250
102,59
180,270
203,42
222,101
98,79
226,120
139,294
54,216
224,78
226,235
120,15
220,58
37,129
40,123
224,61
80,97
43,119
28,142
32,201
218,243
133,10
118,13
157,297
30,201
196,260
54,211
111,38
203,257
12,182
106,41
150,300
207,254
227,65
210,251
69,249
217,91
22,161
208,45
151,263
44,118
48,113
214,247
52,214
222,87
97,81
132,302
224,237
196,259
219,105
221,240
137,270
12,173
42,206
169,267
133,277
227,70
171,27
65,103
194,261
122,301
216,245
107,51
217,92
200,36
141,294
217,205
219,241
165,21
221,88
227,145
191,266
208,253
149,13
227,79
138,286
107,40
145,267
81,291
140,10
143,15
221,81
98,83
227,150
11,194
219,103
222,208
167,266
102,79
143,301
115,295
44,204
228,78
121,12
104,52
46,205
216,195
161,19
145,268
225,62
98,292
106,292
125,8
34,201
73,98
204,38
155,17
142,265
93,293
147,267
134,7
119,10
232,225
197,263
223,120
26,145
227,125
47,206
213,50
216,202
107,38
170,263
25,146
10,198
123,301
220,206
221,163
224,137
225,160
209,46
113,29
221,212
137,298
168,26
206,43
26,152
218,54
186,31
78,97
25,155
10,193
122,7
105,69
220,197
221,188
41,123
152,18
61,104
13,197
113,22
166,24
131,6
226,152
76,288
23,157
32,139
158,266
126,304
163,262
74,282
83,95
30,143
201,40
219,210
58,220
224,135
42,114
223,177
135,304
77,97
155,302
119,17
173,265
135,11
50,212
186,33
195,264
108,36
35,201
57,239
58,231
59,223
226,59
66,103
29,145
109,67
19,167
39,205
222,183
156,20
217,98
177,266
50,207
219,179
150,18
120,300
88,96
108,35
220,210
94,90
224,149
72,286
147,300
39,202
210,43
48,210
49,111
141,285
144,15
146,287
221,111
153,298
207,44
27,151
36,132
55,232
93,85
58,233
220,169
223,172
189,268
151,14
229,64
179,266
14,201
72,261
144,301
219,86
15,176
96,86
222,161
223,61
228,136
50,110
114,19
119,294
156,300
34,135
126,300
110,31
7,184
175,28
70,279
36,131
60,236
223,149
230,73
31,136
72,268
109,46
21,162
155,266
229,218
67,243
73,275
132,10
117,15
156,299
212,245
70,255
110,38
221,97
11,178
47,110
33,129
159,266
70,270
219,55
220,191
64,238
136,299
227,215
230,64
123,6
204,253
66,250
