447,156
213,121
35,396
440,422
317,43
227,584
300,37
47,317
454,140
56,299
278,532
101,223
143,512
75,259
241,31
79,253
83,246
445,312
432,398
436,368
185,586
149,564
444,240
281,530
448,270
446,244
69,269
307,526
91,231
155,578
304,39
451,152
434,192
454,135
259,544
258,552
243,26
243,593
444,470
456,444
436,200
440,342
38,337
79,250
101,414
120,446
85,239
432,389
51,307
434,409
274,571
438,111
448,261
446,304
249,596
446,255
213,582
267,536
272,24
73,262
55,402
60,402
210,153
85,406
451,129
396,518
436,413
259,553
258,547
369,67
135,491
440,349
43,328
247,23
358,62
89,237
363,65
441,117
100,414
448,284
455,443
233,49
291,583
23,388
371,530
354,61
46,400
230,584
447,466
51,400
397,79
127,208
438,206
388,524
192,586
264,562
121,450
85,241
306,596
71,265
314,526
260,19
227,64
448,275
391,77
412,502
275,588
310,39
314,42
442,426
191,586
31,395
382,527
418,92
116,436
171,195
154,578
215,111
255,601
43,326
117,467
388,523
121,459
431,482
434,386
306,591
440,474
438,112
22,371
296,585
273,590
148,205
426,100
137,495
67,279
394,77
105,419
213,151
450,437
450,126
420,492
81,247
225,583
409,85
335,526
229,55
451,462
290,582
436,172
256,602
115,432
121,460
288,528
205,159
446,300
141,205
35,342
415,498
98,225
139,500
105,420
221,80
264,600
127,207
181,189
438,211
407,506
355,61
304,590
141,512
360,532
161,581
94,229
442,327
261,604
339,53
233,45
162,582
438,364
421,492
422,490
408,506
65,402
229,57
67,402
318,43
34,396
161,201
237,41
456,454
438,170
113,430
436,178
54,303
263,561
435,478
221,582
441,336
442,334
298,587
318,526
193,173
432,189
215,130
438,359
279,27
395,518
442,160
117,439
123,455
268,594
416,496
327,49
293,598
196,585
442,329
188,181
190,177
57,297
151,574
251,18
343,55
27,357
279,588
157,580
164,199
385,524
452,151
442,336
211,584
265,538
31,349
107,420
343,528
147,538
440,219
63,283
212,583
288,31
452,437
145,528
348,57
448,154
301,600
177,586
417,496
293,600
41,330
336,53
443,324
299,526
49,314
193,586
263,540
19,383
20,375
440,115
444,317
286,29
434,186
147,547
444,428
416,91
145,521
219,91
274,25
299,35
447,123
217,97
398,515
420,95
115,212
260,544
410,85
246,594
266,564
414,89
434,181
109,426
111,428
147,552
276,26
441,221
444,427
87,407
270,568
295,528
443,229
209,154
119,443
448,291
444,237
111,215
102,416
324,524
219,139
23,365
280,576
172,584
262,20
29,354
141,510
309,39
454,442
96,412
84,406
176,586
213,118
69,273
324,47
235,41
306,526
432,105
223,77
207,584
286,530
454,147
438,418
258,19
258,604
133,486
283,588
177,193
175,586
195,171
173,586
341,526
432,401
235,586
227,62
428,101
30,394
213,127
87,239
434,380
91,232
454,460
205,160
223,74
120,211
454,138
438,421
21,387
297,528
278,530
450,463
33,349
303,526
153,574
432,392
287,593
435,376
203,161
448,264
446,242
213,120
440,423
226,584
47,316
231,51
434,198
382,528
454,141
384,73
443,470
101,222
143,515
75,258
440,336
241,30
424,95
25,391
79,252
284,577
341,528
432,399
362,64
110,215
436,369
149,563
444,241
135,207
448,271
446,245
158,201
41,400
137,498
299,600
322,46
434,193
252,600
454,132
146,205
258,553
23,369
243,592
243,29
447,431
126,209
456,445
436,201
440,343
25,392
432,390
89,235
436,376
21,375
448,262
48,315
446,305
446,252
272,25
73,261
92,231
59,291
207,155
103,417
216,145
436,414
310,526
258,544
135,490
174,195
158,580
440,350
445,158
247,22
358,63
89,236
448,285
446,312
411,502
144,518
364,532
293,528
64,402
228,59
138,498
191,177
233,48
77,255
278,574
323,524
179,189
438,207
224,71
27,394
264,563
120,461
121,449
85,240
306,597
183,185
442,117
444,158
192,175
448,276
272,23
314,43
442,427
445,121
446,121
139,505
305,526
250,19
31,394
418,93
151,203
301,37
32,396
175,193
215,110
255,600
117,466
279,530
262,558
121,458
247,595
434,387
162,201
438,113
131,481
446,298
145,205
43,400
426,101
137,494
67,278
450,434
105,418
213,150
89,408
450,127
420,493
114,432
225,582
229,54
215,103
53,307
290,583
348,530
436,173
115,435
205,158
336,526
446,301
268,565
35,345
139,503
239,590
437,364
438,362
82,247
264,601
345,530
181,188
456,448
185,185
438,208
351,59
281,27
304,591
282,577
161,580
275,25
442,324
80,404
335,51
31,353
215,132
91,410
110,426
237,588
422,491
45,325
229,56
237,40
456,455
438,171
113,429
130,478
211,153
285,579
267,565
431,105
199,584
442,335
57,295
37,398
438,356
187,586
104,219
309,526
442,161
117,438
65,283
123,454
360,63
306,39
416,497
163,201
37,341
196,586
266,536
344,55
291,528
272,590
57,296
440,213
63,285
68,275
157,579
439,350
294,583
370,67
19,377
404,83
225,71
215,147
364,65
147,541
440,220
150,570
289,595
452,438
145,535
117,440
448,155
165,199
293,583
41,329
49,313
19,382
440,116
390,520
444,318
414,87
342,528
147,546
316,526
444,429
289,596
269,534
145,520
219,90
119,445
230,53
217,96
452,460
217,145
55,299
226,65
118,211
266,565
433,409
434,178
109,425
147,555
276,27
443,119
392,77
87,406
270,569
417,91
209,153
119,442
448,292
444,238
125,474
111,214
421,95
439,421
223,71
29,394
219,138
292,598
439,474
280,577
305,591
442,221
262,21
29,353
141,509
454,443
365,532
294,528
206,157
444,229
213,117
69,272
432,106
381,73
453,460
454,458
223,76
266,596
454,144
241,591
438,419
133,485
177,192
33,347
259,604
259,19
442,228
173,585
432,402
436,364
300,588
428,102
302,589
47,321
213,126
87,238
434,381
349,57
260,542
411,87
231,53
454,139
21,386
278,531
337,53
448,464
33,348
218,141
143,517
184,586
83,243
156,203
432,393
287,592
199,167
300,587
448,265
304,526
446,243
35,398
166,584
121,211
47,319
231,50
216,132
434,199
181,586
384,74
101,221
375,530
50,311
269,23
143,514
75,261
440,337
20,386
241,29
25,390
284,578
88,237
434,412
362,65
436,370
366,66
149,562
405,83
209,584
263,21
446,250
104,418
201,584
275,571
25,365
207,157
137,497
322,47
454,133
346,530
399,81
258,550
23,368
243,28
350,58
134,486
135,492
446,468
449,464
456,446
436,202
440,344
333,51
432,391
51,309
89,234
21,374
61,287
448,263
446,310
446,253
96,227
103,416
290,31
436,415
258,545
437,205
117,463
446,430
301,526
284,29
430,484
113,213
439,213
448,286
214,128
93,231
278,27
278,588
191,176
31,396
180,586
77,254
95,227
23,390
441,162
278,575
354,59
408,85
450,464
51,402
39,333
422,95
387,75
121,448
306,594
71,267
406,84
444,159
448,277
302,37
414,500
36,398
292,528
442,424
139,504
263,604
171,197
215,105
440,162
117,465
406,508
119,461
262,559
121,457
247,594
434,384
131,480
446,299
426,98
137,493
450,435
213,149
216,103
347,57
221,85
420,494
229,53
160,201
53,306
326,47
436,174
185,183
115,434
244,25
118,472
387,524
137,207
412,87
217,582
269,592
313,526
205,157
294,600
61,291
391,520
268,566
430,104
35,344
191,175
139,502
177,191
379,528
379,71
273,25
438,363
298,35
264,602
172,195
270,592
345,529
181,187
434,108
456,449
185,184
347,530
438,209
428,484
129,478
220,582
274,532
433,189
442,325
443,427
303,37
31,352
438,354
45,324
237,39
456,456
438,168
113,428
27,361
119,472
139,205
359,532
189,181
211,152
435,109
272,569
442,332
298,585
86,406
438,357
117,437
65,282
28,394
429,484
123,473
416,498
163,200
37,340
257,19
208,584
266,537
344,56
440,214
136,207
248,596
63,284
284,530
105,219
277,573
27,359
157,578
108,215
182,586
217,134
436,416
19,376
167,197
225,70
424,488
49,400
31,351
107,422
215,146
148,556
147,540
440,221
376,69
289,594
452,439
145,534
448,156
399,514
261,557
49,312
217,143
452,152
19,385
55,301
440,117
390,521
444,319
434,184
147,549
239,33
212,584
107,217
87,408
270,567
145,527
219,93
316,43
228,584
119,444
217,103
380,72
452,461
268,21
217,144
143,205
24,390
425,488
426,486
194,586
176,193
434,179
109,424
147,554
97,414
444,120
262,19
377,528
448,123
197,171
444,239
448,293
288,579
380,71
53,402
58,402
260,553
273,532
219,141
332,49
23,367
390,76
265,563
32,349
444,119
338,526
107,215
141,508
454,440
402,82
227,59
444,230
213,116
432,107
252,17
235,43
435,413
454,459
383,526
332,524
266,597
357,532
286,528
454,145
418,494
241,590
426,488
133,484
246,23
389,522
283,590
195,173
33,346
442,229
173,584
449,125
432,403
235,588
287,31
436,365
149,559
300,589
428,103
249,19
47,320
213,125
410,502
434,378
446,258
127,475
78,404
260,543
447,298
231,52
271,23
454,136
448,465
70,269
143,516
402,510
78,253
432,394
199,166
436,372
203,163
448,266
25,363
121,210
47,318
434,196
291,597
454,131
311,526
384,75
446,466
433,388
231,585
362,63
436,204
75,260
440,338
284,579
157,203
434,413
163,582
436,371
366,67
149,561
446,251
410,504
212,151
271,569
274,590
25,364
207,156
137,496
448,432
258,551
23,371
243,594
350,59
102,221
456,447
436,203
440,345
312,526
404,508
430,482
51,308
89,233
149,570
21,373
334,51
448,280
446,311
310,40
59,293
442,423
95,229
320,524
266,21
370,532
443,160
446,431
358,61
306,600
71,269
95,411
208,155
448,287
414,498
144,205
329,524
346,57
93,230
97,227
425,97
136,492
77,253
125,209
179,191
53,303
330,49
438,205
405,508
117,471
118,463
406,506
121,455
247,596
306,595
71,266
183,187
77,404
114,213
406,85
448,278
106,420
234,586
217,95
314,41
442,425
67,275
214,582
418,91
419,494
171,196
175,195
433,107
215,104
255,602
256,17
440,163
423,95
117,464
121,456
434,385
76,257
187,181
171,584
351,531
232,586
214,147
169,197
426,99
137,492
251,599
30,353
213,148
303,589
342,55
450,125
221,84
429,103
270,590
53,305
290,581
436,175
204,584
170,584
81,406
61,290
446,158
268,567
285,591
430,105
280,530
290,32
438,360
153,578
264,603
62,402
178,586
345,528
434,109
456,450
281,588
262,542
138,207
428,485
413,87
36,341
129,477
385,75
285,29
401,512
378,528
200,165
438,355
118,440
45,323
173,195
250,598
394,518
146,538
237,38
438,169
27,360
372,530
47,400
189,180
245,23
272,570
442,333
303,600
165,583
117,436
333,524
65,281
123,472
140,205
287,528
37,339
131,479
447,259
436,109
166,199
344,57
308,39
440,215
151,571
297,600
63,287
105,218
323,47
398,80
383,73
294,33
27,358
328,49
245,25
217,133
436,417
19,379
424,489
225,69
445,429
31,350
434,190
312,41
147,543
39,398
276,588
376,70
283,530
69,402
145,533
448,296
109,215
282,28
217,142
19,384
55,300
438,476
444,312
434,185
147,548
190,586
107,216
215,582
73,403
145,526
219,92
217,102
380,73
452,462
168,584
371,67
444,320
268,22
426,487
266,563
233,586
109,423
97,413
444,121
448,124
197,170
73,404
219,85
145,519
59,402
300,600
444,232
448,294
46,321
253,600
288,580
42,329
261,542
260,554
321,524
219,140
332,50
23,366
390,77
315,526
262,604
376,528
141,507
72,265
454,441
402,83
444,231
393,518
213,115
450,154
235,42
454,456
353,59
266,594
156,578
286,529
272,532
418,495
454,150
438,417
133,483
119,211
283,577
195,172
33,345
375,69
435,199
442,226
284,590
160,580
432,404
436,366
149,558
410,503
446,259
213,124
341,55
434,379
288,594
127,474
24,365
356,532
454,137
448,466
402,511
264,538
83,245
432,395
198,584
287,594
436,373
203,162
149,567
448,267
446,241
292,33
455,456
25,362
121,209
397,516
434,197
291,596
243,25
298,526
446,467
231,584
197,584
453,131
436,205
440,339
79,249
157,202
434,410
75,404
112,213
149,560
446,248
164,582
297,35
189,586
448,433
322,45
221,79
149,205
23,370
258,548
440,346
404,509
84,243
430,483
51,311
149,569
21,372
223,582
296,600
448,281
446,308
319,526
310,41
59,292
103,418
253,17
435,178
95,228
280,27
99,225
320,525
135,487
240,590
439,166
247,19
71,268
327,524
95,410
406,83
448,272
414,499
93,229
97,226
299,587
251,600
240,33
81,249
278,573
179,190
39,335
43,325
117,470
406,507
306,592
183,186
448,279
328,524
354,532
139,506
123,209
394,78
437,172
64,283
335,525
175,194
305,39
215,107
256,18
384,524
440,164
22,388
119,463
281,577
262,557
122,455
302,526
373,69
128,476
131,482
351,530
430,103
35,341
218,95
139,499
251,598
213,147
450,433
221,83
42,400
355,532
88,408
270,591
53,304
113,432
115,436
117,472
388,75
257,603
81,405
61,289
285,590
433,186
273,571
401,81
38,398
170,197
61,402
63,402
66,402
68,402
140,506
290,33
438,361
153,577
315,43
264,604
456,451
428,486
129,476
257,604
132,482
282,588
261,19
286,592
432,186
215,129
438,352
222,77
45,322
344,528
290,596
237,37
101,416
139,207
331,49
294,584
189,179
272,571
400,512
436,476
186,586
442,330
165,582
367,67
151,573
251,17
145,538
65,280
33,396
159,580
37,338
131,478
436,110
77,257
225,67
440,216
151,570
44,400
423,490
392,518
63,286
105,217
90,408
398,81
145,531
264,21
358,532
368,532
296,528
245,24
356,61
217,132
19,378
437,476
438,474
167,199
225,68
424,490
286,30
434,191
93,410
202,163
147,542
165,584
376,71
340,53
234,45
197,167
145,532
276,572
448,297
115,211
282,29
410,86
217,141
55,303
444,313
434,182
198,167
147,551
239,35
424,96
297,585
432,480
73,402
92,410
145,525
201,165
167,584
219,95
276,571
119,446
448,288
301,589
217,101
260,556
444,321
49,311
267,594
268,23
452,129
389,75
390,75
109,422
147,556
97,412
210,584
448,125
29,357
197,169
145,518
296,33
444,233
448,295
450,128
288,581
260,555
332,51
99,223
218,134
438,350
376,529
103,219
433,480
141,506
345,57
220,85
227,61
213,114
235,45
127,476
289,31
454,457
223,73
295,33
266,595
272,533
329,49
152,203
133,482
283,29
442,227
99,414
432,405
436,367
149,557
313,41
446,256
213,123
434,376
83,406
454,142
292,583
349,530
143,518
75,257
436,199
264,539
83,244
337,526
432,396
434,480
70,402
269,567
436,374
149,566
98,414
448,268
446,246
69,271
331,524
25,361
304,37
434,194
298,527
26,392
444,468
440,340
131,207
157,201
434,411
366,65
448,259
446,306
249,598
268,534
446,249
274,588
325,47
396,516
221,78
149,204
258,549
350,57
206,584
135,489
124,209
440,347
295,600
404,510
247,21
51,310
287,579
149,568
21,371
95,412
448,282
446,309
73,265
59,295
418,496
79,404
99,224
135,486
320,526
265,598
445,468
254,17
39,337
370,530
244,594
27,393
372,68
262,560
446,429
85,243
306,598
442,118
66,279
448,273
412,500
168,197
97,225
280,575
446,122
213,128
81,248
225,584
215,109
326,48
39,334
277,532
117,469
372,67
434,388
90,233
306,593
440,472
351,532
271,534
41,399
67,277
394,79
419,93
293,33
335,524
215,106
256,19
384,525
440,165
369,532
44,325
119,462
120,472
122,452
187,183
260,604
121,447
446,302
413,500
71,402
238,588
426,97
317,526
139,498
239,589
221,82
264,598
449,433
451,437
373,530
427,486
257,602
441,472
442,470
81,404
61,288
446,156
194,173
359,63
34,345
52,307
233,47
91,409
330,524
311,41
153,576
408,504
229,59
434,478
434,107
456,452
436,176
438,212
262,540
121,472
180,189
386,524
238,37
193,175
432,187
215,128
72,402
438,353
45,321
318,44
382,73
241,33
442,162
139,206
123,453
268,592
52,402
267,21
254,600
442,472
294,585
189,178
300,526
108,422
400,513
436,477
442,331
116,211
196,171
57,299
151,572
409,504
320,45
289,581
398,79
145,537
438,166
122,472
123,474
182,187
37,337
437,417
386,75
436,111
77,256
225,66
82,406
286,579
129,207
440,217
392,519
145,530
204,161
336,51
245,594
19,381
438,475
440,113
167,198
305,600
286,31
147,545
239,37
248,19
48,400
340,54
380,528
416,89
145,523
236,588
201,163
219,89
291,33
276,573
334,524
448,298
124,474
395,79
217,99
270,23
420,93
41,333
410,87
142,205
19,386
55,302
444,314
434,183
147,550
239,34
352,532
367,532
424,97
439,113
377,71
432,481
145,524
201,164
58,295
219,94
277,588
119,441
448,289
213,111
217,100
398,516
111,213
260,557
444,322
361,63
452,130
271,590
218,582
219,137
111,427
442,222
29,356
103,221
432,408
197,168
219,87
94,410
296,34
444,234
450,129
69,275
128,207
169,584
415,89
453,150
438,351
376,530
402,81
441,423
224,582
133,207
227,60
232,49
213,113
450,152
87,237
235,44
434,382
202,584
223,72
265,21
219,135
272,534
454,148
280,588
100,223
357,61
442,224
45,400
50,400
432,406
363,532
362,532
149,556
282,530
446,257
213,122
434,377
35,397
440,421
300,36
231,49
454,143
153,203
219,582
143,513
264,540
83,247
432,397
340,526
270,534
436,375
437,111
149,565
277,27
188,586
448,269
302,600
446,247
268,536
69,270
300,35
47,315
304,38
434,195
291,598
454,134
368,67
243,27
444,469
374,530
322,524
231,586
456,443
440,341
403,510
222,582
79,251
152,574
101,415
432,388
448,260
446,307
249,597
268,535
446,254
73,263
274,589
396,517
54,402
221,77
205,584
149,203
80,249
150,203
258,546
135,488
183,586
440,348
132,207
43,329
247,20
366,532
445,241
448,283
159,201
73,264
59,294
122,209
378,71
236,41
112,428
23,389
354,60
51,401
214,111
127,209
39,336
370,531
264,561
27,392
262,561
121,451
85,242
304,600
338,53
372,69
306,599
442,119
227,65
448,274
412,501
147,205
446,123
393,77
285,530
382,526
215,108
326,49
295,585
43,327
117,468
388,522
121,452
289,528
440,473
242,592
242,29
400,81
41,398
67,276
450,436
200,584
384,526
440,166
115,433
276,532
121,461
142,512
326,524
187,182
174,586
121,446
446,303
361,532
35,343
307,39
298,600
62,287
139,501
381,528
239,588
40,398
221,81
264,599
438,210
304,589
442,471
339,526
446,157
161,582
442,326
353,532
233,46
91,408
60,291
408,505
229,58
434,479
179,586
456,453
436,177
438,213
113,431
279,575
262,541
195,586
255,17
184,185
444,160
211,151
403,83
298,586
193,174
432,188
215,131
438,358
422,492
318,45
57,402
203,584
241,32
438,172
26,361
123,452
268,593
163,199
293,599
189,177
196,584
400,514
436,478
442,328
266,538
57,298
251,19
145,536
438,167
229,584
56,402
186,183
452,150
19,375
350,530
225,65
117,211
107,421
215,145
147,539
440,218
392,520
407,85
212,582
178,191
145,529
308,526
352,59
65,279
41,331
336,52
49,315
285,592
74,261
19,380
440,114
390,522
444,316
434,189
74,404
147,544
130,207
239,36
28,357
340,55
416,90
145,522
219,88
319,45
217,98
398,514
275,532
420,94
41,332
115,213
444,324
282,27
325,524
444,315
414,88
434,180
365,65
402,512
147,553
276,25
432,482
106,217
209,155
119,440
448,290
444,236
396,79
126,474
444,323
452,131
219,136
241,592
111,426
442,223
154,203
155,203
29,355
103,220
432,409
141,511
219,86
296,35
444,235
427,101
321,45
213,119
69,274
86,239
266,598
454,146
298,528
374,69
283,589
341,527
432,400
235,587
227,63
213,112
450,153
434,383
91,233
453,439
205,161
223,75
448,431
449,154
216,582
219,134
454,149
438,420
21,388
450,462
290,528
76,404
40,333
442,225
153,575
432,407
199,165
454,439
134,207
