63,102
64,186
101,235
125,126
6,28
81,93
36,68
86,90
52,94
117,159
127,120
138,65
61,195
136,81
62,211
45,128
28,88
139,71
39,45
31,80
89,249
29,96
44,56
117,163
48,59
73,158
117,70
114,72
37,23
89,106
104,78
114,173
25,49
130,105
73,111
80,94
35,65
32,77
59,204
5,24
78,141
112,183
43,129
6,23
75,97
36,67
82,92
75,152
113,182
102,226
63,117
104,221
70,112
138,72
30,58
28,87
29,95
72,160
124,67
111,188
10,14
8,18
39,42
44,55
77,95
14,8
64,117
120,146
37,16
88,242
85,118
38,31
103,222
77,147
110,195
133,92
134,90
131,100
74,156
16,7
124,134
71,212
82,222
80,107
102,229
17,6
44,129
22,45
98,82
73,213
109,196
100,239
101,231
120,68
52,74
40,48
53,82
63,191
39,35
83,125
80,137
53,124
54,122
88,112
57,121
128,113
78,108
37,128
55,122
123,136
119,70
57,99
86,117
107,205
62,117
27,53
129,109
106,211
28,54
34,65
75,150
125,128
135,83
80,219
29,55
71,112
74,97
119,154
115,170
29,81
81,133
137,78
69,170
82,130
64,212
66,181
41,54
13,37
31,79
56,122
100,81
131,63
33,8
116,165
89,246
29,101
85,120
122,140
83,104
70,169
31,115
98,245
34,126
67,212
14,38
61,118
114,176
15,39
67,115
130,108
59,201
64,188
101,233
79,141
113,179
36,70
19,6
52,88
8,33
121,68
65,185
104,216
47,128
72,213
136,83
88,88
52,70
28,90
99,241
127,64
80,135
53,78
39,47
117,161
33,123
123,134
85,228
30,106
65,102
37,21
71,165
88,237
89,104
38,26
51,62
83,222
76,149
93,251
94,251
19,41
97,248
26,52
35,67
59,206
96,83
69,114
6,21
79,138
113,180
105,215
86,232
123,67
54,85
10,34
52,77
65,212
78,95
72,162
9,15
38,33
53,87
111,190
10,12
75,214
39,36
33,124
12,10
54,97
74,214
30,109
36,128
78,107
84,122
120,148
88,244
83,92
60,209
38,29
121,145
59,120
129,112
35,72
77,145
110,193
134,88
131,102
74,154
82,220
21,44
105,216
32,60
109,75
135,84
118,158
61,211
62,195
63,211
51,90
49,126
68,174
22,5
95,250
126,124
127,118
137,75
125,66
40,50
53,80
122,68
51,64
76,215
32,8
90,249
83,127
101,80
31,110
128,115
123,138
67,102
31,116
107,207
85,103
60,198
69,100
66,102
73,97
96,250
106,209
87,232
74,111
115,172
46,128
108,201
137,76
129,63
138,66
82,128
61,198
66,179
77,216
28,93
35,10
139,66
78,216
36,13
116,167
56,98
29,99
67,176
87,112
98,243
94,85
24,49
114,174
130,106
59,203
5,27
78,142
113,177
136,79
104,218
52,90
76,96
9,34
28,84
99,243
18,41
102,80
58,121
39,41
115,72
32,117
70,166
60,119
58,99
30,104
85,226
37,19
93,86
35,127
50,61
84,125
88,239
38,24
27,5
59,101
118,70
83,224
103,221
28,6
84,91
87,103
20,44
133,95
102,230
105,213
34,75
7,18
22,46
111,75
18,6
109,199
23,47
100,236
63,212
28,83
126,123
137,64
23,5
51,125
39,38
38,128
88,109
13,9
120,150
119,69
66,115
86,118
97,247
35,74
60,201
46,56
20,43
62,118
131,104
124,130
106,212
32,62
135,86
118,156
87,237
112,184
77,96
33,63
119,153
100,235
62,193
115,169
51,92
79,94
108,204
69,173
40,52
12,37
51,66
52,124
66,182
42,54
128,117
112,74
32,121
134,63
84,224
98,246
132,97
47,58
30,6
72,111
31,7
48,127
63,103
87,234
68,114
119,150
125,127
6,31
50,125
97,83
20,6
108,203
127,121
61,196
136,80
139,68
90,87
36,15
136,63
29,97
79,107
67,178
48,58
73,159
129,64
49,59
30,103
117,71
87,114
89,107
25,50
130,104
80,93
59,205
5,25
112,182
75,110
6,22
79,137
104,220
75,153
99,239
77,108
138,75
81,105
54,86
28,86
124,66
38,34
111,189
116,168
8,17
39,43
11,12
32,119
91,86
88,104
49,60
64,116
88,241
37,17
85,119
83,91
55,98
38,30
89,108
103,223
110,194
107,76
133,93
131,101
110,75
124,133
72,99
102,228
65,182
80,106
17,7
44,128
118,155
109,197
100,238
52,73
126,121
127,117
79,218
53,83
111,186
103,224
90,250
80,136
88,111
30,81
31,109
128,112
123,137
60,102
67,101
86,116
85,90
33,76
40,129
134,92
132,100
129,110
106,210
34,64
75,151
125,129
86,231
80,218
29,56
133,96
112,186
119,155
72,112
115,171
51,94
11,36
29,82
81,134
137,79
138,71
69,171
51,68
66,180
68,176
56,121
33,9
116,164
65,116
89,247
29,102
85,121
133,62
83,105
122,143
70,168
53,96
25,5
84,226
31,112
98,244
59,208
61,119
132,99
92,251
36,127
92,250
70,100
64,187
110,191
125,125
6,29
81,92
36,69
65,186
52,95
8,32
108,76
101,234
72,212
21,5
136,82
52,69
28,89
139,70
127,65
80,134
53,79
34,9
116,163
39,44
115,71
89,248
117,162
73,157
123,135
15,7
58,100
65,103
37,22
114,73
85,229
50,62
68,212
89,105
104,79
62,102
51,63
83,223
76,148
97,249
32,78
106,77
59,207
75,96
6,20
79,139
70,212
113,181
34,76
102,227
70,113
16,39
138,73
30,59
54,84
52,76
78,94
29,94
72,161
38,32
47,127
111,191
43,55
99,82
39,37
75,215
33,125
14,9
54,96
30,108
71,163
120,147
84,121
88,243
121,146
38,28
66,116
76,147
86,115
35,73
77,146
110,192
134,91
131,103
74,157
21,45
87,89
109,76
135,85
98,83
109,195
101,230
136,64
120,69
51,91
52,75
62,194
68,173
31,59
95,251
81,131
127,119
40,49
53,81
63,190
51,65
102,79
39,34
103,226
126,65
39,129
53,123
54,123
101,81
31,111
37,24
128,114
69,212
123,139
31,117
107,204
27,52
69,101
129,108
47,57
73,98
96,249
28,55
106,208
86,229
87,233
70,99
74,110
6,24
82,105
115,173
50,126
81,132
108,200
137,77
69,169
82,131
130,63
41,53
31,78
28,92
35,11
131,62
139,67
36,12
116,166
89,245
29,100
67,177
122,141
59,119
31,114
87,113
94,84
24,48
114,177
15,38
67,114
86,103
5,28
81,219
64,189
101,232
75,109
79,140
113,178
36,71
86,89
52,89
65,184
104,217
108,199
88,89
52,71
28,91
99,240
18,40
53,77
36,11
58,120
39,46
128,64
11,11
113,73
117,160
33,122
85,227
30,107
71,164
37,20
84,124
88,238
50,60
55,97
38,27
121,143
76,150
28,5
107,208
35,66
78,144
81,220
96,84
68,101
69,113
105,214
34,74
7,19
30,57
10,35
31,60
28,82
72,163
126,122
9,14
137,65
79,217
53,86
10,13
39,39
9,16
12,11
83,128
13,10
120,149
84,123
88,245
60,210
121,144
105,78
77,144
60,200
20,42
134,89
82,221
74,155
95,84
32,61
135,87
118,159
61,210
62,192
51,93
34,63
68,175
11,35
126,125
40,51
12,36
53,95
51,67
83,126
89,87
128,116
112,73
32,120
24,5
134,62
116,71
135,63
107,206
84,104
60,199
27,54
132,96
48,126
87,235
119,151
6,30
7,31
20,5
108,202
61,197
53,88
82,129
17,40
77,215
28,94
139,69
89,88
78,217
36,14
34,10
56,99
37,15
29,98
67,179
122,139
30,102
87,115
34,125
14,37
114,175
25,51
130,107
59,202
106,78
5,26
78,143
104,219
63,192
7,20
9,33
41,129
77,109
81,106
138,74
32,7
28,85
99,242
8,16
39,40
99,81
32,118
91,87
70,167
103,79
45,56
88,103
30,105
71,166
37,18
93,85
35,126
85,104
66,212
89,109
38,25
88,240
59,100
19,42
26,51
107,77
29,6
61,102
71,99
133,94
23,48
72,98
124,132
36,72
65,183
91,250
105,212
135,88
111,74
109,198
100,237
23,46
42,129
52,72
111,187
53,84
73,160
51,124
63,189
103,225
38,129
126,66
92,86
88,110
74,213
15,8
30,80
60,101
85,91
33,77
46,57
74,153
129,111
124,131
125,130
118,157
86,230
87,236
29,57
112,185
33,62
119,152
40,47
115,168
7,32
76,109
69,172
16,40
40,53
122,67
51,69
42,55
132,62
122,142
32,122
84,225
64,103
31,113
98,247
26,5
59,209
132,98
30,7
