143,354
74,106
183,203
224,339
48,86
72,92
219,159
75,249
58,19
184,480
152,212
153,317
238,280
223,155
173,445
226,329
196,462
202,430
260,181
266,156
234,296
128,213
171,265
99,244
174,187
177,245
79,250
216,370
147,337
59,102
222,157
247,143
159,195
70,81
73,243
260,188
120,231
71,242
185,480
149,202
66,37
104,240
157,303
163,431
243,144
135,376
246,239
250,226
216,377
181,202
147,342
70,72
73,244
254,206
198,456
204,428
260,187
171,189
71,235
185,489
171,263
34,21
252,217
70,67
198,451
147,204
204,427
264,165
225,155
209,404
102,195
105,240
218,362
167,279
149,333
169,266
191,482
69,225
96,246
264,172
230,316
75,154
167,191
248,235
59,21
152,422
63,176
246,240
162,195
115,234
158,303
125,413
148,212
96,141
262,180
263,133
230,311
177,185
72,102
150,212
227,153
157,307
106,240
51,90
160,206
270,135
45,19
140,220
55,94
25,31
261,134
65,112
67,203
69,211
125,406
160,428
199,446
143,349
57,97
96,132
116,207
153,323
262,175
29,27
266,162
37,75
238,147
244,254
64,167
270,142
129,416
183,472
228,316
140,219
163,193
69,220
206,415
147,418
94,127
66,27
107,240
52,90
270,145
240,266
63,175
210,401
162,291
179,454
96,146
242,145
190,177
212,390
232,306
160,297
77,150
61,103
25,65
192,478
236,290
114,236
187,213
211,164
68,48
175,449
170,189
133,386
135,418
19,48
169,438
179,237
129,395
256,200
23,36
115,207
180,462
98,156
47,85
176,200
175,447
19,57
228,321
174,253
105,199
129,396
186,215
131,416
156,424
195,466
70,120
108,203
145,343
200,444
165,193
173,257
98,151
47,82
202,169
77,129
197,173
181,227
201,170
256,198
79,137
65,189
74,126
165,202
224,335
68,45
142,218
220,352
96,190
98,174
208,408
151,327
262,133
83,117
232,302
177,200
214,386
221,159
242,260
190,491
65,182
194,466
196,466
71,120
202,434
205,167
69,162
181,467
241,147
96,181
268,152
141,358
71,158
132,213
27,28
100,161
106,200
179,201
161,291
221,350
137,375
31,24
254,211
183,205
120,211
33,23
234,295
72,86
53,92
201,438
237,282
98,160
208,406
173,253
178,200
268,151
238,278
223,157
62,21
100,168
87,119
161,292
145,418
110,204
20,60
258,195
214,382
74,107
183,202
130,393
224,340
206,420
72,93
75,248
153,201
177,243
238,281
79,252
173,444
92,121
165,285
131,389
226,326
138,369
196,463
159,197
202,431
260,182
266,157
182,468
146,205
98,178
153,210
171,264
177,244
124,213
268,133
216,371
247,142
50,19
215,378
73,242
21,45
120,232
122,212
71,237
185,487
149,201
150,201
66,34
104,241
163,430
135,379
250,227
88,250
216,378
70,62
198,446
243,256
66,196
70,73
71,85
254,207
204,429
171,188
191,177
71,234
185,488
41,19
171,262
252,218
162,206
142,418
192,175
84,117
141,218
70,64
198,448
255,204
168,200
204,420
264,166
122,230
230,314
71,227
94,128
101,242
218,363
257,135
167,278
149,332
114,206
258,190
169,265
187,179
69,224
145,205
94,248
262,178
123,213
72,96
223,342
82,252
248,236
47,19
250,141
167,271
63,179
246,241
139,220
169,191
151,422
67,197
125,412
148,213
96,142
169,200
173,187
230,308
72,103
102,242
157,306
49,87
112,236
261,133
67,202
69,210
125,405
127,401
57,96
96,133
153,322
262,172
29,26
37,74
78,132
244,255
222,350
270,143
183,475
24,64
172,259
228,317
109,238
69,219
170,200
260,135
206,412
73,105
75,128
94,124
130,224
240,267
63,174
210,398
251,141
113,236
207,165
179,457
96,147
212,391
77,149
61,102
64,182
227,322
139,363
34,72
25,64
82,115
192,479
187,212
137,418
68,49
175,448
125,416
179,462
167,202
133,385
117,209
159,299
19,51
131,224
169,437
134,416
179,236
127,226
129,394
256,201
23,39
145,349
200,438
57,19
236,282
68,56
216,161
78,113
98,157
136,418
47,84
175,446
161,430
144,418
19,56
154,199
228,322
211,394
67,113
140,361
65,187
155,313
200,445
165,192
183,225
173,256
29,70
96,184
98,148
151,329
232,296
215,161
77,128
132,224
175,249
106,199
197,172
201,169
256,199
79,136
65,188
194,472
109,203
241,264
68,46
220,353
96,191
98,175
79,115
151,326
208,409
232,303
221,158
242,261
190,488
161,297
79,145
134,211
155,311
194,467
202,435
69,161
269,148
127,416
181,466
241,146
96,182
119,209
268,153
141,357
27,31
100,162
86,117
106,201
179,200
64,24
137,374
234,149
254,208
183,204
206,418
33,22
234,292
72,87
53,91
146,216
98,161
153,199
208,407
88,119
69,59
56,96
238,279
223,156
100,169
110,205
258,192
222,348
23,64
226,332
214,383
224,341
210,165
121,211
157,426
72,94
153,200
244,143
100,193
177,242
173,443
103,197
250,222
52,19
92,122
165,284
131,388
226,327
158,206
87,252
159,196
196,456
98,192
260,183
266,154
66,40
218,159
183,480
137,211
135,381
157,197
216,372
147,339
32,70
33,72
21,44
122,213
266,133
71,236
185,486
80,252
66,35
104,242
179,183
127,213
135,378
156,208
250,224
88,251
252,220
70,63
198,447
67,209
197,456
70,78
236,149
254,204
204,430
121,230
191,176
71,229
27,67
140,418
124,228
143,418
247,238
252,219
148,337
212,163
70,65
198,449
94,246
21,62
168,201
204,421
118,232
264,167
230,315
69,119
72,122
71,226
94,129
186,494
81,252
248,230
218,360
167,273
149,331
63,181
138,220
157,208
30,70
114,207
258,191
187,178
178,454
217,161
76,151
96,136
262,179
63,107
230,306
72,97
136,211
248,237
125,228
63,178
246,246
169,190
67,196
89,119
125,411
148,214
96,143
119,232
191,175
230,309
72,104
73,126
188,492
227,155
157,305
270,133
183,477
49,86
184,181
67,205
174,446
127,400
143,351
39,19
96,134
98,246
153,321
262,173
29,25
266,160
146,343
244,248
66,30
270,140
183,474
210,404
228,318
163,195
230,153
69,218
163,285
36,21
206,413
116,208
200,171
147,420
94,125
130,225
189,492
66,25
240,268
63,169
210,399
251,140
179,456
90,120
99,161
159,301
19,45
77,148
245,248
139,362
154,424
68,163
145,347
164,193
236,284
114,234
187,215
133,383
68,50
70,159
127,399
133,384
159,298
19,50
169,436
231,306
179,239
129,393
256,202
23,38
79,133
145,348
200,439
236,283
68,57
98,154
161,429
19,59
67,112
185,221
23,63
65,186
155,312
253,139
200,446
183,224
29,69
143,205
181,463
96,185
98,149
151,328
232,297
190,486
49,19
175,248
197,171
79,139
194,473
68,47
142,216
164,432
220,354
208,410
214,384
221,157
242,258
190,489
100,164
246,143
161,296
35,73
79,144
71,122
75,127
202,432
69,160
181,465
241,145
96,183
95,129
152,201
195,173
268,154
141,356
78,250
27,30
100,163
155,197
110,203
55,19
182,227
222,346
225,332
64,25
137,373
254,209
206,419
264,133
33,21
234,293
72,88
53,90
143,216
238,276
132,222
100,170
258,193
222,349
170,440
261,180
45,82
86,252
214,380
144,216
74,105
75,109
111,236
224,342
46,19
157,425
263,172
269,133
72,95
74,248
75,250
166,279
100,194
177,241
173,442
250,223
92,123
165,283
131,391
226,324
64,23
158,207
196,457
183,221
166,191
98,193
266,155
98,176
66,41
42,78
137,210
135,380
250,230
251,220
216,373
147,338
64,110
172,442
176,450
70,84
145,216
74,155
21,43
71,239
76,250
185,485
171,259
44,19
66,32
192,480
156,209
250,225
88,252
70,60
63,23
28,27
67,208
70,79
144,205
254,205
92,248
71,228
185,494
27,66
174,200
124,229
217,368
218,366
137,220
252,212
72,157
162,204
110,238
256,137
113,205
177,454
70,70
198,454
94,247
21,61
168,202
204,422
63,109
264,168
230,312
69,118
248,231
218,361
167,272
149,330
63,180
66,165
258,188
169,271
233,151
217,160
93,248
147,214
96,137
262,176
63,106
230,307
72,98
248,238
157,311
175,200
218,368
65,195
246,247
175,185
253,212
169,189
194,175
67,199
69,215
125,410
97,246
69,120
72,105
73,125
188,493
227,154
157,304
270,138
76,109
183,476
65,196
67,204
90,119
127,403
143,350
96,135
168,191
150,420
153,320
248,141
266,161
237,149
93,123
94,123
244,249
172,187
66,31
161,206
270,141
184,206
183,469
228,319
231,151
163,194
128,416
69,217
116,209
126,228
270,148
240,269
63,168
192,474
210,396
144,349
207,167
68,52
179,459
90,121
46,82
159,300
77,147
24,33
139,365
179,233
185,210
145,346
236,285
240,147
114,235
186,179
187,214
133,382
28,68
67,163
68,51
175,450
212,392
19,53
224,155
179,238
256,203
185,219
23,33
79,132
32,23
200,440
68,58
142,207
98,155
99,174
47,86
51,19
161,428
19,58
207,412
67,115
181,231
185,220
186,210
23,62
79,141
65,185
155,315
253,138
183,227
130,416
155,424
29,68
181,462
220,356
96,186
118,209
232,298
215,163
37,21
242,264
171,441
190,487
175,251
79,138
134,222
194,470
31,23
158,208
202,438
267,133
142,217
163,289
220,355
208,411
214,385
129,213
242,259
100,165
213,386
35,72
181,233
79,147
137,371
75,126
202,433
39,76
181,464
141,355
238,274
100,172
179,202
222,347
137,372
214,378
143,353
40,19
183,206
224,336
206,416
234,290
72,89
146,214
58,20
98,191
176,247
238,277
132,223
100,171
156,197
226,330
45,81
135,211
158,197
214,381
132,416
157,424
95,246
100,195
41,78
155,210
250,220
180,202
55,96
165,282
131,390
59,101
226,325
196,458
70,82
71,241
185,483
98,177
66,38
165,434
243,143
137,209
216,374
147,341
38,19
208,165
265,162
70,85
73,247
21,42
116,232
260,184
122,211
71,238
220,350
185,484
66,33
179,185
192,481
156,210
70,61
126,405
33,71
70,76
73,248
92,249
147,203
204,424
65,25
264,162
71,231
185,493
124,230
218,367
220,159
103,242
89,250
252,213
162,205
239,274
259,135
177,453
70,71
198,455
21,60
204,423
117,232
63,108
264,169
230,313
69,117
235,149
75,153
248,232
235,290
181,183
167,275
150,329
149,329
114,205
258,189
169,270
233,150
96,138
132,387
262,177
72,99
73,123
157,310
51,89
185,181
65,194
246,244
139,209
90,250
67,198
69,214
125,409
127,405
96,129
73,124
75,151
22,39
188,494
136,220
270,139
56,19
240,272
76,110
183,479
231,153
67,207
69,223
127,402
166,202
98,244
244,256
142,355
237,148
22,62
244,250
66,28
126,226
270,146
183,468
77,113
210,402
139,207
69,216
73,157
163,287
58,100
43,79
205,420
61,106
240,270
204,169
63,171
192,475
210,397
254,137
60,21
207,166
211,163
68,53
179,458
162,430
128,226
188,177
135,417
212,386
159,303
54,19
19,47
104,197
139,364
184,221
185,209
145,345
236,286
133,381
26,31
212,393
19,52
179,241
129,399
185,218
256,204
79,135
133,213
65,167
200,441
164,202
111,205
68,59
98,152
77,132
249,141
67,114
175,253
181,230
148,420
79,140
133,222
65,184
155,314
209,165
253,137
183,226
224,332
97,178
167,435
143,207
220,357
96,187
98,147
232,299
215,162
37,20
171,440
190,484
175,250
159,427
194,471
38,76
43,19
68,41
217,159
163,288
96,178
208,412
151,323
141,361
71,157
242,256
27,27
100,166
107,201
181,232
259,188
25,33
79,146
137,370
265,133
138,418
195,175
268,148
146,418
238,275
130,213
62,22
100,173
155,199
161,295
199,171
165,279
258,196
222,344
214,379
143,352
74,108
224,337
206,417
234,291
72,90
54,94
146,215
58,21
152,210
153,319
238,282
226,331
45,80
196,460
72,242
21,39
266,158
177,247
41,77
250,221
216,368
233,296
165,281
131,393
59,100
226,322
229,316
247,141
196,459
70,83
91,250
183,223
70,226
71,240
185,482
101,195
66,39
126,213
165,433
84,252
250,228
216,375
70,59
182,202
112,205
147,340
159,206
70,74
73,246
21,41
116,233
171,187
260,185
68,116
71,233
220,351
185,491
171,261
171,200
100,242
178,241
179,184
257,137
135,375
192,482
65,111
67,210
177,451
33,70
70,77
92,250
204,425
264,163
71,230
185,492
27,68
218,364
167,277
149,335
85,252
252,214
35,21
110,236
183,181
177,452
70,68
198,452
264,170
69,116
75,152
172,200
248,233
102,196
181,182
185,179
167,274
63,182
246,242
169,269
151,421
68,210
233,149
141,207
125,415
96,139
133,416
72,100
73,122
36,74
187,494
249,230
157,309
51,88
185,180
76,112
149,337
65,193
246,245
139,208
175,187
31,70
108,238
67,201
69,213
125,408
127,404
57,99
96,130
43,80
244,252
136,221
173,200
176,185
160,195
270,136
240,273
76,111
166,434
183,478
231,152
67,206
69,222
214,163
73,155
57,100
76,128
98,245
193,175
158,426
237,147
244,251
66,29
139,369
252,139
126,227
270,147
240,264
183,471
63,173
210,403
258,135
73,156
163,286
96,144
43,78
44,80
48,19
212,388
232,304
78,147
61,105
154,317
240,271
185,207
226,155
82,116
63,170
192,476
210,394
140,207
126,416
236,288
187,211
153,423
68,54
179,461
135,416
212,387
159,302
19,46
104,198
30,25
139,367
179,235
185,208
145,344
164,204
236,287
153,424
67,165
78,114
98,158
212,394
19,55
175,247
178,185
179,240
129,398
185,217
168,436
23,35
79,134
133,212
65,166
228,153
108,201
200,442
164,203
182,181
134,381
173,259
98,153
19,60
77,131
190,482
175,252
180,233
181,229
256,196
79,143
65,191
155,317
224,333
167,434
143,206
220,358
96,188
151,325
232,300
37,19
242,262
190,485
159,426
194,468
196,464
202,436
205,169
68,42
163,291
255,137
96,179
61,21
141,360
163,432
242,257
190,492
100,167
86,118
35,74
91,121
257,196
222,342
25,32
137,369
120,209
139,418
53,94
208,404
173,255
195,174
268,149
62,23
100,174
155,198
161,294
222,345
143,355
74,109
254,212
224,338
72,91
152,211
153,318
173,446
131,387
226,328
196,461
80,115
260,180
266,159
69,159
26,66
177,246
41,76
168,271
79,251
83,252
232,151
216,369
165,280
131,392
149,420
226,323
70,80
183,222
120,230
156,311
185,481
149,203
100,244
66,36
165,432
243,145
135,377
246,238
250,229
216,376
147,343
60,102
70,75
73,245
21,40
116,234
260,186
71,232
185,490
149,212
171,260
100,243
136,375
125,213
257,136
252,216
65,110
177,450
70,66
198,450
147,205
204,426
264,164
77,250
151,201
218,365
167,276
149,334
245,143
246,248
138,209
252,215
110,237
169,267
187,177
69,226
70,69
53,19
198,453
63,110
264,171
75,155
203,430
248,234
102,197
181,181
206,167
63,177
246,243
229,153
49,88
108,240
169,268
151,420
85,117
125,414
148,203
96,140
152,323
230,310
72,101
129,226
157,308
270,134
76,113
149,336
65,192
175,186
108,239
180,183
55,95
261,135
67,200
69,212
125,407
57,98
239,147
96,131
262,174
37,76
151,212
136,222
244,253
270,137
240,274
183,473
81,115
63,167
50,88
140,218
97,147
69,221
165,191
206,414
123,230
213,163
196,173
147,419
94,126
130,226
66,26
139,368
161,195
141,418
270,144
240,265
183,470
42,19
63,172
210,400
67,41
251,139
189,177
179,455
96,145
212,389
232,305
77,151
61,104
139,361
185,206
25,66
82,117
192,477
210,395
163,204
236,289
40,76
187,210
153,422
211,165
68,55
267,154
179,460
219,360
170,265
133,387
159,297
198,171
19,49
169,439
104,199
139,366
179,234
185,215
23,37
193,474
67,164
78,115
98,159
19,54
169,440
228,320
129,397
185,216
23,34
133,211
65,165
108,202
200,443
97,191
167,436
173,258
220,360
98,150
47,83
164,285
77,130
190,483
67,116
159,428
181,228
201,171
256,197
79,142
65,190
155,316
194,474
128,399
224,334
68,44
220,359
96,189
151,324
232,301
131,213
242,263
171,442
62,106
190,490
20,45
65,183
194,469
196,465
71,121
202,437
205,168
68,43
69,163
163,290
181,468
96,180
99,193
141,359
71,159
27,29
154,210
66,112
86,119
203,169
222,343
135,222
31,25
254,210
120,210
234,294
72,85
53,93
208,405
173,254
268,150
161,293
258,194
