289,22
100,112
66,416
325,59
169,12
167,226
118,57
283,20
40,255
99,393
64,229
91,118
326,101
93,358
303,128
329,80
41,401
113,263
28,296
32,358
13,188
241,16
212,44
126,35
96,114
95,401
278,147
26,168
48,245
329,89
20,176
26,219
27,219
32,270
70,224
28,295
79,195
83,337
125,257
327,95
43,217
116,68
300,131
142,16
71,417
36,389
203,34
22,175
119,259
263,158
104,104
250,11
290,24
134,24
83,342
195,26
20,215
185,16
224,53
116,67
101,273
199,30
110,90
164,12
329,75
228,33
79,415
18,178
60,134
315,118
217,50
146,14
258,161
43,215
116,74
79,326
207,198
110,93
329,76
98,275
81,297
228,40
66,415
105,104
50,142
89,409
305,36
108,98
128,32
55,208
291,25
230,30
88,206
17,182
257,10
295,29
84,122
307,38
92,202
38,394
22,176
120,259
40,399
12,205
125,255
36,219
295,133
95,365
61,205
327,67
124,40
92,193
38,397
114,82
63,415
70,199
94,116
150,239
175,221
120,51
47,407
48,143
174,14
124,39
34,366
114,77
10,199
191,211
233,22
149,240
80,212
152,12
226,47
117,262
89,285
116,63
306,38
47,214
49,211
68,201
105,270
34,361
217,191
143,244
147,241
150,14
49,409
273,14
92,281
275,149
221,187
298,30
209,38
279,16
44,404
99,377
267,12
52,411
187,213
49,212
30,310
213,195
77,318
99,273
10,201
195,207
30,321
38,257
97,398
81,212
44,403
99,382
82,295
138,21
199,203
185,214
106,103
34,264
252,10
309,125
30,313
34,379
219,189
94,193
77,311
246,12
85,343
322,107
30,328
93,407
238,175
223,185
288,22
205,36
139,247
86,210
96,200
188,211
79,305
121,48
193,24
34,370
94,200
153,237
207,38
197,28
277,148
226,51
320,52
85,193
157,233
29,282
74,126
79,318
46,248
30,299
70,130
115,74
85,345
32,347
215,191
187,19
161,231
298,133
46,144
247,170
35,385
58,415
96,198
97,371
30,274
52,238
109,267
271,12
83,122
32,338
287,140
201,203
112,85
38,152
45,405
14,209
15,184
259,161
118,261
83,293
84,413
72,199
97,372
28,164
30,277
87,348
171,225
28,219
122,42
32,361
88,118
16,184
113,82
257,162
99,387
173,14
16,215
93,364
313,46
277,16
205,200
26,167
165,229
167,12
66,417
50,240
325,58
118,62
32,352
203,201
99,392
64,230
97,277
80,299
321,55
233,181
329,87
171,223
28,297
32,359
16,182
55,207
256,10
79,197
215,48
36,264
327,97
95,400
26,169
48,246
329,88
20,177
25,170
45,215
119,261
32,271
182,16
28,288
63,132
83,336
125,256
327,94
220,52
43,216
116,69
261,161
68,224
142,17
36,390
22,172
100,110
193,207
104,105
87,352
201,31
81,335
31,274
54,209
64,203
134,25
88,193
224,54
232,22
110,91
329,74
228,34
68,417
123,259
130,28
155,12
108,100
18,179
217,49
146,15
95,399
81,415
79,321
69,224
272,14
92,204
208,38
81,296
228,41
108,99
128,33
291,24
110,267
281,18
119,54
230,31
88,207
327,69
295,28
44,215
213,46
92,203
275,16
38,395
27,166
94,114
12,206
33,268
95,364
61,204
327,66
21,217
22,217
124,41
311,42
315,47
85,291
13,209
89,283
126,255
37,219
38,219
120,52
90,193
34,367
114,74
186,18
10,196
191,210
303,35
87,285
71,199
80,213
152,13
151,239
117,261
246,171
28,282
31,160
89,284
180,16
78,318
159,12
105,269
274,149
239,16
131,251
44,405
99,376
270,153
199,205
39,217
66,130
86,193
187,212
283,143
30,311
213,194
77,317
195,206
30,326
97,397
80,195
90,356
273,151
185,213
106,100
34,265
309,124
313,121
42,146
79,299
30,318
34,376
74,220
77,310
153,235
261,10
246,13
85,342
177,221
30,329
54,238
93,406
82,210
64,132
87,409
96,399
205,35
139,246
324,58
79,304
46,246
34,371
94,201
244,171
153,236
197,27
112,88
277,147
226,48
40,148
223,54
163,229
74,127
189,211
269,155
211,43
85,344
32,348
187,18
299,131
161,230
215,47
202,32
93,281
204,201
24,170
42,252
63,203
46,145
159,233
96,199
24,217
97,370
264,157
30,275
86,348
52,239
289,139
56,234
242,173
32,339
201,202
112,86
95,279
85,210
83,292
249,12
251,167
236,177
28,165
67,130
32,160
30,282
34,156
87,351
243,14
171,224
122,43
88,119
145,16
257,161
99,386
173,13
309,40
93,363
313,45
205,199
97,275
233,179
73,199
165,228
169,225
50,241
29,219
30,219
32,353
17,215
256,163
41,217
97,276
63,230
321,54
233,180
329,86
280,18
118,54
16,183
79,196
327,96
95,403
319,113
235,20
20,178
119,260
51,211
307,125
77,197
172,223
28,289
103,106
311,121
83,339
320,111
116,70
261,160
302,34
68,225
36,391
22,173
100,111
228,36
104,106
85,413
179,15
201,30
81,334
46,406
271,153
95,368
78,216
170,12
284,20
232,23
304,127
91,281
91,204
329,73
116,263
228,35
194,207
30,164
322,56
123,258
130,29
67,417
51,411
76,126
65,203
104,271
14,188
217,48
20,216
79,320
43,403
228,42
50,140
42,402
12,208
128,34
29,297
230,28
88,208
327,68
79,329
213,45
307,40
189,20
137,22
193,209
53,138
57,207
94,115
65,415
12,207
323,57
40,256
295,135
95,367
61,203
260,10
124,42
90,118
325,103
221,54
114,80
285,143
315,46
209,42
190,20
28,284
85,290
120,53
137,249
90,206
51,140
34,364
142,245
91,357
114,75
225,52
10,197
303,34
59,205
222,54
80,214
152,14
151,238
62,415
83,195
28,283
229,32
250,167
69,417
155,235
89,355
154,235
127,255
319,51
325,105
73,128
262,159
97,395
99,379
279,18
89,356
199,204
66,131
162,229
313,119
79,301
30,308
213,193
34,382
56,207
77,316
152,237
99,275
177,219
30,327
53,238
39,399
97,396
227,183
305,127
237,18
273,150
43,146
102,110
106,101
309,123
310,123
112,265
313,120
42,147
50,211
30,319
34,377
219,191
148,241
77,309
32,335
30,334
177,220
93,405
223,187
81,195
82,211
234,22
186,213
205,34
80,330
279,145
86,208
23,172
79,307
46,247
34,368
317,117
197,26
36,152
112,89
55,236
243,171
226,49
86,120
92,407
274,14
40,149
41,252
48,213
144,243
96,193
45,248
193,23
30,297
268,12
269,154
70,128
211,42
32,349
262,10
50,410
161,229
215,46
287,22
93,280
24,171
107,100
87,208
290,137
53,411
164,229
159,232
58,413
24,218
97,369
215,193
289,138
56,235
271,14
32,340
219,51
112,87
201,201
95,278
247,12
87,120
313,43
39,256
98,393
316,48
83,295
122,259
251,166
200,30
28,166
34,157
325,63
87,350
235,177
75,197
88,120
323,105
58,134
296,133
60,230
99,389
173,12
198,28
36,260
93,362
313,44
73,198
165,227
60,415
78,415
300,32
83,413
118,60
32,354
179,217
227,46
321,53
67,226
329,85
265,11
266,155
118,55
58,136
12,188
126,38
18,215
327,99
95,402
136,22
319,112
328,72
310,40
265,12
28,290
78,214
83,338
181,215
116,71
263,10
68,226
314,46
228,37
85,412
30,162
179,14
70,222
308,125
237,177
81,333
318,50
46,407
173,223
18,182
271,152
321,111
14,186
39,150
62,134
232,24
161,12
329,72
238,18
228,44
241,175
65,202
230,26
181,217
20,217
79,323
319,111
110,96
111,265
228,43
32,219
50,141
42,403
85,287
12,209
291,26
230,29
327,71
242,16
295,30
79,328
213,44
89,118
38,393
80,415
81,295
193,208
236,18
174,221
323,56
295,134
95,366
137,247
89,206
245,14
325,102
93,202
221,53
114,81
303,36
285,142
143,16
129,255
58,207
204,34
209,41
28,285
85,289
197,205
131,28
78,309
133,251
134,251
120,54
137,248
156,12
229,183
206,36
135,24
285,22
196,26
34,365
91,356
10,194
87,287
93,116
165,12
89,354
54,138
319,50
30,306
141,245
325,104
218,50
176,221
214,46
286,22
131,253
60,205
97,394
297,133
99,378
39,219
135,249
101,110
34,268
79,300
209,197
30,309
231,26
34,383
258,10
77,315
99,274
30,324
57,234
38,260
273,149
191,21
56,413
168,12
314,119
115,263
79,309
30,316
34,374
219,190
74,218
128,255
248,169
30,335
54,236
93,404
223,186
132,251
306,127
87,411
111,90
222,187
301,131
86,209
158,233
79,306
34,369
74,197
240,16
78,126
317,116
52,138
36,153
112,90
58,234
59,232
40,150
153,12
265,157
72,220
96,194
193,22
30,302
51,240
269,153
70,129
147,14
76,216
166,227
32,350
187,20
299,133
50,411
93,279
24,172
42,250
66,228
289,24
145,243
75,126
168,225
24,219
97,368
215,192
289,137
56,236
293,28
122,46
32,341
268,155
72,417
219,50
184,16
60,232
16,211
313,42
83,294
73,220
80,122
30,280
216,191
52,240
325,62
292,137
113,265
77,216
167,225
118,58
283,19
38,150
58,135
40,252
60,231
99,388
36,261
93,361
44,248
139,20
73,197
329,83
129,30
304,36
76,197
133,26
118,61
122,48
194,24
32,355
33,158
53,211
78,197
92,116
327,101
21,176
48,242
321,52
329,84
265,10
54,412
255,163
40,400
28,292
12,189
327,98
136,23
329,93
203,33
170,225
263,157
47,144
250,12
307,127
56,136
81,331
28,291
31,219
35,156
74,417
311,123
78,215
244,14
83,341
195,25
42,217
116,64
199,29
36,385
317,50
228,38
84,291
85,411
30,163
70,223
237,176
312,121
81,332
173,222
29,164
315,117
280,145
321,110
14,187
79,325
207,197
232,25
91,283
110,94
36,392
329,79
278,16
228,45
192,209
32,272
52,211
241,174
301,34
11,203
114,263
65,201
230,27
181,216
94,364
79,322
236,20
251,10
282,143
327,70
38,398
33,219
236,19
272,151
96,368
177,14
183,16
76,417
41,148
120,48
171,12
324,105
325,101
221,52
114,78
285,141
129,254
95,193
209,40
28,286
85,288
12,192
319,52
229,182
138,247
90,204
47,213
285,21
34,362
10,195
87,286
55,138
59,207
97,112
141,18
89,353
198,205
192,22
103,271
108,269
209,195
45,146
30,307
92,358
10,202
30,322
38,258
131,252
97,393
99,381
138,22
48,408
121,259
39,218
288,139
79,303
209,196
282,18
30,314
34,380
77,314
318,113
30,325
312,42
276,16
98,112
227,185
84,195
156,235
191,20
102,108
79,308
30,317
34,375
74,219
207,37
30,332
52,140
54,237
93,403
226,52
302,129
234,20
87,410
128,30
61,230
279,147
265,155
301,130
132,26
32,158
214,193
317,115
85,348
32,344
178,219
31,335
52,139
218,191
36,154
243,173
252,165
276,149
264,10
265,156
247,169
72,221
181,16
254,165
96,195
47,246
30,303
76,217
79,124
211,44
32,351
112,82
299,132
82,195
14,210
42,251
226,185
145,242
95,114
230,181
30,278
293,27
122,47
32,342
220,189
16,212
80,123
98,374
25,219
30,281
325,61
235,179
113,264
118,59
283,18
323,107
38,151
40,253
99,391
249,169
163,12
36,262
93,360
44,249
65,132
329,82
83,415
255,165
59,134
32,356
53,210
202,201
179,219
92,117
327,100
96,112
26,170
48,243
49,142
329,91
32,268
54,413
40,401
28,293
293,135
12,190
126,36
327,93
136,24
66,201
142,18
329,92
203,32
64,415
176,14
69,130
307,126
56,137
294,135
81,330
311,122
134,26
83,340
195,24
180,217
73,417
185,18
116,65
206,199
284,143
199,28
36,386
74,128
23,217
317,49
228,39
30,160
179,16
237,175
173,221
46,405
18,180
40,217
293,137
321,109
14,184
146,16
116,72
79,324
62,132
232,26
91,282
91,193
110,95
238,16
36,393
329,78
61,415
81,299
228,46
32,273
140,18
241,173
301,33
305,38
108,96
316,117
327,72
149,14
261,159
84,120
275,15
111,267
297,30
42,401
266,12
88,409
196,205
254,10
77,126
327,65
242,14
79,330
67,201
38,399
86,411
91,409
311,41
323,58
109,96
120,49
75,417
46,215
85,120
114,79
191,209
162,12
129,253
28,287
12,193
229,181
103,273
90,205
281,145
285,20
69,199
34,363
91,358
93,193
82,415
102,273
91,407
201,32
221,189
59,206
99,375
34,384
89,352
184,215
187,211
30,304
267,155
143,243
239,175
10,203
84,342
195,205
30,323
38,259
99,380
248,12
48,409
90,409
57,413
135,251
102,106
34,266
270,12
79,302
30,315
69,201
34,381
144,16
77,313
246,14
30,330
308,40
227,184
136,249
83,210
211,195
102,109
139,245
255,10
77,417
132,28
34,372
75,218
94,202
207,36
30,333
125,38
36,156
48,407
85,195
157,235
234,21
128,31
94,403
166,12
59,415
279,146
210,42
301,129
231,181
159,231
132,27
117,62
32,159
78,124
317,114
85,347
32,345
106,269
36,155
58,232
243,172
84,210
19,178
299,31
46,146
230,32
72,222
96,196
49,242
30,300
109,269
76,218
32,336
124,257
112,83
61,134
50,409
14,211
70,417
43,250
83,291
66,226
68,130
145,241
97,374
30,279
293,26
122,44
32,343
287,139
219,52
224,185
99,385
100,273
249,167
16,213
62,230
321,56
289,23
55,413
94,279
80,124
44,146
50,242
325,60
235,178
167,227
118,56
323,106
216,48
40,254
99,390
64,228
245,171
249,168
107,269
36,263
93,359
44,250
303,129
328,93
329,81
240,175
154,12
83,414
54,411
255,164
32,357
33,361
53,209
148,14
179,218
126,34
92,118
37,152
96,113
296,30
188,20
48,244
88,352
253,165
329,90
32,269
303,127
35,264
81,336
28,294
269,12
71,128
271,151
294,28
259,10
65,228
12,191
123,42
126,37
19,215
77,415
36,388
183,215
22,174
263,159
250,10
56,138
321,107
185,17
224,52
116,66
36,387
260,161
317,48
228,32
30,161
140,20
88,285
123,257
130,30
82,336
18,181
293,136
315,119
79,214
321,108
14,185
72,128
326,64
116,73
79,327
62,133
207,199
86,287
110,92
37,260
238,17
329,77
81,298
32,274
140,19
71,222
291,137
301,32
158,12
305,37
108,97
55,209
89,193
48,144
84,121
307,39
275,14
111,266
149,239
11,194
12,204
81,122
327,64
182,215
242,15
127,34
38,396
91,408
311,40
12,203
120,50
281,143
48,142
124,38
114,76
10,198
149,241
226,46
151,237
117,263
12,194
116,62
82,122
103,272
281,144
47,215
212,195
105,271
143,245
34,219
35,219
37,393
221,188
130,253
95,200
225,185
99,374
209,39
279,17
34,385
66,132
49,213
30,305
10,200
30,320
38,256
97,399
315,48
99,383
138,20
185,215
135,250
102,107
106,102
34,267
178,14
234,179
292,26
42,148
190,211
30,312
69,200
34,378
286,141
77,312
172,12
30,331
82,212
62,203
299,32
191,22
87,193
15,211
77,416
210,195
34,373
146,241
175,14
96,277
277,149
226,50
85,194
232,181
160,231
157,234
140,245
106,104
90,283
79,319
157,12
30,298
325,64
57,136
78,125
317,113
85,346
32,346
200,203
58,233
151,14
208,197
299,30
247,171
58,414
96,197
99,112
30,301
109,268
271,13
32,337
287,141
112,84
95,277
228,183
66,227
251,165
97,373
30,276
34,158
253,10
87,349
122,45
32,360
257,163
99,384
160,12
16,214
205,201
26,166
