292,37
23,183
78,408
98,186
99,207
55,247
184,26
224,177
170,21
151,21
315,106
119,90
45,392
103,203
86,129
19,200
96,123
117,96
192,200
70,233
235,170
182,24
82,356
39,349
192,33
103,192
21,189
41,265
299,122
63,237
168,217
317,61
84,280
105,117
74,338
312,110
59,145
29,175
36,167
39,346
316,106
72,296
41,370
74,135
20,191
193,200
233,49
52,200
308,114
51,400
39,339
60,143
296,126
46,259
104,262
146,23
21,207
260,19
300,122
88,367
142,27
127,54
37,282
170,215
25,181
50,151
69,137
75,229
123,74
88,397
39,328
212,57
319,98
73,230
23,208
189,29
120,252
194,200
74,335
124,248
75,292
113,105
39,321
131,45
217,59
41,357
62,141
69,234
310,49
61,406
76,227
241,164
78,188
209,51
175,212
90,387
126,247
38,163
204,191
101,118
320,73
47,398
254,155
37,164
41,366
149,21
142,236
307,47
37,309
225,61
53,149
97,123
154,226
229,57
250,158
141,29
125,248
90,394
306,47
72,331
117,95
79,349
45,157
217,182
91,214
37,318
147,232
43,388
27,181
119,252
318,67
86,400
70,318
273,21
275,140
150,230
180,23
237,34
80,355
320,71
214,184
56,198
37,295
95,186
152,228
195,198
70,305
129,244
250,160
31,174
252,156
70,320
320,94
73,333
76,289
37,288
148,232
244,164
82,404
34,211
92,272
221,180
288,31
186,204
39,354
294,37
320,85
76,344
267,146
37,297
153,228
244,163
286,29
105,199
291,35
222,180
138,239
229,174
88,184
90,273
270,21
76,343
50,204
308,49
55,146
82,281
83,221
163,21
54,147
39,272
87,217
235,48
53,404
207,190
210,187
264,149
49,255
73,190
146,233
318,102
125,61
53,251
201,194
79,225
73,408
59,406
78,284
121,81
140,237
231,172
235,41
295,37
125,69
45,260
145,24
173,21
84,219
198,39
90,379
202,42
208,189
49,152
235,46
290,130
23,185
99,120
51,253
74,294
271,21
81,355
55,249
202,194
119,92
232,171
19,194
24,183
68,139
90,184
235,39
266,146
86,361
99,206
103,117
55,246
184,27
59,243
224,178
45,391
103,202
19,203
313,55
277,25
62,239
48,255
55,404
98,268
105,115
52,251
74,296
74,229
182,25
82,357
84,129
216,57
241,23
39,348
107,260
220,61
21,188
263,19
37,279
168,218
297,39
208,49
154,21
28,177
105,116
308,116
74,339
312,111
59,144
81,131
33,171
148,23
39,341
60,241
100,264
72,297
41,369
94,270
27,211
228,59
52,201
308,115
38,320
39,338
63,141
21,206
41,378
196,36
88,368
37,281
263,150
250,19
75,228
293,37
123,77
88,398
39,331
131,39
64,194
41,355
196,35
87,129
73,229
318,62
174,212
113,104
39,320
131,44
83,359
72,137
21,208
41,356
42,378
193,33
69,233
86,276
142,234
166,220
121,250
290,34
58,198
65,408
89,274
90,384
37,210
281,27
101,117
320,74
72,325
37,163
41,365
44,206
135,33
37,308
115,99
260,152
81,282
118,252
53,148
93,125
77,227
97,122
154,227
155,19
250,159
141,28
90,395
184,204
72,332
91,184
255,19
168,21
22,208
117,94
45,156
37,317
292,126
27,180
318,64
122,250
123,248
86,401
70,319
190,30
237,33
38,210
206,190
320,88
66,139
72,190
213,57
56,199
37,294
152,229
70,310
246,162
104,194
252,157
70,321
185,204
320,95
56,404
76,290
206,48
37,303
81,186
82,405
248,160
176,210
274,140
75,190
239,25
132,242
225,176
64,141
93,270
222,178
320,86
158,224
76,345
49,204
37,296
102,262
106,262
162,20
77,135
277,138
80,186
43,379
105,198
274,22
79,131
88,185
93,184
37,320
268,20
128,244
84,359
312,53
100,188
83,220
90,374
39,275
276,138
63,194
120,87
121,79
159,224
53,403
24,210
264,150
211,186
49,254
268,19
125,60
53,250
79,224
296,37
78,285
121,80
85,186
140,238
234,170
235,40
97,207
190,202
216,182
125,68
292,128
45,259
90,376
71,302
202,43
204,192
208,190
44,263
139,29
23,184
51,252
74,295
242,164
28,212
268,144
55,248
85,219
232,172
19,197
41,208
319,67
236,168
104,117
67,139
302,120
266,147
243,23
59,242
45,390
309,49
19,202
51,202
87,365
307,116
29,212
216,58
39,351
83,129
103,194
21,187
41,271
42,208
63,239
228,174
37,278
208,50
85,404
303,120
88,274
34,169
253,19
74,336
312,112
280,25
33,170
271,144
39,340
280,136
100,265
212,53
284,29
160,19
72,298
182,206
41,368
80,282
304,120
37,287
27,210
233,55
52,202
172,214
301,43
51,402
39,333
41,377
43,208
196,37
88,369
71,408
37,280
116,252
123,76
88,399
109,113
39,330
282,134
41,354
302,44
304,118
87,128
200,39
127,57
166,218
23,210
194,198
30,175
74,333
57,198
95,209
318,63
174,213
123,69
177,23
90,390
183,25
39,323
114,256
85,129
86,186
41,363
44,208
171,21
86,277
142,235
74,190
221,61
117,252
290,35
92,270
29,177
90,385
282,136
137,240
320,75
72,326
41,364
78,348
44,207
212,184
110,109
37,307
43,385
137,31
53,147
93,124
77,226
97,121
78,133
80,223
141,27
90,392
127,246
237,39
184,205
41,159
61,196
306,45
72,333
255,18
117,93
45,155
37,316
76,188
292,127
43,390
318,65
70,316
38,277
96,268
190,31
160,222
237,32
209,188
279,138
320,89
138,240
106,115
89,217
76,292
51,149
56,200
37,293
152,230
70,311
132,244
152,21
84,186
252,158
43,157
79,188
264,19
320,80
309,114
76,291
258,154
206,49
73,137
218,60
37,302
262,150
49,400
176,211
70,302
274,141
132,243
223,178
71,325
222,179
79,133
61,239
210,52
320,87
226,174
86,217
107,113
87,186
102,263
191,200
162,21
218,182
77,134
80,187
78,225
43,378
156,224
105,197
199,194
274,23
39,277
276,140
88,186
129,51
112,256
310,114
50,202
124,69
268,21
70,137
128,245
219,180
169,21
133,39
57,245
312,54
262,19
90,375
39,274
276,139
121,78
139,238
53,402
49,253
130,45
318,100
125,59
53,249
54,249
157,224
90,382
296,38
278,138
316,57
227,59
48,204
121,87
144,234
235,43
216,183
125,67
94,184
77,288
258,17
76,408
118,93
287,31
198,37
91,125
90,377
19,191
116,99
65,141
46,153
249,19
290,128
98,207
23,187
83,404
300,41
230,174
109,258
74,292
59,143
85,361
268,145
145,23
202,192
45,396
85,218
195,35
19,196
294,126
49,151
236,169
88,127
119,87
19,205
97,209
60,406
98,266
79,284
176,21
82,355
216,59
203,192
39,350
180,208
41,270
63,238
67,235
37,277
208,51
88,275
74,337
280,26
171,214
46,396
33,169
254,19
40,208
39,343
280,137
100,266
320,96
212,54
72,299
182,207
41,375
80,283
66,194
37,286
94,268
45,206
233,54
89,396
39,332
80,131
181,208
41,376
284,132
88,370
127,51
116,253
179,23
75,339
79,408
85,278
88,400
196,196
109,112
256,17
39,325
131,41
78,288
282,135
302,45
304,119
200,40
127,56
166,219
80,408
194,199
204,44
90,391
39,322
159,19
162,222
182,208
41,362
78,346
81,406
46,206
310,52
92,271
58,196
204,43
29,176
197,196
113,103
133,242
320,76
72,327
114,254
78,349
135,35
212,185
285,29
89,127
73,296
37,306
115,101
43,384
80,406
27,177
63,408
68,408
70,314
93,123
94,123
77,225
155,21
90,393
237,38
184,206
320,67
267,19
89,215
164,220
188,202
245,23
45,154
47,257
37,315
76,189
94,211
99,187
122,248
303,45
197,37
70,317
143,25
131,244
81,223
103,191
160,223
35,167
237,31
57,406
40,271
134,242
320,90
89,216
129,47
206,47
73,135
37,292
186,27
87,276
70,308
71,190
151,230
136,240
246,160
31,171
40,161
205,47
80,349
320,81
230,57
165,220
314,108
73,136
218,61
93,213
37,301
194,34
176,212
70,303
239,27
276,23
60,196
105,195
79,132
62,196
210,53
226,175
108,258
39,161
97,186
282,28
283,134
240,25
298,124
101,190
106,260
57,243
77,133
80,188
43,381
156,225
105,196
273,142
39,276
265,148
129,50
112,257
50,203
128,246
96,186
133,38
318,98
57,244
312,55
61,143
288,32
87,400
90,372
306,118
83,280
121,77
66,237
114,103
318,101
84,360
215,184
219,61
90,383
296,39
153,21
316,58
65,139
121,86
235,42
253,156
190,200
32,171
50,253
125,66
216,184
147,23
207,49
202,41
65,140
139,31
290,129
183,206
23,186
300,42
304,45
231,55
289,130
74,293
268,146
54,200
202,193
119,89
45,395
85,217
92,125
19,199
117,99
236,170
84,278
157,19
86,364
269,21
71,137
65,237
103,199
19,204
240,164
97,208
98,267
176,22
55,200
39,345
95,268
83,131
180,209
41,269
88,276
182,23
280,27
101,205
108,113
40,209
39,342
316,102
280,138
320,97
247,19
212,55
72,300
41,374
80,284
127,53
37,285
94,269
278,25
27,212
47,153
233,53
71,231
122,77
123,73
112,107
311,112
41,161
39,335
302,43
284,133
88,371
116,254
196,197
109,111
39,324
131,40
70,190
200,41
127,59
91,272
310,50
272,144
204,45
95,211
318,61
123,71
90,388
65,194
47,397
37,167
41,361
78,347
238,29
310,53
314,56
70,192
290,33
58,197
320,77
88,217
72,328
163,220
114,255
188,204
135,34
101,264
47,204
212,186
91,213
37,305
76,135
115,100
43,387
80,407
261,19
70,315
272,142
298,40
155,20
237,37
80,352
192,31
320,68
188,203
136,33
45,153
245,22
47,256
90,127
37,314
76,190
148,230
95,185
99,186
122,249
86,404
72,408
70,306
43,265
81,222
315,57
190,29
103,190
31,173
237,30
57,405
320,91
90,215
129,46
257,17
313,108
174,21
51,151
286,132
37,291
293,126
34,212
70,309
239,29
59,196
311,53
98,121
155,226
246,161
70,324
198,196
39,353
43,159
80,350
62,194
299,41
320,82
102,117
108,260
258,152
93,212
37,300
297,124
194,35
286,30
308,47
238,168
239,26
43,263
226,61
301,120
105,194
89,184
89,371
107,115
108,259
90,274
288,130
76,340
282,29
101,189
49,399
177,210
214,57
106,261
162,19
200,194
218,180
55,145
43,380
44,390
243,164
82,282
156,226
305,118
274,21
181,23
129,49
76,339
112,258
310,112
210,188
92,184
146,234
133,37
318,99
175,21
74,408
61,142
288,33
90,373
316,60
45,263
84,361
178,210
90,380
111,107
316,59
227,61
121,85
252,19
235,45
25,210
99,119
190,201
47,255
231,57
125,65
246,21
211,53
283,29
82,186
249,160
91,127
19,193
61,241
226,176
139,30
232,55
96,209
95,123
300,43
230,172
86,362
99,205
55,245
220,180
241,25
119,88
45,394
103,201
179,210
19,198
188,28
117,98
164,21
26,210
84,279
86,365
82,358
31,212
158,19
21,191
41,267
188,27
240,165
203,43
64,408
176,23
312,108
39,344
316,104
134,35
83,130
247,21
180,210
20,206
41,268
259,152
26,181
67,237
199,39
233,51
71,233
54,404
101,204
266,19
40,210
58,145
39,337
296,124
316,103
320,98
72,301
41,373
260,17
300,120
66,192
88,365
72,231
127,52
37,284
25,183
233,52
69,139
236,39
75,227
123,72
305,45
41,160
39,334
185,27
261,150
284,134
68,235
111,258
22,187
314,55
120,250
237,168
173,214
196,198
109,110
36,210
113,107
39,327
131,43
41,359
242,23
67,192
70,191
127,58
310,51
260,150
61,408
66,408
204,46
95,210
298,39
123,70
90,389
47,396
162,220
37,166
41,360
149,23
187,204
46,204
37,311
42,265
314,57
32,212
154,228
229,59
90,396
126,248
320,78
72,329
254,156
281,136
68,192
37,304
115,103
43,386
27,179
86,402
70,312
272,143
298,41
279,25
234,49
128,51
237,36
80,353
320,69
52,402
132,39
245,21
47,259
143,234
92,213
37,313
148,231
239,166
95,184
33,212
70,307
143,27
40,354
43,264
81,221
31,172
35,169
70,322
237,29
57,404
198,194
134,240
320,92
129,45
51,150
69,192
144,25
37,290
82,406
102,264
201,41
238,166
239,28
161,222
70,325
39,352
43,158
80,351
62,195
83,186
320,83
258,153
314,106
205,190
141,236
218,59
93,211
37,299
286,31
248,19
39,210
166,21
210,51
135,240
107,114
288,131
76,341
39,163
298,122
101,188
49,398
213,184
218,181
276,24
43,383
83,219
129,48
58,406
310,113
133,36
137,33
125,63
77,188
61,141
48,398
306,116
111,109
39,271
97,268
78,286
316,61
121,83
84,404
45,262
58,243
90,381
227,60
121,84
235,44
167,21
231,56
51,251
125,64
269,144
64,237
245,162
102,190
50,400
70,408
91,126
19,192
75,408
61,240
145,234
292,36
100,119
266,148
230,173
86,363
56,245
30,212
53,200
184,25
241,24
59,241
224,176
119,91
45,393
103,200
215,57
126,59
19,201
188,29
117,97
292,35
113,256
100,205
82,359
192,32
103,193
19,206
21,190
41,266
295,126
289,33
240,166
168,216
312,109
39,347
316,105
247,20
41,371
224,61
67,236
140,29
233,50
71,232
101,203
102,203
51,401
39,336
296,125
72,302
41,372
77,408
260,18
300,121
66,193
233,170
88,366
272,21
127,55
37,283
169,216
170,214
25,182
69,138
56,145
291,128
123,75
88,396
110,258
39,329
244,23
212,56
48,153
73,231
23,209
120,251
74,334
165,21
149,230
174,214
109,109
113,106
257,154
39,326
131,42
79,223
41,358
69,235
86,278
170,216
260,151
61,407
204,47
90,386
126,246
204,190
101,119
320,72
162,221
254,154
37,165
256,154
41,367
149,22
78,345
46,205
161,19
37,310
275,23
229,58
82,131
320,79
306,46
72,330
255,17
105,262
91,215
37,319
115,102
43,389
167,218
27,178
318,66
86,403
35,210
70,313
62,408
67,408
270,144
237,35
80,354
320,70
115,254
47,258
37,312
99,188
285,132
70,304
143,26
75,135
31,175
251,19
35,168
70,323
198,195
134,241
320,93
178,23
76,288
189,202
37,289
172,21
317,102
34,210
274,142
238,167
130,244
222,61
82,221
104,199
320,84
103,262
314,107
37,298
244,162
194,33
138,31
160,224
138,238
251,158
288,132
90,272
76,342
39,162
42,159
282,27
255,154
298,123
308,48
55,147
276,25
187,27
43,382
82,280
69,408
39,273
191,31
156,19
235,49
77,345
210,186
264,148
146,232
150,21
133,35
137,32
52,149
125,62
287,132
306,117
90,371
111,108
223,61
78,287
121,82
140,236
44,157
265,19
57,145
99,266
45,261
145,25
259,17
227,174
87,127
198,38
90,378
208,188
247,160
49,153
235,47
99,121
119,93
232,170
19,195
