139,16
212,141
14,74
29,44
34,153
36,34
57,163
80,12
411,219
17,64
383,143
111,10
281,46
10,97
175,147
328,207
20,58
224,32
295,64
188,30
356,114
232,32
304,72
378,50
359,116
357,46
322,64
340,234
344,237
170,28
10,104
160,26
87,10
52,24
415,196
355,105
389,150
158,24
217,32
415,205
300,131
355,110
360,99
371,46
356,247
12,81
293,61
314,146
387,56
323,64
338,50
318,158
397,160
415,202
90,159
312,141
412,184
359,99
413,215
84,12
376,136
158,149
376,247
380,140
236,137
188,145
265,34
342,48
253,32
55,163
34,39
388,79
282,131
14,129
18,60
208,141
391,67
87,159
326,203
115,155
405,227
137,16
263,133
320,171
215,140
362,247
391,154
411,181
379,50
179,145
119,12
149,21
120,155
49,161
306,135
238,32
258,34
97,10
354,110
101,157
246,32
12,117
316,150
389,243
357,116
30,42
322,182
393,240
56,22
229,138
106,10
324,197
307,135
403,229
159,149
326,197
25,145
354,105
318,67
283,47
362,249
383,246
10,86
413,187
324,189
16,134
352,46
351,46
373,93
258,133
169,147
387,245
320,176
338,230
126,153
22,52
357,102
180,30
132,153
318,164
70,14
299,66
375,247
393,154
54,22
10,88
29,151
31,151
362,122
397,158
18,136
181,145
291,58
21,141
131,14
65,163
385,82
295,62
409,225
194,143
388,243
153,149
340,48
251,32
348,48
328,60
147,151
331,217
389,62
332,56
334,225
389,79
86,11
24,51
259,34
191,30
31,42
384,245
356,46
308,137
219,139
332,55
262,133
389,72
315,70
244,32
173,28
321,179
395,238
342,235
163,26
329,211
309,72
405,170
39,32
335,227
16,65
276,40
62,18
399,162
403,167
369,128
381,52
36,36
369,95
244,135
198,143
150,151
10,103
15,129
415,209
20,60
209,141
14,75
89,10
176,28
33,40
36,35
411,218
160,149
33,153
271,131
382,52
383,142
367,127
281,45
10,110
37,157
20,59
264,34
50,24
303,131
373,134
359,119
92,159
406,172
322,65
340,235
268,133
344,238
10,105
415,199
184,145
355,104
249,32
51,163
346,48
167,147
78,161
133,15
389,149
106,157
35,155
415,204
347,241
96,10
334,52
191,32
247,135
361,122
289,56
199,32
12,82
268,36
359,101
365,126
293,60
314,147
387,59
69,16
326,60
133,153
318,159
109,10
146,20
63,18
361,99
312,142
387,147
99,157
357,247
213,141
307,72
273,40
384,85
350,46
413,214
257,135
330,58
368,249
134,16
391,69
284,129
21,56
235,137
34,36
54,163
183,30
59,20
107,157
18,61
186,145
281,131
391,66
377,247
326,200
353,110
320,172
28,149
308,72
238,137
316,152
375,48
322,188
411,180
294,62
149,20
26,148
261,133
309,137
12,118
378,89
204,32
316,151
357,115
30,43
322,183
229,137
190,143
283,46
344,48
224,139
190,30
10,87
413,186
324,190
16,135
370,249
373,92
318,162
168,28
404,229
375,249
377,138
286,129
359,46
311,139
149,151
387,244
320,177
338,231
197,32
381,142
237,137
310,138
22,53
79,12
10,94
266,36
357,101
287,51
318,165
67,16
70,15
299,69
384,144
242,137
122,12
10,89
249,135
358,116
363,123
18,137
203,143
330,211
385,81
409,224
174,147
139,153
340,49
88,10
125,155
276,131
57,20
349,46
389,61
382,142
389,78
24,52
101,10
373,48
43,30
44,160
73,14
299,131
172,147
139,151
127,153
164,149
202,32
399,164
298,130
210,32
14,126
129,14
22,142
44,159
61,18
374,91
16,66
394,156
126,12
400,235
403,166
138,153
398,160
255,34
361,46
381,51
369,94
104,157
108,10
271,133
10,100
284,48
195,32
415,208
187,145
139,18
14,72
371,93
44,28
354,46
392,154
411,221
367,126
281,44
10,111
396,158
50,25
373,133
216,139
359,118
182,30
41,32
344,239
415,198
408,176
46,28
266,133
12,84
177,147
231,32
133,14
389,148
341,235
223,139
415,207
277,42
371,131
334,53
361,121
234,137
315,149
371,48
12,83
359,100
365,125
293,59
314,144
387,58
195,143
326,61
383,53
259,133
189,145
282,46
361,98
200,32
312,143
385,146
404,170
387,146
208,32
286,50
200,143
131,153
117,155
334,222
177,30
413,213
257,134
358,46
161,149
352,243
171,28
391,68
26,50
11,113
34,37
193,32
326,201
353,109
336,227
409,179
320,173
28,150
12,120
125,12
115,10
316,153
411,183
322,189
270,133
400,164
365,249
366,249
79,161
372,93
159,25
97,159
353,245
26,149
378,247
306,133
409,180
12,119
365,97
22,56
376,48
357,114
322,180
178,145
16,129
269,38
91,10
348,46
130,153
41,159
320,66
403,231
406,227
100,10
337,229
272,131
229,32
413,185
252,135
324,191
237,32
42,30
373,91
318,163
304,131
144,151
399,235
38,34
408,225
375,248
377,137
72,14
320,178
285,129
381,141
310,139
10,95
66,16
390,243
287,50
128,14
114,155
60,163
279,131
68,163
323,189
60,18
299,68
168,147
407,225
392,241
214,32
162,26
222,32
279,43
363,122
203,142
156,24
360,46
13,76
141,151
397,237
240,137
303,72
379,139
144,20
50,162
221,139
391,241
49,26
340,50
139,152
302,131
125,154
385,56
20,137
389,60
255,135
207,32
389,77
193,143
23,52
166,147
242,32
44,161
287,129
71,163
370,130
414,209
363,97
153,22
298,131
228,139
14,127
22,143
132,14
332,217
147,20
292,129
390,71
16,67
403,169
227,32
102,10
14,70
235,32
407,173
264,133
381,50
369,93
271,132
369,46
136,153
10,101
89,159
288,52
401,235
64,16
319,66
14,73
359,120
269,133
53,163
44,29
411,220
185,145
243,135
151,22
10,108
212,32
197,143
220,32
360,120
373,132
46,26
364,124
314,143
120,12
415,193
127,13
165,149
12,85
177,146
294,129
345,239
415,206
222,139
277,41
371,130
361,120
409,223
12,76
365,124
240,32
94,159
293,58
314,145
204,141
318,157
232,137
105,157
383,52
313,72
314,70
189,144
285,50
361,97
289,55
53,22
385,145
99,159
103,10
334,223
411,184
177,29
413,212
257,133
330,56
81,12
185,30
366,95
348,241
352,244
391,71
75,14
239,137
225,32
353,107
278,42
261,34
233,32
273,39
346,240
383,85
256,135
314,72
370,93
211,141
146,151
353,108
336,228
335,52
320,174
28,151
409,178
12,121
30,151
56,163
165,26
275,131
316,154
64,163
391,151
47,26
322,186
411,182
226,139
159,24
363,46
327,60
26,146
45,161
373,249
374,249
218,32
327,205
48,26
363,249
365,96
27,46
322,181
16,130
269,37
348,47
94,10
63,163
324,192
399,237
403,230
354,245
302,70
74,161
171,147
128,153
76,12
413,184
287,52
42,31
318,160
304,132
60,20
85,12
377,136
320,179
338,229
381,140
152,22
10,92
137,153
343,48
254,32
113,10
113,155
330,214
60,19
283,129
122,155
67,163
279,42
138,16
18,135
28,44
288,129
380,50
401,166
300,70
379,138
368,46
50,163
239,32
367,95
98,10
247,32
125,153
328,208
301,131
377,50
20,138
330,216
312,72
76,161
150,22
389,76
395,157
51,24
91,159
95,10
386,81
267,133
73,163
151,149
216,32
10,112
376,91
123,12
40,157
355,113
14,124
167,27
332,218
337,50
339,233
16,68
80,161
246,135
343,237
403,168
14,71
290,129
163,149
292,58
333,221
407,172
34,154
325,62
58,20
241,137
297,66
218,139
387,81
10,98
52,22
401,234
64,17
46,161
341,48
252,32
381,89
410,180
44,30
375,91
184,30
10,109
74,14
260,34
136,16
355,245
46,27
130,14
298,66
280,131
415,192
257,34
245,32
127,12
164,26
165,148
12,86
177,145
129,153
105,10
362,46
293,129
82,161
415,201
24,143
277,40
26,46
407,176
409,222
12,77
387,60
176,147
103,157
359,247
346,239
314,71
350,243
285,49
289,54
143,151
385,144
387,148
99,158
90,10
59,163
154,149
177,28
413,211
34,40
382,87
364,249
330,57
86,161
415,191
111,155
348,242
352,245
391,70
353,106
26,48
317,68
320,168
375,135
273,38
112,10
364,97
316,156
391,153
346,241
134,153
336,229
409,177
248,135
320,175
12,122
250,32
379,89
202,143
347,48
316,155
119,155
391,150
322,187
19,137
295,129
331,56
26,147
326,198
358,247
12,113
124,155
143,19
290,56
365,95
383,245
319,167
413,190
16,131
269,36
371,249
390,150
178,30
324,193
70,16
399,236
403,233
205,141
62,163
233,137
70,163
271,38
96,159
243,32
172,28
76,13
227,139
156,149
141,18
274,40
166,26
318,161
304,133
38,32
135,16
275,40
385,245
310,137
368,128
279,44
10,93
291,57
43,159
251,135
330,215
336,50
299,70
174,28
230,137
407,227
121,155
102,157
393,239
363,124
28,45
32,40
324,62
401,165
20,140
308,135
334,226
389,66
391,243
362,97
328,209
205,32
377,49
20,139
330,217
27,149
389,75
395,156
75,161
187,30
248,32
358,101
395,237
345,48
385,55
332,220
73,162
169,28
390,66
256,34
316,68
10,113
198,32
399,161
40,158
298,129
355,112
265,133
14,125
22,141
167,26
332,219
104,10
68,16
16,69
365,46
377,91
108,157
278,131
117,10
407,175
34,155
289,129
329,58
148,151
297,65
133,16
410,221
411,217
387,80
10,99
52,23
328,205
401,233
20,56
64,18
381,88
116,155
93,10
83,12
322,66
77,161
243,137
10,106
355,103
88,159
272,38
351,243
154,22
191,143
11,86
374,48
225,139
411,215
148,20
367,128
415,195
142,18
165,147
203,32
356,245
314,148
245,135
305,133
415,200
199,143
24,144
370,46
371,132
312,139
26,47
409,221
210,141
12,78
360,247
291,129
250,135
270,38
383,54
111,157
402,166
285,48
196,32
289,53
47,161
140,18
367,46
334,221
413,210
58,163
311,72
45,28
66,163
415,190
18,62
348,243
372,249
353,105
26,49
405,229
320,169
375,134
179,30
316,157
84,161
391,152
15,70
383,87
42,32
326,204
409,176
12,123
215,139
380,247
382,247
322,184
56,20
119,11
159,26
326,199
320,167
12,114
143,18
372,48
100,157
155,23
322,179
413,189
16,132
378,138
324,194
254,135
403,232
82,12
192,143
186,30
387,243
318,68
338,232
201,32
76,14
22,54
386,146
209,32
355,46
318,166
321,66
325,197
38,33
303,71
87,161
10,90
291,56
330,212
336,51
283,131
379,247
107,10
217,139
364,46
386,245
407,226
283,48
194,32
116,10
28,46
32,41
324,63
35,36
180,145
110,157
328,58
20,141
385,85
401,164
32,152
379,140
280,44
334,227
389,65
50,161
36,156
19,60
274,131
391,242
394,239
328,210
377,48
17,135
92,10
40,32
389,74
86,12
196,143
36,155
385,54
157,149
230,32
13,123
14,123
310,72
402,233
313,143
167,28
332,221
405,172
73,161
170,147
81,161
151,151
316,69
396,237
342,236
162,149
399,160
40,159
369,130
380,89
255,33
16,70
38,157
296,129
377,90
215,32
403,170
223,32
139,17
267,36
182,145
93,159
407,174
157,24
297,64
317,157
411,216
145,20
10,96
328,206
20,57
25,50
50,26
14,76
381,87
366,46
386,56
359,117
340,233
414,190
243,136
333,54
192,32
10,107
415,197
374,134
140,151
124,12
118,155
118,10
220,139
301,70
415,194
39,157
334,54
355,111
356,103
214,141
127,14
371,47
356,246
12,80
293,62
314,149
387,57
412,215
326,62
61,163
415,203
367,249
24,145
99,10
109,157
312,140
228,32
12,79
236,32
37,34
387,79
111,156
289,52
189,30
65,16
265,35
375,136
361,247
413,209
34,38
135,153
14,128
18,63
213,32
161,26
326,202
221,32
78,12
405,228
320,170
265,36
215,141
142,151
155,24
112,155
383,86
369,249
83,161
349,243
149,22
121,12
306,134
326,205
152,149
339,50
12,116
52,163
143,20
316,149
393,241
322,185
56,21
388,60
119,10
229,139
324,196
398,237
23,143
26,145
206,32
18,64
260,133
318,66
12,115
362,248
381,247
383,247
388,148
155,22
30,44
305,72
413,188
16,133
201,143
241,32
296,64
324,195
338,233
384,54
22,55
297,129
357,103
318,167
231,137
72,163
183,145
366,126
299,67
303,70
87,160
393,155
277,131
226,32
262,34
10,91
234,32
306,72
397,159
203,141
155,149
85,161
330,213
385,83
295,63
336,52
283,130
324,64
110,10
98,159
389,71
393,156
206,141
32,42
328,59
385,84
42,159
389,63
32,153
334,224
389,64
173,147
211,32
86,10
36,157
219,32
24,50
328,211
273,131
372,132
191,31
253,135
353,46
48,161
145,151
308,136
95,159
332,54
389,73
123,155
395,158
383,144
395,239
77,12
181,30
405,171
32,151
69,163
71,14
368,95
151,150
175,28
16,64
316,70
342,237
399,163
55,22
369,129
355,114
255,32
114,10
207,141
10,102
377,89
189,143
263,34
