304,81
255,41
329,175
331,194
322,73
19,91
187,39
195,39
189,136
65,154
315,133
231,41
375,84
290,121
19,96
281,55
86,152
161,140
400,222
24,132
352,236
299,122
304,79
140,144
325,156
328,69
332,194
268,44
41,43
19,105
220,132
348,113
338,59
321,145
146,28
222,132
333,197
406,206
118,147
154,31
29,55
268,43
200,134
225,130
117,148
154,142
335,205
364,134
19,110
148,29
72,154
217,41
39,149
353,236
300,122
374,145
376,240
142,27
371,55
406,193
47,154
33,53
342,57
362,133
93,19
335,202
319,140
323,73
359,240
19,119
59,28
106,17
199,134
366,88
48,154
143,144
404,183
355,237
271,124
75,154
130,22
156,140
366,240
42,39
372,84
318,136
270,47
181,37
398,224
377,240
378,238
72,23
236,128
165,140
293,71
406,211
26,63
246,41
265,43
378,81
286,62
333,65
279,122
264,124
346,111
404,214
208,132
121,19
21,75
353,96
137,25
386,158
280,122
29,140
237,41
382,68
373,84
360,55
396,173
399,224
82,19
378,240
339,58
178,138
56,29
130,146
311,81
31,54
70,23
346,113
299,77
349,117
278,51
354,96
27,138
54,31
27,59
343,55
25,65
285,122
378,147
95,18
144,27
311,129
186,39
331,184
350,100
171,140
337,209
318,77
354,123
194,39
30,140
382,238
301,124
330,67
114,148
147,142
132,23
104,17
355,94
380,78
329,178
313,131
43,38
194,134
359,90
253,126
339,214
165,35
64,154
331,65
116,19
228,130
35,47
313,132
327,170
39,43
280,53
372,140
323,151
235,41
67,154
327,163
21,122
262,124
337,61
104,149
358,128
369,55
136,144
190,39
246,128
198,39
23,72
372,139
325,160
309,81
402,222
379,149
368,87
81,152
19,85
348,101
352,96
321,141
396,230
362,89
37,148
329,174
374,84
198,134
19,90
403,181
178,37
89,19
398,173
93,150
315,132
33,146
35,146
382,63
19,99
288,64
397,173
400,223
222,130
325,155
366,55
373,143
191,136
374,55
378,58
268,45
92,150
94,150
41,42
69,23
19,104
348,114
133,144
321,144
109,17
146,29
402,179
249,41
163,140
333,196
406,207
213,132
33,51
380,238
406,190
335,204
364,135
19,113
81,21
39,148
225,41
406,198
33,52
323,72
19,118
94,19
63,27
109,148
351,235
355,236
228,41
307,81
56,154
130,23
156,141
103,150
368,240
372,85
355,55
390,161
363,55
398,225
327,69
378,239
236,129
309,128
25,134
406,208
286,63
256,126
204,41
333,64
388,160
392,163
382,66
135,144
84,19
346,108
404,215
370,86
208,133
272,124
21,74
386,236
78,21
215,132
386,159
29,139
382,69
112,148
369,240
288,122
149,29
164,33
149,142
189,39
336,208
375,145
197,39
34,49
343,57
382,76
113,19
311,80
326,162
38,45
206,41
135,23
122,146
107,17
273,124
384,153
169,35
350,98
344,55
224,130
370,240
25,64
300,77
377,147
293,122
311,128
331,187
337,208
79,21
247,41
301,123
162,140
119,19
156,31
67,25
248,126
242,128
234,41
373,55
380,79
182,136
329,177
313,130
194,135
327,172
39,45
193,136
339,217
370,138
376,82
322,146
210,41
57,29
179,37
327,165
280,54
337,59
173,138
51,31
31,141
372,141
267,43
323,150
207,134
145,142
327,162
21,121
262,125
337,60
317,136
104,150
123,146
358,129
162,33
172,138
284,57
395,230
270,124
46,152
166,140
244,128
44,37
105,17
362,55
19,84
348,102
352,97
321,140
89,152
37,147
355,125
329,173
353,55
405,187
216,132
393,167
19,93
352,120
343,225
92,152
59,154
33,145
287,122
19,98
348,116
367,135
223,130
288,65
222,131
232,41
325,154
74,154
333,202
378,59
307,125
92,151
41,41
195,134
346,230
19,107
348,115
81,19
333,195
208,41
406,204
50,154
33,50
131,144
406,191
335,207
19,112
81,20
49,35
358,55
255,126
277,51
406,199
317,77
51,33
362,131
273,47
112,17
332,65
30,55
37,47
311,79
160,33
87,19
326,71
63,26
124,20
200,39
115,148
351,234
202,134
156,142
179,138
372,86
376,145
270,45
360,90
124,19
236,130
258,41
385,236
404,184
25,133
406,209
356,238
388,161
392,164
269,45
382,67
41,150
320,75
346,109
208,134
233,130
21,73
22,73
347,55
115,19
29,138
141,27
382,74
158,140
144,144
164,34
238,41
176,37
359,129
66,25
343,56
130,144
60,27
23,129
50,33
384,154
350,99
214,41
27,61
229,41
363,133
206,134
144,142
300,78
51,154
293,121
331,186
390,234
301,122
205,41
248,127
66,154
67,24
230,130
338,214
102,150
141,144
182,137
240,128
329,176
242,41
39,44
339,216
256,41
221,132
370,139
376,83
340,57
55,29
331,67
327,164
280,55
207,41
392,230
357,55
365,55
172,140
31,140
324,154
269,124
372,142
323,153
40,43
258,126
44,152
148,142
21,120
22,126
388,234
317,135
347,102
244,41
172,139
284,58
342,224
294,71
153,31
64,25
402,220
147,29
341,223
344,226
19,87
185,136
276,49
352,98
98,17
62,27
197,134
37,146
220,41
23,67
227,41
92,19
329,172
282,122
369,86
314,132
389,161
19,92
352,121
343,224
209,132
356,125
319,75
346,55
310,81
203,41
315,134
188,136
41,39
334,202
83,19
33,144
345,230
19,101
348,117
288,66
295,122
25,63
264,43
312,130
333,201
406,202
29,59
307,124
240,41
41,40
298,76
250,126
19,106
296,122
352,119
120,19
232,130
105,148
163,33
146,27
401,222
333,194
99,150
406,205
28,138
140,25
33,49
406,188
335,206
400,176
19,115
58,154
45,37
49,34
39,150
371,139
334,61
372,240
239,128
351,236
406,196
51,32
112,18
84,152
319,137
358,92
361,131
19,120
37,46
351,55
211,132
124,21
53,31
200,40
355,238
142,144
130,21
118,19
376,146
327,71
185,39
96,17
373,240
193,39
268,124
87,152
21,79
404,185
25,132
261,43
233,41
286,61
392,165
382,64
20,120
131,23
107,148
346,106
282,56
379,238
146,142
350,118
172,36
335,61
126,146
308,81
76,21
276,122
386,157
209,41
47,35
382,75
274,48
226,130
321,75
401,179
404,216
374,240
164,35
292,120
21,81
172,35
368,136
77,154
281,122
137,144
130,145
380,60
384,236
23,128
161,33
384,155
283,57
388,159
27,60
296,75
157,140
144,143
380,59
110,148
300,79
375,240
293,120
311,130
368,55
331,189
151,142
337,214
290,68
237,128
152,29
394,230
31,144
231,130
196,134
36,146
383,238
150,142
315,77
203,134
329,183
110,17
339,219
160,140
381,151
239,41
376,84
139,144
177,37
88,19
125,146
127,146
40,150
331,66
294,74
323,147
329,184
257,126
169,140
381,63
327,167
312,79
21,126
388,236
392,231
291,69
284,60
31,143
215,41
74,21
372,143
323,152
116,148
278,122
68,23
388,235
317,134
19,81
284,59
399,175
202,41
23,69
252,41
402,221
349,55
331,193
371,86
86,19
341,222
19,86
276,50
80,152
61,154
333,63
319,77
374,56
360,129
297,75
290,122
291,120
19,95
352,122
301,79
123,19
164,140
257,41
356,126
341,57
325,159
69,154
341,224
345,229
19,100
184,37
288,67
260,41
136,23
333,200
406,203
29,58
378,57
167,140
298,77
19,109
349,234
245,41
247,128
405,212
406,194
65,25
46,37
47,153
177,138
140,26
308,126
129,146
406,189
357,92
358,90
400,177
19,114
59,27
82,152
49,33
313,79
188,39
26,134
196,39
292,69
76,154
221,41
406,197
381,238
112,19
319,136
176,138
37,45
134,23
156,32
168,35
23,127
282,55
267,124
200,41
248,128
378,82
400,175
364,240
260,126
376,147
327,70
183,136
21,78
167,35
404,186
364,88
276,124
155,31
392,166
47,37
305,81
382,65
241,41
371,240
346,107
134,144
282,57
350,119
172,37
339,57
276,123
227,130
372,55
382,72
365,240
274,49
24,67
321,74
284,122
31,53
396,169
97,150
404,217
380,149
21,80
27,137
358,238
124,146
53,154
365,88
368,137
376,57
378,148
289,122
380,61
384,237
95,17
205,134
23,131
70,154
271,47
382,152
384,156
96,150
243,41
354,124
121,146
125,21
73,23
27,63
393,230
42,150
252,126
217,132
275,49
331,188
97,17
27,135
337,213
290,69
219,41
310,128
368,135
152,30
389,234
390,232
91,19
43,37
361,55
159,140
222,41
306,124
77,21
352,55
356,92
249,126
329,182
113,148
71,23
327,169
387,236
339,218
370,137
316,77
391,232
128,21
55,31
294,75
68,154
323,146
327,166
21,125
392,232
145,27
284,61
377,82
31,142
351,119
263,43
102,17
139,25
212,132
219,132
133,23
158,33
286,122
71,154
288,63
362,90
363,88
23,68
402,218
331,192
48,35
341,221
19,89
347,113
276,51
80,153
243,128
333,62
396,226
108,148
319,76
88,152
272,47
398,174
117,19
283,122
374,57
360,130
34,146
36,47
345,227
19,94
111,17
352,123
343,226
347,231
351,98
356,127
234,130
325,158
303,124
345,228
19,103
184,38
212,41
402,180
370,55
260,42
62,154
136,24
191,39
199,39
333,199
406,200
29,57
360,240
307,126
406,187
19,108
289,67
111,148
349,233
171,35
329,69
406,195
118,148
47,152
140,27
253,41
358,91
323,71
400,178
19,117
245,128
90,152
292,70
404,181
354,94
100,17
210,132
361,240
316,134
319,139
391,163
379,59
359,239
204,134
259,126
390,162
156,33
346,102
398,226
314,79
23,126
120,146
101,150
275,124
367,55
60,154
394,168
403,218
404,212
21,77
404,187
406,212
362,240
235,130
100,150
392,167
47,36
382,70
346,104
365,135
192,136
361,90
353,123
190,136
357,238
357,127
382,73
366,135
132,144
321,73
396,170
35,49
404,218
45,152
380,150
218,41
27,136
363,240
143,27
181,138
25,67
378,149
380,62
384,238
23,130
356,55
302,79
364,55
382,153
384,157
297,122
278,52
354,125
337,211
73,22
128,146
201,41
78,154
153,142
27,62
251,41
287,63
180,138
309,127
85,19
324,71
331,191
27,134
320,140
337,212
152,31
390,233
266,43
305,124
254,41
54,154
43,151
380,76
194,136
150,29
298,122
122,19
315,79
173,37
138,25
356,93
230,41
91,152
329,181
327,168
259,41
345,55
55,30
294,72
369,137
377,57
323,149
381,76
21,124
262,126
340,220
28,59
49,154
323,154
325,162
277,122
266,124
216,41
52,154
19,83
151,29
321,143
396,228
347,232
294,122
23,71
79,154
304,80
32,53
380,80
402,219
341,220
19,88
38,148
80,154
333,61
396,227
184,136
223,41
374,143
398,175
302,124
360,131
58,29
241,128
350,55
170,140
106,148
180,37
290,120
345,226
19,97
20,81
52,31
347,230
348,232
166,35
325,157
129,21
19,102
184,39
63,154
192,39
321,146
254,126
402,181
367,240
260,43
136,25
285,61
329,67
333,198
406,201
118,146
29,56
103,17
236,41
298,75
395,169
364,133
19,111
159,33
349,232
374,144
304,124
214,132
329,68
75,21
385,157
406,192
362,132
354,55
335,203
251,126
400,179
19,116
59,29
394,167
186,136
354,236
63,25
263,124
292,71
404,182
354,95
238,128
335,208
319,138
375,57
359,238
83,152
390,163
270,46
346,103
152,142
387,159
406,210
378,80
90,19
229,130
394,169
346,110
404,213
213,41
21,76
349,100
201,134
382,71
155,142
396,172
346,105
330,184
350,234
359,55
73,154
350,117
339,59
250,41
379,80
119,146
274,47
31,55
396,171
35,48
346,112
23,132
380,151
382,151
226,41
262,43
101,17
358,127
306,81
25,66
43,152
85,152
380,63
95,19
336,61
157,33
331,185
278,53
337,210
174,138
73,21
67,23
309,126
303,79
331,190
290,67
55,154
126,21
328,172
348,55
43,150
380,77
182,138
329,179
43,39
174,37
325,71
182,37
95,150
98,150
339,215
367,88
315,78
187,136
356,94
397,226
329,180
32,144
327,171
368,88
61,27
261,126
211,41
339,220
279,53
294,73
138,144
323,148
114,19
21,123
168,140
265,124
104,148
108,17
218,132
383,153
170,35
248,41
23,73
325,161
127,21
57,154
368,86
80,21
175,37
19,82
183,37
348,100
321,142
175,138
396,229
362,88
400,224
274,124
224,41
295,75
23,70
99,17
