360,14
168,235
26,201
36,34
80,12
10,158
219,12
111,10
221,235
64,229
10,97
88,235
455,52
367,237
167,10
287,235
70,233
10,153
448,44
16,181
344,237
299,237
10,104
87,10
20,193
207,235
467,86
23,197
10,128
341,237
196,235
451,46
426,227
467,95
68,231
20,191
330,237
116,235
190,235
389,14
380,237
404,16
10,139
30,206
18,187
110,235
449,206
467,100
72,233
26,45
429,224
12,72
303,12
51,223
220,235
99,235
158,10
36,213
84,12
12,174
223,12
354,237
467,109
355,237
433,30
41,30
279,12
248,235
66,14
465,80
202,235
203,235
437,218
134,10
45,26
84,11
467,133
12,165
18,60
22,193
121,10
467,114
396,14
199,12
122,235
123,235
322,12
10,164
467,138
398,235
329,237
112,235
242,12
279,235
462,68
467,123
379,237
453,52
97,10
452,201
375,14
30,42
105,235
257,235
368,237
467,147
106,10
463,71
231,235
457,58
411,18
33,209
431,223
162,10
461,62
10,86
291,12
365,237
424,22
467,152
445,38
72,12
211,12
358,237
22,52
10,81
467,161
267,12
159,10
70,14
60,16
285,235
152,235
34,211
54,22
384,14
187,12
10,88
326,12
39,215
135,10
237,235
246,12
412,233
383,237
455,197
58,228
422,22
465,174
461,186
363,14
260,235
442,213
78,234
465,167
394,237
180,235
135,235
463,179
434,221
314,237
413,231
459,188
10,117
445,210
163,235
403,15
271,12
457,192
39,32
461,67
429,26
16,65
59,229
10,124
83,235
19,189
20,53
420,229
370,14
388,14
191,12
314,12
422,229
266,235
169,10
10,148
339,237
16,184
10,103
234,12
186,235
459,59
89,10
427,227
290,12
367,14
10,159
191,235
176,235
145,10
64,230
10,110
210,12
50,24
40,30
96,235
111,235
169,235
154,10
44,26
10,134
16,182
120,10
10,105
318,237
89,235
352,237
467,89
428,225
215,235
130,10
10,129
259,12
300,237
452,48
96,10
204,235
42,218
349,237
467,94
374,14
179,12
243,235
10,136
318,12
30,207
124,235
197,235
198,235
14,180
109,10
467,103
449,205
69,231
238,12
460,62
117,235
118,235
429,223
12,73
294,12
444,38
355,14
447,43
12,175
467,108
75,12
214,12
52,223
433,29
337,12
66,15
34,36
437,217
438,217
449,46
467,132
12,166
210,235
467,117
385,237
356,237
32,208
10,165
249,235
47,24
467,141
171,11
467,122
453,51
254,235
405,235
406,235
337,237
48,24
27,44
362,14
467,146
113,235
463,70
147,235
457,57
22,50
462,181
10,87
467,155
282,12
46,221
72,13
332,12
407,233
137,10
57,227
79,12
10,94
202,12
38,213
467,160
341,12
252,12
60,17
451,203
258,12
454,199
389,237
10,89
175,235
160,235
391,14
178,12
168,10
404,235
317,12
309,237
153,235
19,56
455,196
58,229
465,173
88,10
127,235
237,12
461,185
463,181
48,221
302,237
158,235
366,14
409,233
144,10
51,22
268,235
344,12
54,225
78,235
101,10
465,166
15,181
463,178
188,235
261,235
262,235
157,10
16,60
52,224
56,227
286,12
459,191
10,114
320,12
123,10
322,237
181,235
182,235
419,231
23,50
445,209
403,14
206,12
329,12
240,12
461,66
171,235
429,25
16,66
55,227
262,12
10,125
400,235
20,54
249,12
91,235
182,12
10,149
446,42
305,12
16,185
108,10
274,235
60,229
297,237
10,100
347,237
459,58
25,46
62,229
14,72
225,12
427,226
29,42
194,235
439,33
44,28
10,156
340,237
295,237
64,231
10,111
455,54
420,20
41,217
466,163
467,83
40,31
45,221
414,18
238,235
44,27
10,135
321,237
177,235
16,183
467,88
324,12
326,237
97,235
386,14
75,233
426,24
10,142
244,12
14,178
42,219
43,219
410,16
467,97
300,12
10,137
18,185
365,14
250,235
251,235
14,181
309,12
220,12
205,235
467,102
351,237
12,74
229,12
31,207
125,235
447,42
12,168
328,237
136,10
377,237
285,12
450,205
467,111
433,28
205,12
467,135
12,167
449,45
325,237
18,58
149,10
375,237
467,116
142,235
32,209
312,12
77,233
115,10
100,235
10,162
390,14
465,79
15,66
415,18
364,237
377,14
467,140
171,10
232,12
467,125
453,50
457,55
94,235
386,237
460,187
30,40
288,12
91,10
280,235
467,149
353,14
174,12
457,56
297,12
208,12
100,10
338,237
22,51
154,235
10,84
155,235
434,30
42,30
156,10
232,235
467,154
217,12
399,235
38,34
72,14
408,16
410,233
273,12
10,95
66,16
106,235
107,235
258,235
137,235
467,163
60,18
193,12
451,202
263,235
34,209
363,237
54,20
465,171
463,175
31,38
57,18
183,235
24,197
455,199
24,46
317,237
390,237
465,172
161,235
414,231
461,184
463,180
28,42
48,222
292,12
310,237
166,235
357,14
465,165
212,12
395,235
32,36
86,235
268,12
16,61
52,225
269,235
459,190
136,235
10,115
126,10
419,230
277,12
188,12
66,231
327,12
189,235
461,65
335,237
392,237
429,24
197,12
62,16
10,122
247,12
20,55
102,10
14,70
312,237
431,27
217,235
364,14
10,146
10,101
173,12
163,10
401,235
459,61
64,16
305,237
164,235
439,32
280,12
443,37
10,157
298,237
10,108
84,235
345,14
348,237
139,10
50,22
413,18
467,82
200,12
46,26
339,12
401,14
407,16
10,132
11,165
435,219
256,12
148,10
464,175
65,231
246,235
467,91
265,12
176,12
70,231
315,12
10,143
376,14
323,237
14,179
185,12
467,96
216,235
235,12
127,10
21,52
170,235
12,76
30,205
40,215
352,14
447,44
90,235
17,185
467,105
53,22
12,75
103,10
95,235
80,235
359,237
81,12
427,24
467,129
12,169
467,110
421,22
336,237
244,235
34,34
199,235
275,235
467,134
449,44
18,59
22,196
260,12
467,119
378,237
435,30
333,237
119,235
149,235
150,235
10,163
465,78
30,38
180,12
56,18
437,32
227,235
319,12
467,143
108,235
467,124
453,49
457,54
239,12
101,235
102,235
30,41
94,10
405,16
467,148
295,12
445,42
356,14
49,223
447,209
288,235
150,10
76,12
10,85
215,12
281,235
338,12
467,157
162,235
463,73
450,46
255,235
240,235
407,235
440,215
10,92
113,10
131,10
443,211
467,162
233,235
430,26
114,235
408,233
393,14
432,223
451,205
148,235
122,10
54,21
382,237
465,170
28,44
35,34
24,198
307,12
455,198
58,227
131,235
24,47
98,10
465,163
461,183
227,12
28,43
48,223
456,195
387,237
283,12
458,58
78,233
465,164
412,18
415,231
32,37
307,237
400,14
203,12
402,235
95,10
16,62
342,12
73,12
151,10
10,112
437,31
67,14
159,235
144,235
403,16
61,16
461,64
379,14
293,237
79,235
10,123
343,237
424,227
464,74
14,71
26,202
431,26
10,147
320,237
225,235
10,98
52,22
459,60
423,227
291,235
443,36
172,235
10,154
10,109
287,12
345,13
211,235
467,85
50,23
306,237
142,10
92,235
165,235
207,12
10,133
200,235
330,12
85,235
263,12
467,90
120,235
250,12
10,140
105,10
18,188
183,12
14,176
306,12
456,54
383,14
439,215
42,217
376,237
467,99
161,10
331,237
26,46
12,77
239,235
224,235
226,12
178,235
40,216
170,10
324,237
44,220
373,237
467,104
359,14
98,235
90,10
129,235
76,233
366,237
222,235
467,128
12,170
103,235
146,10
22,194
44,219
467,113
275,12
421,21
112,10
81,235
34,35
441,35
392,14
467,137
195,12
252,235
18,56
22,197
334,12
467,118
125,10
143,10
245,235
10,160
465,77
30,39
254,12
56,19
441,36
467,142
417,19
171,12
467,127
234,235
235,235
453,48
310,12
371,14
411,17
467,151
230,12
417,20
109,235
445,41
447,208
143,235
128,235
361,237
347,14
10,82
42,28
467,156
384,237
38,32
463,72
50,223
289,235
458,191
407,234
10,93
378,14
451,204
241,235
441,215
465,169
156,235
397,235
24,199
264,235
447,207
433,223
354,14
175,12
24,48
298,12
49,24
184,235
153,10
461,182
138,235
139,235
218,12
416,231
454,52
292,236
459,187
10,118
395,237
274,12
351,14
32,38
129,10
16,63
457,195
315,237
388,237
29,205
194,12
451,48
292,235
333,12
10,113
138,10
55,20
437,30
308,237
104,10
212,235
286,235
431,28
253,12
167,235
382,14
10,120
160,10
396,235
206,235
301,237
14,68
87,235
145,235
423,229
117,10
26,203
27,203
10,144
294,237
10,99
358,14
20,56
425,227
302,12
336,12
93,10
439,34
83,12
10,155
222,12
10,106
345,12
467,84
278,12
46,24
218,235
219,235
10,130
173,235
17,60
435,221
319,237
395,14
198,12
439,217
321,12
467,93
448,207
124,10
93,235
20,189
71,233
296,237
10,141
345,237
18,189
201,235
241,12
14,177
21,193
467,98
121,235
12,78
32,207
436,219
40,217
247,235
12,172
44,221
467,107
346,14
332,237
381,237
465,82
340,12
402,14
467,131
12,171
22,195
374,237
229,235
230,235
467,112
73,233
421,20
465,75
266,12
69,14
37,213
441,34
316,12
467,136
18,57
467,121
381,14
399,14
186,12
325,12
236,12
453,199
10,161
465,76
466,82
56,20
467,145
253,235
417,18
245,12
463,69
467,126
411,16
35,211
242,235
152,10
301,12
276,235
467,150
82,12
445,40
221,12
411,233
270,235
453,201
165,10
350,14
151,235
10,83
128,10
38,214
369,237
42,29
228,235
467,159
328,12
38,33
259,235
47,221
85,10
362,237
436,30
10,90
248,12
141,10
179,235
418,231
133,235
134,235
443,213
270,12
304,12
107,10
441,214
369,14
387,14
190,12
465,168
313,12
224,12
116,10
282,235
283,235
433,222
28,204
233,12
272,235
54,226
24,49
157,235
61,229
444,211
461,181
463,177
303,237
289,12
92,10
40,32
25,199
425,23
192,235
265,235
146,235
28,203
413,233
292,237
209,12
10,119
395,236
185,235
425,24
457,194
334,237
394,14
417,231
132,235
409,16
10,126
14,66
316,237
10,150
308,12
10,121
373,14
14,69
423,228
26,200
228,12
427,225
213,235
214,235
58,18
10,145
10,96
284,12
455,53
421,229
459,62
63,229
432,28
349,14
11,80
70,232
293,12
204,12
443,38
10,152
343,12
10,107
74,12
20,192
67,231
213,12
467,87
46,25
68,14
33,36
440,34
118,10
10,131
451,47
269,12
435,220
226,235
14,175
380,14
398,14
439,216
372,237
467,92
327,237
20,190
189,12
12,80
74,233
133,10
10,138
13,175
416,18
18,186
304,237
296,12
353,237
99,10
209,235
63,16
449,207
467,101
26,44
429,225
12,79
361,14
155,10
216,12
346,237
36,212
37,34
12,173
467,106
272,12
164,10
65,16
195,235
465,81
36,211
437,219
59,18
281,12
192,12
84,10
467,130
331,12
115,235
467,115
78,12
140,10
201,12
465,74
104,235
251,12
271,235
256,235
371,237
467,139
257,12
467,120
368,14
360,237
430,223
130,235
177,12
223,235
208,235
119,10
467,144
463,68
357,237
461,63
82,235
174,235
467,153
403,235
350,237
445,39
284,235
453,200
276,12
10,80
126,235
38,215
277,235
278,235
467,158
463,74
428,24
196,12
451,201
236,235
335,12
267,235
34,210
397,14
53,225
10,91
370,237
443,212
255,12
187,235
442,36
141,235
110,10
261,12
172,12
457,191
311,12
441,213
372,14
465,175
393,237
166,10
461,187
446,209
13,72
181,12
438,32
231,12
433,221
290,235
418,20
313,237
28,205
86,10
54,227
455,195
24,50
391,237
348,14
463,176
43,28
406,16
425,22
147,10
311,237
413,232
273,235
419,20
459,189
10,116
419,229
77,12
264,12
445,211
26,199
193,235
71,14
457,193
461,68
16,64
184,12
10,127
323,12
342,237
20,52
385,14
140,235
14,67
114,10
132,10
243,12
10,151
10,102
423,22
299,12
