211,105
9,84
66,31
40,22
58,41
67,30
11,90
148,60
9,62
47,9
45,9
60,39
17,46
130,59
113,114
202,107
203,107
177,107
70,53
205,113
71,48
36,22
25,15
84,113
61,113
108,59
37,113
97,113
160,114
211,110
10,85
23,53
73,113
136,114
213,108
217,105
9,39
47,22
64,32
10,36
117,59
173,103
162,76
177,108
178,114
37,54
26,109
209,111
167,84
125,60
30,111
155,114
129,114
49,21
184,109
174,105
9,70
181,114
216,106
122,114
43,113
169,84
152,60
9,40
82,113
95,113
54,46
110,59
14,96
9,50
59,40
173,96
93,59
162,71
157,61
24,28
74,42
210,110
164,81
75,35
49,52
50,51
204,113
38,22
12,29
117,114
28,24
14,95
9,79
27,53
170,85
174,90
9,81
72,113
49,113
32,23
22,30
212,110
111,59
163,78
9,59
18,22
200,108
86,59
101,113
164,114
17,43
41,54
214,108
70,30
18,48
14,26
71,31
200,114
39,54
22,106
73,56
70,48
38,9
71,53
105,59
51,19
23,106
130,114
139,60
182,114
179,108
28,13
52,50
183,114
174,93
33,53
124,114
195,108
159,114
193,108
22,17
133,114
9,60
187,109
195,114
201,107
17,44
13,94
87,59
61,36
126,114
169,114
24,106
150,60
47,113
36,10
208,112
15,24
24,16
83,113
124,60
106,59
28,110
81,59
119,114
180,109
30,12
20,34
9,67
31,23
12,93
105,114
218,103
16,24
10,34
176,106
62,34
173,101
43,54
15,97
162,74
74,33
48,52
53,113
99,59
34,112
92,113
89,113
152,114
16,99
82,59
9,68
186,109
19,20
53,47
9,46
134,114
194,114
43,9
154,60
135,114
170,114
11,32
9,48
196,108
194,108
173,94
171,114
162,69
112,114
46,113
72,56
203,113
75,37
100,59
33,111
12,31
59,113
51,12
73,31
135,60
98,113
9,77
51,50
29,53
218,105
174,88
17,23
171,85
46,9
11,89
44,9
9,57
107,114
68,30
161,64
183,109
17,41
35,10
18,46
71,55
17,101
76,59
112,59
141,60
44,113
41,113
53,49
10,86
80,113
85,59
197,108
172,114
121,59
191,109
189,109
18,41
146,114
15,26
198,114
202,113
209,106
75,41
126,60
48,21
175,114
25,53
116,114
149,114
22,52
9,65
216,103
182,109
185,114
21,33
88,59
50,113
63,113
9,43
102,113
99,113
25,107
72,45
122,59
173,99
162,72
97,59
27,109
159,62
50,52
27,26
51,9
49,9
145,60
121,114
168,84
9,74
10,88
56,43
174,87
9,44
190,109
57,42
11,34
9,54
25,108
214,105
34,22
162,67
63,34
160,63
198,108
33,11
42,54
98,59
210,106
75,39
26,26
38,10
51,14
13,28
150,114
52,9
50,9
20,50
140,60
151,114
21,51
186,114
32,53
174,94
9,85
187,114
58,40
67,31
22,18
163,114
11,91
104,114
9,63
137,114
60,38
173,85
151,60
54,113
51,113
34,11
165,82
21,104
70,52
90,113
26,15
126,59
27,14
123,114
19,36
207,106
109,59
31,12
29,12
213,109
46,22
217,106
23,16
30,53
215,107
35,53
18,39
201,113
173,104
26,108
44,54
74,34
205,107
71,46
60,113
57,113
30,110
144,60
96,113
127,59
102,59
174,104
9,71
188,114
162,114
169,85
20,20
9,41
138,114
55,44
139,114
9,51
190,114
155,60
45,22
173,97
162,70
178,108
19,102
191,114
33,112
158,61
164,80
66,113
19,50
52,12
157,114
42,113
103,59
9,72
18,101
36,112
28,53
78,59
94,113
193,114
31,24
20,19
71,113
9,82
21,18
212,109
163,79
128,59
9,52
33,23
127,114
40,54
200,107
162,65
32,12
20,103
38,54
73,57
70,51
51,16
52,11
52,49
65,31
48,113
79,59
142,60
174,92
193,109
34,53
41,22
100,113
115,59
217,103
9,61
77,113
59,39
140,114
215,108
17,45
13,95
31,53
61,37
176,114
166,114
15,25
142,114
24,15
74,57
137,60
205,112
143,114
28,109
37,22
24,53
179,114
180,108
120,114
37,112
19,38
23,52
185,109
70,113
12,92
9,38
116,59
64,33
145,114
10,37
102,114
91,59
197,114
122,60
103,114
173,102
162,77
73,43
37,53
74,32
45,53
115,114
159,61
32,111
48,9
27,25
16,98
49,20
50,19
146,60
46,53
9,69
216,107
30,24
19,21
206,107
12,91
9,47
54,47
192,109
43,22
14,97
11,33
76,113
9,49
55,46
92,59
62,36
173,95
52,113
162,68
73,44
63,33
157,60
24,29
74,43
72,55
88,113
210,111
75,34
164,82
31,111
65,113
128,114
12,30
51,13
101,59
180,114
39,22
28,25
154,114
9,78
51,51
41,9
174,91
218,104
9,80
131,114
22,31
9,58
23,30
17,42
18,49
199,114
14,27
71,30
173,114
58,113
114,114
136,60
70,49
104,59
133,60
166,83
51,18
87,113
76,58
175,106
77,59
28,14
211,106
20,36
113,59
181,109
42,9
147,60
109,114
13,93
20,104
18,40
24,107
73,32
37,10
35,22
64,113
80,59
40,113
93,113
26,53
156,114
20,35
9,66
69,113
132,114
47,53
21,34
114,59
192,114
213,105
89,59
168,114
188,109
158,114
10,35
176,107
72,44
62,35
173,100
156,60
162,75
175,105
48,53
16,100
86,113
19,49
161,114
62,113
9,75
18,102
118,114
39,113
22,32
174,86
9,45
75,113
57,43
90,59
9,55
214,104
208,111
162,66
163,80
160,62
131,59
74,41
161,63
132,60
75,36
11,31
72,31
51,15
75,58
13,29
35,112
9,76
21,52
206,112
174,89
68,113
83,59
16,23
143,60
45,113
17,22
212,105
9,56
18,21
42,22
81,113
144,114
60,37
69,30
173,86
18,47
118,59
196,114
199,108
132,59
34,10
165,83
21,105
22,105
204,107
74,58
71,54
138,60
17,100
39,9
147,114
26,14
19,37
207,107
29,13
53,48
10,87
38,113
84,59
172,85
189,114
74,113
23,17
120,59
10,38
165,114
215,104
149,60
106,114
18,38
36,53
119,59
201,114
162,78
123,60
79,113
44,53
94,59
71,47
75,40
48,22
207,112
50,20
9,64
216,104
125,114
21,32
9,42
65,32
55,45
44,22
72,46
96,59
173,98
208,106
15,98
162,73
56,113
19,103
95,59
167,83
25,27
29,110
85,113
148,114
184,114
174,114
9,73
10,89
40,9
56,44
9,83
57,41
153,60
21,19
9,53
23,29
129,59
167,114
34,23
108,114
32,11
162,64
141,114
25,28
75,38
177,114
78,113
70,50
26,27
55,113
153,114
134,60
51,17
110,114
13,27
52,10
91,113
107,59
29,24
20,51
111,114
67,113
