29,50
79,56
180,11
115,56
220,98
79,38
94,10
155,11
223,94
224,91
170,11
145,11
111,10
133,56
211,34
62,31
51,22
227,71
63,30
80,56
126,56
53,20
77,55
101,10
222,55
22,48
181,105
182,105
223,54
227,51
65,11
85,56
197,105
156,11
91,56
121,56
70,10
189,106
205,16
192,11
216,56
206,47
35,26
207,46
146,11
48,50
166,78
227,76
87,10
76,45
123,10
54,18
145,56
102,56
177,88
227,82
24,33
77,10
21,46
30,27
227,56
52,44
56,39
113,10
131,10
190,105
57,38
66,11
153,57
34,26
165,67
177,101
97,56
160,59
226,83
198,104
197,13
26,30
74,52
72,28
122,10
164,63
54,15
78,56
189,11
31,27
53,42
210,53
78,34
67,27
154,57
59,33
196,105
194,105
132,56
108,10
204,104
211,31
227,64
163,11
98,10
209,21
49,25
21,48
153,11
143,56
34,50
84,56
68,27
120,56
60,33
173,82
204,16
199,104
225,87
204,103
72,10
75,55
138,56
227,73
38,26
144,56
164,11
78,10
109,56
227,53
154,11
128,10
169,81
222,95
95,10
149,56
215,100
33,26
134,10
96,56
45,26
177,98
226,86
85,10
59,11
166,76
158,57
49,49
227,78
121,10
177,94
54,16
24,35
140,11
51,45
227,58
176,11
57,36
47,25
206,18
58,35
55,41
40,50
71,10
182,11
165,65
131,56
107,10
38,50
166,71
60,11
25,31
163,62
74,50
221,56
177,87
97,10
208,19
29,27
179,105
54,13
210,25
208,41
142,56
33,50
23,35
83,56
116,10
195,105
193,105
213,102
79,37
217,99
59,35
203,16
223,93
106,10
183,11
210,103
176,84
137,56
211,33
166,80
77,32
173,11
227,66
63,29
52,22
24,49
108,56
65,28
175,83
182,106
66,27
40,26
223,53
183,106
148,56
217,100
92,10
214,101
119,56
147,11
82,10
207,45
166,75
136,10
227,75
177,91
227,81
184,106
26,50
50,23
20,44
209,38
23,49
114,56
210,37
227,55
206,103
67,11
202,15
190,106
192,105
219,99
57,11
206,51
177,96
37,50
226,84
148,11
74,47
45,50
95,56
75,46
125,56
73,50
167,80
184,11
220,56
77,44
199,14
39,26
177,92
28,29
20,43
79,10
190,11
51,47
25,32
21,42
227,60
208,52
115,10
55,13
23,36
90,56
210,54
69,10
105,10
58,11
135,10
178,105
70,27
157,57
207,51
166,69
162,61
136,56
225,89
76,32
50,47
74,48
211,26
213,54
224,50
101,56
73,29
160,11
177,85
48,25
107,56
64,28
210,23
28,50
191,11
208,43
170,81
211,102
166,11
147,56
91,10
220,97
79,39
207,18
181,11
30,50
208,103
118,56
224,90
81,10
71,27
203,104
39,50
211,35
62,30
51,23
227,68
100,10
53,21
77,56
25,50
222,54
113,56
90,10
167,11
78,41
61,32
157,11
205,17
216,55
206,46
193,11
94,56
124,56
48,49
166,73
158,58
214,55
227,77
219,56
76,44
180,105
177,89
227,83
76,10
21,47
201,14
112,10
210,35
227,57
56,38
46,25
89,56
174,82
218,99
54,41
58,36
212,102
118,10
206,49
195,12
160,58
193,12
177,102
207,52
161,59
37,26
198,13
100,56
163,61
72,27
77,42
164,62
54,20
27,50
125,10
21,40
54,14
227,62
76,31
22,39
53,43
111,56
133,10
168,11
221,96
161,60
211,54
174,11
211,28
224,52
99,10
227,65
135,56
225,49
209,22
112,56
89,10
209,40
66,28
78,36
187,106
60,32
69,27
130,56
87,56
224,92
202,104
144,11
123,56
61,31
175,11
227,70
150,11
76,55
226,49
75,10
141,56
165,11
50,24
22,49
46,50
216,100
64,11
88,56
210,38
227,50
222,94
215,101
32,26
31,50
191,105
222,96
44,26
155,57
84,10
177,99
166,79
120,10
75,45
99,56
227,79
74,10
151,11
199,13
177,95
54,19
126,10
24,34
187,11
168,81
140,10
21,45
227,59
141,11
52,45
57,37
153,56
177,11
188,106
110,56
130,10
156,57
165,66
177,100
198,105
166,70
209,103
197,12
159,58
61,11
26,31
50,48
74,53
211,25
96,10
27,30
134,56
29,28
75,30
188,11
210,24
102,10
208,40
32,50
22,37
31,26
170,82
209,53
78,35
171,82
178,11
55,39
129,56
86,56
119,10
42,50
210,102
176,83
109,10
211,30
77,33
227,67
52,21
209,20
140,56
49,24
152,11
185,106
78,42
158,11
43,26
83,10
151,56
164,64
177,104
166,74
75,54
73,10
106,56
227,72
139,10
209,39
227,52
210,36
172,82
46,26
79,40
152,56
42,26
129,10
203,15
54,42
117,56
159,11
36,50
206,50
177,97
226,87
44,50
207,43
196,12
205,103
194,12
166,77
149,11
167,81
75,47
49,48
73,51
185,11
138,10
82,56
54,17
28,28
177,93
25,33
47,50
21,43
186,106
227,61
68,10
23,37
128,56
55,40
104,10
200,104
93,56
165,64
41,50
178,104
166,68
218,56
110,10
171,11
73,52
162,60
212,54
225,90
213,55
211,27
224,49
221,55
186,11
177,86
208,20
139,56
74,29
161,11
127,10
210,22
208,42
55,11
78,33
117,10
213,101
79,36
207,19
59,34
223,92
80,10
150,56
172,11
211,32
105,56
86,10
227,69
24,50
226,50
162,11
103,10
175,82
223,52
21,39
78,40
41,26
116,56
201,104
93,10
35,50
43,50
207,44
166,72
227,74
215,55
137,10
81,56
127,56
177,90
227,80
20,45
142,11
200,14
227,54
201,15
67,10
56,11
219,98
92,56
122,56
206,48
177,103
217,56
226,85
62,11
36,26
166,67
74,54
27,29
77,43
124,10
146,56
103,56
51,46
75,29
143,11
21,41
227,63
208,53
76,30
207,103
22,38
55,12
53,44
179,11
114,10
132,10
206,17
221,97
169,11
98,56
63,11
225,88
104,56
74,49
211,29
224,51
73,28
177,84
64,29
88,10
