422,36
421,36
428,33
418,28
427,43
431,57
458,81
446,52
454,92
444,94
424,31
440,47
429,102
429,49
421,89
440,100
451,92
446,92
453,65
417,32
423,87
452,64
427,77
416,27
450,61
454,71
423,102
420,100
419,94
458,82
423,36
431,60
436,41
430,35
429,52
421,92
420,93
444,50
419,98
449,57
422,29
445,51
419,32
431,66
458,77
426,102
429,69
458,88
423,101
419,93
458,87
415,28
457,77
450,92
442,97
456,76
448,57
438,44
419,97
425,41
422,30
431,65
423,89
458,78
423,31
429,72
452,61
431,54
440,104
425,79
442,98
456,73
423,83
425,81
450,57
456,92
420,34
417,30
425,102
421,35
428,34
418,29
427,42
432,37
431,56
446,53
429,35
444,95
426,77
440,101
429,48
446,93
434,39
437,106
423,86
427,76
452,65
450,58
447,92
454,68
421,100
452,92
458,83
423,39
431,63
446,54
436,42
440,45
447,55
429,104
437,43
429,51
434,40
442,48
431,37
421,91
421,29
444,51
446,94
442,47
423,85
427,75
426,42
429,68
454,65
428,102
458,89
423,100
458,84
446,51
435,106
430,104
448,55
420,29
429,54
433,104
456,77
438,45
419,96
425,40
424,32
422,31
431,64
455,71
423,88
458,79
422,89
429,71
454,66
427,46
451,61
458,90
452,62
448,92
440,105
435,105
425,78
445,94
442,99
456,74
457,92
418,32
425,80
421,34
428,35
427,45
427,102
432,38
431,59
422,100
428,46
433,39
430,36
440,102
429,47
443,49
442,100
456,71
438,43
453,92
425,83
450,59
454,69
443,96
458,80
423,38
431,62
446,55
432,104
436,43
415,27
440,46
424,83
429,50
421,90
434,41
441,47
442,49
424,102
429,103
438,106
428,73
419,100
423,84
419,34
427,74
425,33
450,60
429,67
454,70
439,106
417,27
419,95
458,85
423,37
431,61
431,104
436,106
419,29
434,104
415,30
429,53
421,93
444,49
419,99
441,100
424,33
431,67
419,33
427,73
429,70
454,67
427,33
458,91
449,92
455,92
452,63
458,86
423,40
440,106
435,104
425,77
415,29
442,96
456,75
448,56
425,42
426,33
430,67
429,73
418,27
427,44
432,39
430,54
431,58
458,92
435,41
431,55
430,37
440,103
429,46
424,40
456,72
444,96
425,82
416,30
439,45
417,31
