99,126
129,139
83,9
103,122
13,131
51,112
105,20
132,218
10,97
85,230
31,126
96,123
78,46
104,122
93,8
148,152
149,193
61,63
99,244
118,48
27,115
112,121
6,101
157,199
13,13
87,10
15,148
35,96
109,25
77,48
8,94
99,31
46,175
140,144
53,7
44,129
11,72
100,245
9,50
86,32
52,112
36,167
56,115
10,19
103,249
106,47
37,128
96,9
89,30
38,97
114,46
43,118
12,81
90,7
36,95
112,24
10,139
66,60
105,15
15,117
59,7
64,202
119,33
138,215
90,236
59,116
8,76
117,123
102,42
94,240
148,198
166,173
98,239
171,178
120,245
11,70
68,125
16,11
70,210
95,238
101,243
47,11
51,76
16,154
125,237
111,46
78,221
106,17
108,250
24,153
60,117
25,13
45,178
49,183
114,32
29,9
72,127
129,232
167,191
151,193
61,67
79,41
105,249
116,34
79,222
14,129
161,168
162,195
64,119
141,205
159,167
145,199
11,116
16,121
129,225
167,180
9,46
94,28
6,56
65,199
120,44
157,164
14,136
37,164
40,88
99,32
122,131
67,203
32,103
11,28
97,10
122,242
47,177
71,207
130,232
41,8
97,123
81,225
9,87
102,244
6,51
61,198
10,62
14,147
163,193
115,248
26,158
85,6
32,126
71,55
165,190
94,236
98,243
7,97
16,119
128,134
167,170
9,88
31,161
6,42
10,57
50,80
144,149
163,198
8,111
134,142
63,60
104,35
128,238
110,121
57,115
25,154
103,42
112,50
59,192
82,227
101,16
126,232
19,152
20,10
6,45
133,224
45,126
155,159
10,32
13,85
42,170
23,156
8,22
82,5
121,38
107,23
74,212
46,86
123,247
108,46
56,188
62,118
125,131
91,31
6,36
64,59
95,27
44,177
7,63
165,169
167,192
47,85
60,192
42,122
61,121
62,121
27,9
154,198
10,67
55,10
40,172
62,200
45,112
141,146
147,151
33,12
54,113
170,175
7,69
123,133
73,6
56,74
77,129
101,11
30,9
147,156
39,90
95,9
145,150
54,72
110,21
75,213
58,7
26,108
7,66
11,135
12,15
13,151
36,133
130,222
76,44
139,148
67,124
21,152
60,69
13,121
73,214
75,125
71,9
9,21
105,41
13,144
108,18
73,48
76,43
131,221
42,87
136,144
9,102
155,195
12,149
30,123
87,126
34,102
88,30
40,129
86,231
13,114
91,232
18,127
95,127
9,141
7,35
34,159
90,32
71,6
77,219
118,39
46,117
13,137
33,128
15,16
132,220
81,41
101,38
88,229
52,11
162,170
34,97
111,125
135,214
87,228
89,10
92,128
129,138
110,46
22,10
115,33
13,130
51,115
34,9
37,12
132,219
6,99
10,110
85,229
30,101
13,19
162,165
96,124
166,185
65,10
48,78
12,92
148,153
22,13
61,62
112,122
62,7
158,161
89,235
35,99
109,24
77,47
116,126
8,95
66,205
140,145
93,239
57,67
44,130
11,75
12,91
53,183
146,196
100,246
9,49
156,160
160,163
111,27
136,140
103,248
106,44
55,117
89,29
57,68
40,12
63,122
12,82
105,125
34,163
44,8
10,136
66,61
109,121
64,203
84,6
55,114
59,119
8,77
64,122
121,127
148,199
171,181
120,246
48,115
16,12
70,211
53,185
57,190
94,128
29,160
51,79
125,236
76,125
23,13
108,251
55,75
24,154
51,182
141,211
145,205
143,147
100,28
28,158
142,146
112,23
19,14
80,224
61,66
79,40
119,129
106,246
52,78
38,169
41,174
23,10
79,217
116,35
65,205
85,130
164,172
74,46
96,31
141,204
159,166
145,198
143,152
124,129
69,122
70,205
73,127
128,137
55,187
129,224
54,11
167,183
9,45
66,6
124,240
54,186
6,57
120,45
135,144
139,213
32,9
14,137
144,152
164,171
37,163
40,89
65,119
122,128
67,202
32,120
69,210
168,189
97,9
43,85
121,131
122,243
12,118
47,176
93,125
131,141
81,224
62,66
9,86
107,250
91,11
54,189
113,26
43,172
6,48
116,49
45,11
101,126
10,63
140,212
114,251
115,251
32,127
33,103
72,6
71,54
56,192
165,189
98,240
44,84
7,96
118,247
103,44
50,184
75,128
130,224
94,124
137,146
31,160
35,165
18,151
17,15
41,129
6,43
10,38
84,33
140,211
50,81
13,91
134,143
29,123
104,36
107,17
128,239
166,193
168,171
97,27
26,9
44,83
123,241
50,179
36,98
76,9
126,233
127,229
19,155
45,125
155,158
10,33
13,84
107,121
106,125
164,192
57,10
8,23
121,37
69,205
14,13
107,22
97,28
170,186
46,87
11,147
123,246
47,79
122,127
125,130
40,166
6,37
10,40
49,115
70,6
38,95
44,178
9,144
7,62
104,18
165,168
149,153
80,43
61,7
27,155
11,136
47,84
126,136
56,68
60,193
42,123
61,120
9,114
10,64
88,10
18,128
132,136
62,201
63,197
141,145
17,131
114,31
45,128
142,208
36,8
7,68
123,132
153,157
137,142
66,124
133,218
134,216
64,10
74,127
95,8
42,132
145,149
53,73
110,26
75,212
152,193
151,155
26,109
9,19
27,105
118,42
11,134
105,39
15,13
130,223
5,103
150,154
10,114
13,120
14,126
71,123
92,28
75,124
9,139
143,208
76,213
9,20
154,161
46,115
105,40
13,143
108,19
131,220
150,157
136,145
9,101
84,228
12,150
40,130
18,124
152,160
99,123
9,140
7,34
65,63
104,14
63,65
46,11
90,33
5,105
6,105
101,37
10,100
49,7
88,230
106,48
45,83
28,13
102,12
158,199
80,127
7,27
149,198
115,32
99,241
88,126
30,106
13,18
35,125
31,9
159,196
92,233
117,31
48,79
12,93
146,202
80,5
117,128
27,117
84,130
38,130
137,211
158,166
89,234
37,133
77,46
59,120
116,127
93,238
43,115
11,74
12,84
146,197
93,31
115,46
81,130
9,48
47,7
160,164
124,237
36,161
56,117
38,133
136,141
10,17
137,212
74,50
120,129
46,180
50,11
147,201
111,248
12,83
103,18
34,160
150,193
10,137
104,249
33,163
15,119
35,131
113,125
78,216
80,130
106,20
164,191
112,248
60,120
25,10
8,78
64,123
121,126
102,40
145,203
58,66
96,241
171,180
44,113
53,184
57,189
83,39
105,246
125,235
130,140
65,203
162,198
55,74
82,36
28,104
51,185
141,210
145,204
116,251
100,29
28,159
142,147
167,185
154,158
119,128
102,248
9,43
106,247
88,33
52,79
126,242
56,10
130,135
41,173
94,27
133,138
65,204
67,55
14,135
109,251
110,251
74,47
113,248
39,133
28,103
29,111
11,25
32,98
107,45
146,150
7,109
118,250
121,249
11,118
12,120
124,130
69,121
71,208
128,138
55,186
59,191
167,182
78,130
136,218
9,44
69,10
81,127
120,46
67,60
144,153
37,162
40,90
39,130
64,64
11,30
32,121
69,209
163,171
94,235
168,190
121,130
11,111
12,119
130,230
131,140
167,175
80,223
9,85
160,199
91,10
113,25
43,175
6,49
101,125
10,60
140,213
35,12
114,248
11,23
68,204
33,102
71,49
56,193
75,50
165,188
39,8
152,159
44,85
7,99
50,185
94,125
137,145
126,231
17,14
20,13
94,12
41,128
6,40
10,39
84,34
13,90
14,152
29,122
104,37
68,203
32,119
53,116
168,172
170,176
119,247
123,240
52,188
108,49
36,99
42,118
98,123
82,225
101,30
29,156
127,228
45,124
164,193
8,24
121,36
104,44
69,204
72,53
74,210
114,125
170,187
51,11
52,187
131,227
119,125
10,70
40,167
38,92
39,166
48,182
104,19
33,9
145,154
75,217
58,115
115,126
80,44
56,69
60,194
42,120
98,13
9,113
10,65
18,129
59,65
132,137
42,11
79,130
63,196
70,126
17,130
39,95
117,49
142,209
36,9
170,173
7,71
86,9
132,225
153,156
83,223
137,141
67,121
59,70
116,29
133,217
134,217
67,6
88,129
14,116
18,11
74,124
60,63
85,33
143,202
53,72
110,27
151,154
26,106
118,43
105,38
15,12
5,102
98,31
10,115
83,228
52,7
109,50
77,9
63,202
86,226
14,127
71,122
7,36
34,130
76,214
46,112
105,47
13,142
41,93
9,100
84,229
139,143
12,151
31,117
34,100
91,125
135,219
87,233
89,7
18,125
7,29
65,62
46,8
104,15
63,64
32,161
118,37
10,146
83,5
105,16
69,58
34,12
24,10
5,104
42,92
101,36
156,196
74,6
45,82
102,13
158,196
22,153
78,42
7,26
11,95
148,156
149,197
99,240
47,112
33,159
111,23
10,108
156,195
12,133
30,107
13,17
140,148
159,199
90,129
92,234
78,45
117,30
100,122
63,118
104,125
12,94
103,31
146,203
27,116
52,116
108,121
111,28
59,10
137,210
157,196
147,195
114,50
43,114
11,77
68,10
115,49
9,55
124,238
52,115
36,162
56,118
10,30
31,105
106,42
74,51
96,12
117,127
120,130
144,205
147,200
111,251
166,169
103,13
9,56
101,247
33,162
15,118
78,217
119,34
138,210
106,21
90,235
70,55
38,12
25,9
8,79
99,14
102,41
49,179
143,148
75,9
58,67
96,242
78,6
171,183
44,114
29,13
72,123
19,11
57,188
37,93
79,45
125,234
62,62
162,199
164,167
55,69
82,37
65,123
28,105
68,208
148,200
78,9
43,89
11,112
167,184
136,212
9,42
88,34
126,243
41,172
43,176
81,5
133,137
116,45
67,54
110,248
169,189
29,110
11,24
32,99
107,44
146,151
117,251
121,248
47,181
71,211
58,196
167,177
136,219
9,83
157,161
11,17
29,103
32,122
163,170
168,191
11,110
12,112
17,123
130,231
167,174
9,84
125,245
18,154
127,241
113,24
58,190
6,54
61,195
135,139
10,61
102,122
82,127
49,78
163,194
134,138
28,118
11,22
90,126
7,98
100,11
122,248
52,182
17,124
115,27
9,93
161,199
20,14
6,41
10,36
102,125
13,89
70,10
57,7
42,174
117,37
82,9
11,15
29,121
119,246
46,82
59,197
41,127
42,119
82,222
101,29
125,135
127,231
45,123
89,33
17,151
95,31
42,169
23,153
8,25
121,43
104,45
29,114
72,54
74,211
165,173
114,122
170,184
46,85
11,149
126,135
62,117
9,79
40,168
62,196
141,150
91,129
44,172
48,183
121,44
68,58
145,153
75,216
7,73
100,32
123,129
12,20
42,121
98,10
154,197
101,15
55,7
59,64
42,8
133,223
72,213
17,129
92,8
147,152
39,94
117,48
32,157
53,78
54,116
78,126
7,70
12,19
76,48
132,226
83,222
139,144
67,120
30,12
21,156
116,30
43,131
134,222
50,115
86,232
14,117
88,130
73,210
92,7
21,13
85,32
26,107
118,40
105,37
15,15
36,128
98,28
84,223
49,11
109,49
60,64
135,221
102,16
86,227
14,124
20,152
34,131
95,128
26,114
83,127
105,46
13,141
73,53
131,222
41,92
9,107
34,101
15,133
45,88
87,232
89,6
91,237
7,28
65,61
48,83
32,162
77,216
80,9
153,197
10,147
46,120
69,57
9,108
101,35
10,98
86,130
31,125
34,124
162,169
127,137
92,125
138,142
11,94
93,11
115,34
47,115
160,168
33,158
111,22
6,102
10,109
85,226
12,134
89,231
87,9
35,127
96,127
140,149
96,238
166,188
100,123
156,164
112,125
62,10
119,47
87,6
35,100
74,9
46,179
66,200
40,8
43,117
11,76
105,121
9,54
156,163
86,36
124,239
109,125
113,122
137,218
10,31
103,245
31,104
87,31
106,43
15,153
96,13
8,73
144,206
57,73
166,174
116,247
171,177
12,77
53,189
112,28
95,237
153,161
44,11
79,39
101,246
66,56
51,75
91,32
78,222
90,232
70,52
8,112
49,178
107,49
143,151
148,194
171,182
120,249
68,121
16,15
72,124
90,10
19,10
129,235
37,92
151,196
79,44
69,6
51,80
120,34
14,130
96,27
169,187
24,157
45,174
84,127
68,209
51,187
87,130
47,175
124,133
71,213
55,191
136,213
9,41
66,10
16,149
52,73
116,46
79,218
139,209
49,83
74,45
37,167
169,188
122,132
29,109
11,27
32,100
159,163
75,6
117,250
7,111
47,180
122,247
73,124
41,11
167,176
80,218
9,82
54,185
6,60
139,214
157,160
32,12
87,35
161,165
35,9
60,7
63,10
28,120
11,16
67,207
29,102
89,126
98,244
43,86
44,88
11,97
12,113
17,122
36,127
41,12
167,169
97,127
62,65
9,91
125,244
17,11
18,155
127,240
35,161
16,131
58,191
94,11
113,31
6,55
61,194
45,8
10,58
139,207
49,77
163,197
37,169
26,154
134,139
28,119
72,9
128,235
170,183
26,13
52,183
98,126
9,92
35,166
19,151
6,46
10,37
140,206
13,88
50,76
164,196
42,175
117,36
29,120
68,53
107,18
72,48
128,226
110,125
57,119
75,45
25,158
123,242
59,196
41,126
79,9
118,124
125,134
127,230
45,122
17,150
38,91
39,171
8,26
117,45
48,177
121,42
104,46
29,113
32,128
14,16
165,172
149,157
170,185
115,123
11,148
126,132
37,98
131,229
60,197
10,68
88,6
127,239
64,63
49,112
141,149
91,128
165,196
44,173
68,59
142,204
36,12
7,72
100,33
48,7
47,81
123,128
12,21
61,117
154,194
27,13
89,129
63,198
14,115
72,214
18,14
147,155
114,26
95,12
85,38
32,158
143,207
53,77
110,22
54,117
151,159
7,65
108,24
76,49
132,227
66,123
139,147
30,13
86,126
43,130
134,223
138,146
102,30
50,112
14,122
73,209
54,76
110,25
152,196
27,106
118,41
86,6
108,23
73,51
150,153
30,116
135,220
102,17
14,125
92,31
43,8
54,71
58,10
26,115
118,32
46,118
13,140
73,52
9,106
155,199
31,119
40,133
113,46
135,213
45,87
91,236
93,128
7,31
48,84
77,215
10,144
46,121
13,133
69,56
42,90
6,108
10,99
101,34
30,102
88,233
31,124
34,125
162,166
127,136
111,121
138,143
92,237
166,186
68,6
110,50
95,241
99,242
37,8
81,38
85,225
30,105
158,162
89,230
31,101
35,126
66,206
96,239
129,135
27,118
73,47
38,129
119,46
83,130
158,165
90,231
109,20
77,43
66,201
144,200
93,235
57,71
43,116
63,121
34,164
36,93
93,28
100,242
9,53
104,245
160,167
55,192
137,217
155,163
103,244
87,30
70,50
15,152
55,113
8,74
99,11
49,184
144,207
53,11
74,128
57,72
58,70
147,202
171,176
48,112
30,160
12,78
53,188
112,29
95,236
150,196
153,160
83,35
66,57
51,74
35,132
81,9
112,251
8,113
82,40
51,181
107,48
148,195
117,247
120,250
57,194
129,234
83,40
38,170
130,139
41,169
133,142
64,198
65,200
120,35
84,9
108,247
55,71
82,35
63,7
45,173
102,38
51,186
146,154
97,243
121,245
124,134
69,125
70,206
71,212
142,150
154,157
9,40
124,245
16,150
126,241
52,74
111,50
77,126
6,58
139,208
49,82
67,56
109,248
164,168
29,108
67,201
85,127
11,26
159,162
163,167
7,110
122,244
90,29
58,194
131,136
167,179
80,219
78,129
9,81
54,190
38,164
43,171
6,61
61,200
135,140
82,130
87,34
161,164
40,93
67,206
33,98
76,128
39,12
97,13
152,155
44,89
100,14
11,96
30,156
12,114
17,121
130,229
97,126
9,90
156,159
125,243
35,160
16,132
113,30
94,8
6,52
101,122
84,38
10,59
50,82
14,148
37,168
169,173
26,155
104,33
68,207
33,123
71,50
128,236
166,194
50,180
115,29
81,221
107,247
126,234
41,133
6,47
10,34
140,207
13,87
50,77
164,197
117,35
63,59
68,54
33,124
107,21
72,49
53,113
128,227
57,118
75,44
97,31
25,157
103,33
51,7
41,125
118,125
91,29
6,38
62,195
45,121
106,121
107,125
39,170
117,44
7,61
48,178
121,41
29,112
14,17
142,202
58,119
149,156
115,122
61,10
37,97
112,46
131,228
60,198
42,124
119,126
10,69
132,141
72,208
70,122
165,195
74,216
75,218
100,34
47,80
12,22
154,195
59,66
70,125
114,27
85,37
53,76
80,38
151,158
26,110
7,64
73,9
66,120
30,114
86,127
138,147
102,31
14,123
71,126
76,218
152,197
79,127
154,162
13,146
69,53
150,158
30,117
127,133
77,6
134,215
43,11
9,143
7,33
65,58
34,129
153,194
26,112
118,33
46,119
13,139
6,106
81,43
9,105
155,198
84,224
30,124
31,118
15,135
7,30
77,214
10,145
83,6
13,132
42,91
24,13
6,109
156,199
85,231
88,234
28,9
31,12
87,227
92,238
166,187
22,156
78,41
118,128
100,126
104,121
95,240
149,194
99,245
108,125
6,100
81,37
13,14
31,100
15,149
8,93
99,28
46,174
44,128
11,73
146,198
129,134
9,51
86,35
36,166
56,114
10,18
70,56
109,19
37,129
77,42
116,123
120,126
144,201
93,234
147,196
114,49
97,239
38,96
65,6
12,80
103,17
34,165
36,94
100,243
10,138
9,52
104,246
137,216
138,214
155,162
106,41
70,51
38,8
8,75
99,10
117,124
50,7
58,71
171,179
11,71
103,14
12,79
68,124
150,197
101,244
83,34
47,8
16,153
78,220
138,209
106,16
60,116
82,41
45,179
32,104
144,199
78,5
116,248
28,156
72,126
57,193
129,233
61,68
118,31
105,250
56,7
130,136
41,168
79,223
64,199
120,36
133,141
138,216
62,61
14,128
161,169
162,194
55,70
113,251
64,118
63,6
65,120
102,39
141,206
146,155
97,242
43,90
121,244
11,117
28,155
16,120
70,207
142,151
129,226
167,181
9,47
124,246
94,31
77,125
6,59
157,165
67,59
109,247
60,10
8,96
29,107
11,29
163,166
47,182
58,195
167,178
9,80
102,247
106,250
160,196
54,191
38,165
43,170
6,50
61,199
135,143
14,146
40,94
33,97
165,191
94,239
75,49
76,129
152,156
100,15
30,157
54,7
128,133
167,171
81,219
79,5
9,89
161,195
16,133
113,29
6,53
10,56
84,39
144,148
17,154
169,172
63,61
104,34
33,122
90,125
128,237
166,195
119,250
103,43
50,181
115,28
81,220
82,226
29,159
161,196
91,7
41,132
6,44
133,225
45,127
10,35
13,86
70,9
23,157
8,21
121,39
85,9
53,112
128,228
74,215
48,11
46,81
103,32
126,131
108,45
56,187
76,6
82,221
91,28
6,39
64,58
39,165
44,176
117,43
121,40
142,203
58,116
167,193
115,125
42,125
98,14
10,66
31,157
55,11
40,171
45,113
72,209
142,210
170,174
27,158
56,73
101,12
35,95
59,69
92,11
39,91
85,36
143,201
54,75
110,20
80,39
26,111
7,67
12,14
13,152
36,132
41,87
10,116
83,227
30,115
113,50
21,153
60,68
43,132
134,221
63,201
67,10
13,122
73,215
20,156
21,10
76,219
79,126
118,47
13,145
69,52
41,88
42,86
9,103
127,132
109,46
64,6
13,115
91,233
18,126
20,155
95,124
9,142
7,32
65,57
77,220
153,193
26,113
118,38
46,116
103,125
13,138
33,129
105,19
86,31
6,107
81,42
9,104
84,225
88,228
34,96
15,134
135,215
