268,431
197,479
328,386
208,66
279,297
155,432
211,79
68,25
256,456
279,414
216,49
288,398
236,76
19,91
278,297
58,312
168,67
24,189
115,380
136,108
176,456
50,27
199,484
40,29
294,312
25,162
118,129
212,251
233,71
140,104
284,405
106,366
162,76
236,75
19,96
60,249
19,209
165,263
205,251
206,251
26,168
66,259
123,389
91,252
150,89
320,335
194,255
140,103
124,124
144,98
256,454
83,23
31,298
215,89
19,105
83,337
212,43
19,214
21,198
27,291
120,127
177,456
150,257
91,245
93,233
23,194
124,123
330,380
43,304
64,256
143,416
19,110
275,293
203,253
152,88
86,170
71,265
110,235
287,305
217,90
97,231
99,154
27,169
157,432
232,495
140,21
52,215
218,251
74,324
219,251
111,372
334,359
85,265
89,257
311,390
192,54
265,283
21,200
248,269
92,243
37,259
208,37
27,174
250,470
52,222
288,306
181,259
258,451
78,181
334,366
68,318
180,58
53,308
217,494
310,390
24,224
332,348
171,19
228,64
156,82
67,194
53,27
109,142
21,66
32,298
334,369
265,436
31,270
272,290
167,261
29,292
93,348
112,235
21,218
332,347
21,75
122,242
250,472
87,261
35,300
270,287
75,325
137,106
209,69
192,27
264,440
137,251
234,71
73,323
272,424
167,68
314,392
23,142
25,224
103,363
68,194
133,400
27,181
207,66
197,56
326,387
147,418
292,311
22,61
134,108
190,25
101,23
120,384
157,261
325,388
112,138
183,465
83,174
72,189
307,323
73,324
110,142
113,237
27,285
322,339
87,170
202,486
25,154
214,43
53,231
147,94
152,19
138,106
107,233
70,320
113,21
21,132
41,304
42,27
23,47
29,271
213,82
88,170
234,73
107,23
143,253
113,375
183,257
29,230
252,465
143,98
328,343
138,21
122,126
158,80
83,265
148,256
167,446
23,149
298,315
180,462
127,394
147,255
98,156
280,412
54,233
169,447
314,330
132,248
136,251
71,320
129,396
77,25
23,61
62,200
90,164
146,95
274,424
332,374
23,146
49,307
182,58
150,19
329,345
260,444
80,176
100,358
334,351
230,92
37,249
238,492
114,134
23,58
210,40
121,387
270,427
155,428
49,308
52,231
162,438
326,343
21,113
95,158
61,26
35,246
254,462
164,261
312,390
58,246
245,265
88,23
324,341
23,51
62,250
248,477
66,316
121,388
29,275
63,200
290,308
333,370
232,91
164,74
21,122
58,241
262,442
82,267
195,56
236,494
171,451
62,253
249,474
191,475
268,433
34,300
109,371
130,398
77,330
79,268
92,348
56,240
274,292
330,345
236,86
19,85
257,277
230,65
145,418
197,478
318,392
211,78
87,341
86,23
214,88
288,399
236,77
19,90
111,21
82,176
308,388
19,203
168,68
111,235
294,313
25,161
315,331
306,321
35,261
58,27
186,468
284,406
106,146
329,382
19,99
64,253
108,142
19,208
239,259
173,454
123,388
91,255
75,25
93,239
213,251
214,251
256,455
215,88
19,104
83,336
220,52
20,201
21,197
27,290
120,128
48,306
66,196
200,56
91,257
91,244
93,232
59,312
23,221
195,255
201,31
330,381
204,60
81,335
298,386
64,257
252,272
203,252
261,281
106,23
86,171
162,261
220,51
185,23
78,330
230,252
21,63
151,257
27,168
179,21
187,469
334,356
69,25
153,86
227,251
318,333
226,251
217,49
24,154
151,425
156,84
37,258
98,231
25,189
208,38
281,299
101,362
121,241
250,471
52,223
288,307
165,19
41,29
222,92
258,448
334,367
33,267
209,74
303,319
103,231
35,31
332,349
262,282
228,65
156,83
93,243
21,65
225,59
231,69
160,261
252,462
84,172
126,244
163,74
272,291
183,23
131,21
209,67
108,233
112,236
21,217
166,68
82,25
74,184
221,55
21,74
122,243
250,473
75,324
169,66
259,448
155,19
209,68
210,74
250,270
73,322
219,495
272,425
103,362
201,486
96,156
170,261
27,180
32,238
134,109
27,37
173,62
100,152
141,21
183,464
79,180
160,76
72,190
244,484
27,284
138,408
249,269
222,56
313,329
170,66
260,448
102,231
177,60
159,435
21,131
23,46
178,21
269,287
126,120
114,237
27,277
247,267
85,23
179,462
127,396
56,206
113,374
252,466
328,344
60,202
149,257
226,62
154,259
158,81
198,56
36,248
21,140
67,25
105,366
161,76
148,257
332,376
23,148
245,484
144,19
280,413
154,84
140,410
24,45
169,446
99,358
314,331
132,249
229,92
49,27
123,124
91,23
37,255
294,392
186,257
205,35
23,60
116,21
62,201
90,165
332,375
116,132
49,306
148,255
21,119
207,490
135,403
194,54
304,320
55,237
238,258
260,445
80,177
134,402
174,261
37,248
238,493
114,135
168,446
23,53
210,41
191,25
121,386
113,136
155,431
30,296
52,224
21,112
80,25
61,25
191,255
164,262
58,247
242,261
215,47
235,494
55,27
202,32
23,50
62,251
248,478
29,274
290,309
232,92
91,348
327,343
21,121
186,56
278,418
282,410
262,443
171,450
191,474
268,434
200,29
109,370
77,329
174,60
322,390
56,241
55,310
185,467
94,162
274,293
141,414
163,442
19,84
159,78
145,417
74,25
115,377
175,261
211,81
87,340
185,468
153,259
284,408
31,235
107,369
70,263
236,78
19,93
170,19
108,144
19,202
188,24
280,297
91,249
25,160
29,35
67,317
35,260
44,27
284,407
162,74
201,253
19,98
64,254
300,316
108,143
109,23
19,211
38,29
224,57
188,23
136,21
173,453
66,257
86,265
91,254
93,238
184,257
30,271
255,275
83,25
107,367
290,398
199,253
19,107
221,251
222,251
300,315
160,19
19,216
220,53
21,196
258,278
91,256
91,247
93,231
115,134
23,220
299,386
101,359
304,386
195,254
94,158
330,378
331,376
43,306
334,354
81,334
298,387
191,257
252,273
19,112
207,251
190,257
228,92
121,126
230,253
21,62
25,187
27,171
172,62
158,434
125,122
111,374
41,27
221,92
187,468
133,112
334,357
184,56
315,392
320,392
246,266
20,216
151,424
37,257
21,71
39,29
25,188
208,39
101,361
233,494
250,468
52,216
90,23
258,449
41,28
295,313
334,364
119,128
104,231
33,266
268,285
55,210
20,112
209,73
285,404
126,392
35,30
262,283
139,409
302,386
72,25
93,242
21,64
321,337
252,463
309,325
220,251
190,472
118,21
134,112
84,173
47,27
30,33
126,245
167,263
209,66
172,261
232,253
69,320
234,90
108,234
112,237
21,216
96,23
149,19
166,69
103,364
74,185
21,73
23,224
87,263
35,302
201,58
75,327
58,206
204,33
105,233
205,62
65,257
250,271
272,426
219,494
141,253
201,485
96,157
27,183
147,420
27,36
100,153
66,25
141,20
317,392
213,87
160,77
235,86
126,118
110,140
95,23
60,27
244,485
27,287
266,284
322,337
225,496
81,267
252,468
310,326
75,184
222,57
60,204
138,104
159,434
240,259
21,130
119,21
138,251
266,436
32,31
139,251
126,121
308,324
296,388
153,427
27,276
56,207
37,302
183,259
188,257
84,338
285,303
252,467
328,345
60,203
226,63
122,124
214,494
161,261
21,139
83,267
105,365
308,323
54,310
23,151
153,428
298,313
175,456
278,414
98,154
226,496
154,85
135,405
280,414
303,386
102,150
71,322
37,254
194,478
57,27
274,422
222,496
116,133
152,257
181,463
74,267
182,56
164,70
128,245
21,118
135,402
304,321
35,243
307,387
238,259
260,446
80,178
334,349
306,386
220,92
132,112
23,52
121,385
254,274
76,328
155,430
52,225
326,341
21,127
35,248
254,460
164,263
58,244
202,33
131,400
248,479
191,476
29,273
223,496
246,484
21,120
155,84
282,411
219,51
262,440
317,333
173,19
64,25
200,30
203,59
77,328
211,75
174,61
233,90
86,340
322,391
185,466
207,63
31,237
141,413
236,80
309,390
19,87
40,304
168,261
145,416
115,376
25,45
172,452
119,384
139,21
117,21
211,80
88,261
87,343
264,283
194,27
50,308
31,234
107,368
236,79
53,212
19,92
111,23
187,56
82,174
36,259
19,205
149,423
188,25
280,298
180,259
199,481
91,248
25,167
171,64
118,132
29,34
67,316
176,21
35,263
302,318
106,144
286,404
162,75
19,101
278,295
81,25
64,255
300,317
51,308
52,27
19,210
39,303
224,58
26,183
173,452
123,390
73,267
93,237
25,168
316,332
154,19
116,239
182,22
83,24
107,366
215,90
110,372
19,106
165,444
202,253
83,338
142,100
220,54
111,138
21,195
258,279
27,292
227,92
66,194
229,251
230,251
91,246
23,223
316,331
172,64
101,358
120,241
93,23
94,159
330,379
334,355
81,333
99,231
191,256
240,490
118,382
178,460
125,392
21,61
25,186
27,170
100,23
172,63
320,336
234,256
215,251
334,362
64,196
246,267
124,21
37,256
21,70
101,360
250,469
52,217
75,328
130,21
188,470
334,365
104,232
33,265
323,390
268,286
126,243
95,353
209,72
29,296
159,19
36,302
115,239
139,408
284,301
200,484
93,241
21,79
137,21
87,265
57,206
185,257
84,174
31,267
312,327
166,444
167,262
61,202
65,196
264,436
228,251
232,254
108,235
157,82
130,116
21,72
244,263
27,177
45,306
122,241
87,262
201,57
75,326
204,34
89,166
205,61
253,273
110,138
206,36
27,281
174,454
201,484
21,81
96,158
27,182
251,468
54,27
222,55
59,204
27,39
100,154
141,19
159,436
183,466
104,364
213,86
160,78
141,100
88,166
126,119
110,141
26,228
27,286
244,486
174,20
266,285
142,253
218,50
36,29
163,261
25,159
29,234
123,243
33,239
214,46
71,190
310,327
170,64
282,300
28,275
138,105
213,494
292,392
240,260
21,129
135,249
308,325
296,389
23,153
153,426
27,279
160,436
56,208
183,258
73,25
57,311
148,90
226,60
122,125
68,260
21,138
83,266
193,478
105,364
31,33
34,263
213,88
291,396
23,150
173,261
169,19
278,415
98,155
277,295
135,404
122,21
85,340
54,236
57,312
314,329
102,151
122,388
68,259
219,92
37,253
144,253
128,396
274,423
43,27
116,134
27,229
152,258
181,462
73,186
182,57
164,71
273,424
21,117
128,246
33,242
35,242
254,458
307,386
54,231
260,447
80,179
132,113
23,55
210,39
121,384
178,60
197,480
270,430
254,275
242,490
246,482
52,226
21,126
260,279
299,315
254,461
58,245
72,265
223,57
61,249
62,249
248,480
29,272
290,307
236,257
22,140
42,304
23,189
270,288
181,464
278,416
282,408
34,242
163,439
19,81
98,23
189,257
262,441
25,43
171,452
156,432
69,263
198,480
200,31
203,58
297,388
211,74
232,496
232,69
274,291
94,160
207,62
105,23
31,236
141,412
252,271
236,81
309,389
19,86
184,23
200,253
281,412
230,68
198,29
237,494
115,379
25,44
191,54
311,327
118,130
157,19
87,342
179,58
182,464
286,402
197,253
19,95
111,22
82,175
89,346
19,204
149,422
280,299
209,251
199,480
91,251
164,19
295,390
150,90
25,166
46,27
29,33
32,267
140,100
35,262
56,310
28,292
302,319
106,145
31,297
34,31
19,100
313,391
105,146
142,98
19,213
131,399
39,302
224,59
177,459
93,236
203,33
294,311
23,193
26,39
316,333
228,63
103,23
182,23
175,60
288,400
290,396
19,109
165,443
313,392
286,303
90,346
220,55
76,268
149,424
66,195
177,460
196,56
199,29
23,222
117,239
65,25
324,388
52,212
330,376
334,352
81,332
54,212
240,491
59,27
65,315
263,440
146,19
76,267
169,261
125,391
25,185
27,173
320,337
234,257
96,354
187,470
258,452
78,182
334,363
100,231
89,261
223,251
208,251
64,197
65,316
234,86
187,257
151,426
70,190
21,69
189,25
52,218
334,370
104,233
177,21
33,264
31,269
268,287
95,352
152,426
297,313
84,23
29,295
287,402
275,420
79,331
262,281
284,302
213,43
129,116
93,240
21,78
296,313
87,264
70,192
189,472
124,243
312,328
264,437
232,255
234,88
70,25
91,164
94,350
276,293
22,220
23,141
25,227
61,314
196,28
207,65
27,176
48,27
253,462
143,19
201,56
58,204
204,35
115,21
60,312
304,319
205,60
212,82
250,269
72,186
109,235
110,139
25,228
206,37
27,280
196,27
21,80
28,230
129,247
131,247
27,38
21,135
95,351
176,261
213,85
88,167
234,74
244,487
174,21
218,51
25,158
119,241
29,233
33,238
125,21
214,47
148,92
170,65
282,301
213,493
106,233
292,393
240,261
21,128
169,450
266,434
296,390
167,445
23,152
27,278
127,393
56,209
256,275
189,54
54,234
57,310
148,91
226,61
210,492
68,261
143,415
21,137
131,114
193,477
85,172
140,252
31,32
146,96
23,145
206,62
193,27
261,444
207,37
81,176
85,339
162,19
54,237
190,54
102,148
179,259
37,252
148,420
293,311
23,57
80,332
170,450
140,251
144,254
274,420
332,370
152,259
27,228
52,228
128,247
203,487
21,116
226,92
175,21
51,27
33,241
35,245
216,90
254,459
238,257
80,180
128,21
294,390
132,114
23,54
153,19
248,474
28,35
283,301
114,21
98,356
246,483
52,227
21,125
117,382
104,146
108,23
37,29
38,302
77,182
187,23
58,242
195,55
72,266
271,289
31,31
196,478
270,289
56,237
330,346
278,417
282,409
161,438
70,264
163,438
146,418
128,116
230,66
286,304
25,42
63,253
319,392
328,384
199,56
167,19
192,255
211,77
232,70
87,344
94,161
216,47
141,411
236,82
309,388
19,89
328,382
62,25
230,69
114,376
115,378
136,106
118,131
211,82
306,322
117,132
158,19
286,403
107,370
19,94
59,247
283,408
89,345
19,207
224,496
39,304
149,421
89,23
199,483
91,250
25,165
67,318
267,285
140,101
144,96
217,251
256,452
31,296
178,259
198,253
19,103
313,390
212,41
142,99
19,212
131,398
27,289
177,458
91,243
271,426
93,235
23,192
237,257
330,382
166,263
95,231
171,261
288,401
290,397
54,210
19,108
165,442
148,19
203,251
152,86
64,200
120,21
76,269
258,277
137,407
25,183
156,260
157,434
324,389
52,213
145,96
257,452
330,377
334,353
89,259
240,492
318,334
65,314
87,23
137,408
248,267
125,390
234,255
25,184
27,172
118,239
156,259
176,60
52,220
334,360
89,260
53,310
94,23
64,198
246,265
234,87
22,195
80,267
119,383
216,251
52,308
70,191
218,92
21,68
150,424
52,219
101,231
31,268
29,294
72,322
93,350
21,220
188,54
79,330
139,410
284,303
323,339
94,231
21,77
301,386
67,259
250,474
189,471
202,31
312,329
209,71
192,25
264,438
234,89
276,294
97,156
23,140
25,226
61,313
206,35
68,192
196,29
130,114
186,23
78,25
133,402
27,179
207,64
101,152
118,240
292,309
58,205
134,110
300,386
212,492
125,243
180,21
56,27
112,136
44,306
133,249
134,249
233,255
72,187
27,283
174,19
112,374
113,376
244,264
227,496
326,388
209,491
289,307
235,257
21,134
95,350
23,45
151,88
154,428
192,476
213,84
69,319
234,75
235,75
88,168
90,257
185,56
114,238
277,418
316,392
321,392
266,283
175,455
69,192
179,461
158,261
76,182
25,157
62,314
29,232
214,44
310,325
148,93
130,247
132,247
209,492
213,492
33,299
158,82
267,434
182,259
292,394
169,449
46,306
266,435
127,118
273,291
93,162
132,21
167,444
127,392
56,210
256,276
203,488
276,418
172,19
228,496
54,235
99,357
136,249
68,262
33,300
143,414
129,398
21,136
62,202
301,317
193,476
140,253
90,166
97,355
23,144
332,372
71,25
92,162
225,92
207,489
135,406
85,338
57,241
102,149
215,494
234,494
163,19
37,251
202,58
238,494
114,136
23,56
144,255
142,414
274,421
97,356
332,371
52,229
110,23
203,486
21,115
204,488
229,496
33,240
159,261
35,244
254,456
307,388
242,262
229,65
294,391
23,49
248,475
195,478
178,58
108,370
270,428
254,273
242,488
246,480
177,261
91,347
164,72
165,70
21,124
117,381
104,147
30,234
58,243
195,54
158,78
269,430
72,267
191,473
241,261
23,191
135,108
305,321
164,442
56,238
330,347
331,347
205,488
260,280
230,496
196,253
161,437
70,265
145,19
236,84
19,83
163,441
255,456
128,117
75,267
63,314
230,67
286,305
325,341
25,41
268,430
328,385
92,23
203,60
79,267
211,76
247,480
47,306
232,71
84,265
64,314
31,238
216,48
141,410
236,83
328,383
19,88
278,296
124,390
19,201
168,66
204,251
99,23
136,107
25,163
118,128
193,255
306,323
35,259
284,404
231,496
19,97
20,81
183,56
60,248
151,19
123,21
89,344
19,206
149,420
66,258
199,482
91,253
129,21
149,90
208,490
25,164
150,88
140,102
144,97
256,453
81,336
302,317
19,102
60,247
225,251
212,42
19,215
21,199
27,288
120,126
177,457
142,19
93,234
96,231
132,400
23,195
195,253
231,92
124,122
182,21
43,305
298,388
288,402
54,211
19,111
152,87
195,27
243,263
137,406
211,251
210,251
217,91
156,261
157,433
232,494
324,390
52,214
111,373
334,358
82,336
89,258
224,92
318,335
86,172
289,398
21,201
63,25
248,268
231,253
217,92
27,175
136,406
102,362
52,221
288,305
112,21
258,450
78,180
334,361
103,148
53,309
241,490
134,21
45,27
64,199
35,29
188,56
79,332
119,382
21,67
224,251
334,368
263,283
31,271
272,289
95,354
29,293
107,144
218,494
93,349
21,219
166,70
188,55
161,19
74,186
21,76
35,301
76,25
189,470
211,492
33,263
127,245
209,70
192,26
264,439
168,19
276,295
23,143
25,225
61,312
333,349
121,21
68,193
130,115
77,269
133,401
27,178
118,241
305,386
326,386
147,419
292,310
134,111
27,35
112,137
72,188
243,488
27,282
135,21
193,54
322,338
76,184
25,155
244,265
209,39
209,490
292,396
21,133
213,83
69,318
234,72
88,169
126,122
181,58
114,239
259,279
27,275
175,454
88,344
179,460
218,49
146,255
76,183
276,420
206,488
25,156
29,231
214,45
252,464
148,94
282,299
102,152
33,298
292,395
166,19
169,448
219,496
23,154
244,488
298,314
127,395
92,164
256,277
276,419
97,23
154,86
319,335
144,416
54,232
99,356
226,59
136,250
68,263
126,21
71,321
129,397
78,269
146,94
97,354
23,147
223,92
332,373
104,23
251,271
92,163
116,380
207,488
197,29
79,25
334,350
37,250
23,59
156,19
270,426
181,21
220,496
27,230
155,429
177,259
52,230
326,342
21,114
61,27
211,41
35,247
254,457
242,263
324,340
327,386
239,492
23,48
248,476
178,59
270,429
145,255
242,489
246,481
232,90
177,260
33,31
91,346
164,73
184,466
147,19
21,123
117,380
282,412
104,148
216,494
158,79
324,339
25,39
227,63
62,252
102,23
191,472
268,432
109,372
127,21
221,496
293,392
23,190
79,269
174,62
139,104
322,392
56,239
291,309
260,281
133,21
161,436
236,85
163,440
19,82
128,118
262,444
25,40
155,259
