32,54
38,124
224,339
187,345
282,127
28,209
268,141
113,84
256,161
40,142
42,235
281,223
163,328
309,164
38,119
39,127
46,23
139,102
36,41
219,347
44,25
317,149
83,14
191,273
319,145
235,315
290,121
63,299
249,176
36,271
131,94
225,338
190,273
50,18
241,303
207,152
29,62
177,288
285,212
287,208
255,273
165,121
97,70
26,74
196,286
89,311
193,273
12,184
108,319
186,304
295,118
161,118
325,133
266,142
220,345
16,163
12,183
87,24
142,104
72,303
97,313
10,178
34,44
179,131
75,303
149,333
154,335
301,183
12,174
14,190
39,146
325,119
289,203
84,309
287,207
183,341
41,30
299,184
30,56
320,114
95,62
60,12
173,299
247,292
303,173
289,204
37,268
240,195
123,88
158,116
36,219
276,231
102,76
179,331
127,92
60,11
205,152
117,86
229,327
217,173
325,121
128,325
36,115
203,351
10,175
108,80
181,134
182,316
271,243
284,126
180,322
279,224
267,252
38,279
34,48
165,325
38,221
221,211
167,315
141,103
54,294
239,307
229,329
155,113
174,128
293,195
79,13
263,257
109,80
24,77
42,27
232,208
180,336
38,39
258,156
167,122
177,287
198,281
129,92
184,311
298,118
38,257
277,130
91,31
25,74
278,227
57,12
172,126
28,64
265,255
85,17
237,310
311,158
22,87
274,134
147,108
95,313
305,114
218,347
39,283
24,91
276,130
184,342
94,313
24,202
79,305
291,202
93,42
111,319
238,199
183,279
62,298
249,289
215,166
269,244
246,182
252,169
209,154
120,86
304,173
40,34
259,269
99,74
215,206
239,196
131,327
317,112
248,180
103,78
215,191
104,317
306,114
327,125
77,11
169,314
28,62
106,80
88,309
215,199
251,284
236,200
116,323
244,184
322,116
215,180
142,332
40,242
185,308
34,102
71,303
36,275
327,122
40,129
42,230
38,122
26,207
30,211
196,290
195,144
161,331
38,147
40,249
113,82
243,188
118,86
321,141
30,98
179,283
37,148
40,136
221,343
294,120
243,301
226,335
194,292
32,55
323,133
107,80
38,125
195,351
34,150
237,200
164,120
99,315
268,142
16,191
40,224
256,162
40,143
42,232
281,222
83,307
309,163
38,116
40,30
65,10
46,20
36,42
219,346
188,304
44,26
317,148
319,144
235,314
271,136
280,128
231,323
74,10
225,337
241,302
133,329
134,329
285,211
287,211
127,325
165,120
97,69
196,287
252,281
128,92
12,185
307,165
199,147
186,305
161,117
325,132
266,143
212,349
170,124
50,291
16,164
185,345
315,112
279,223
158,333
10,179
319,143
34,45
179,130
91,36
238,309
81,14
301,182
14,191
18,194
175,295
325,118
184,277
299,187
30,57
275,233
150,333
316,112
155,335
101,76
282,128
95,57
173,298
217,171
325,127
240,196
105,80
213,159
310,161
38,282
182,314
305,173
197,284
180,324
205,151
117,85
217,172
325,120
128,326
260,152
154,112
30,152
178,330
43,287
68,301
181,133
182,317
37,219
38,219
271,242
167,317
277,231
211,351
288,122
180,323
239,309
187,275
279,227
122,324
37,115
57,295
38,276
193,349
125,325
34,49
163,120
165,324
221,210
141,102
54,295
239,306
167,124
211,158
229,328
22,90
297,118
209,351
155,112
79,12
85,309
322,137
178,130
203,150
24,78
279,128
232,209
180,337
146,106
38,36
258,157
313,112
171,126
190,302
184,312
38,262
227,331
91,30
19,160
276,132
28,65
265,254
85,16
123,325
237,309
183,281
22,84
171,305
249,287
301,116
182,281
276,131
24,92
66,299
184,343
314,112
24,203
93,41
183,278
238,196
62,299
28,207
156,335
249,288
215,161
269,243
246,183
252,170
326,127
38,254
187,138
64,10
254,166
259,268
216,175
215,201
171,303
215,190
198,146
88,24
327,124
77,10
169,313
186,275
28,63
176,293
100,76
88,310
124,90
215,198
236,201
132,327
244,185
215,183
142,333
40,243
153,111
321,139
34,103
40,130
21,160
222,341
42,231
38,123
26,204
194,349
117,323
120,323
161,330
274,235
40,250
153,112
321,140
30,99
40,137
41,285
221,342
42,238
243,300
258,269
194,293
27,207
34,151
36,44
80,14
26,70
86,20
33,152
40,225
226,212
231,325
256,163
20,196
42,233
281,221
160,116
309,162
38,117
40,31
170,309
210,156
283,126
46,21
36,43
97,67
260,265
317,147
83,16
264,257
196,273
235,317
189,302
65,299
173,127
20,195
225,336
319,113
50,16
105,317
89,27
241,301
188,345
207,154
287,210
145,106
255,275
312,112
97,68
169,124
26,72
17,193
35,107
199,146
204,351
259,156
208,154
89,28
161,116
53,14
325,131
315,149
33,50
202,148
195,143
16,165
300,116
244,297
92,312
10,176
319,142
36,215
301,181
12,168
14,188
126,90
18,195
95,51
116,84
175,294
325,117
95,64
92,311
299,186
30,62
271,239
37,40
275,232
45,24
305,171
22,199
95,56
173,297
303,175
217,170
312,157
213,158
38,283
122,88
123,90
69,10
18,162
182,315
321,115
305,172
180,325
253,281
183,135
205,150
117,84
290,203
128,327
260,153
30,153
195,273
178,331
267,249
292,199
208,351
270,140
181,132
167,316
223,212
277,230
211,350
321,116
288,123
180,332
239,308
187,274
26,156
279,226
29,97
122,325
98,314
190,140
213,160
35,215
38,277
82,307
165,323
42,30
180,331
38,34
22,91
34,214
38,268
76,10
168,315
185,277
263,259
232,323
250,174
24,79
190,348
232,210
180,338
38,37
23,158
256,273
22,82
298,116
262,150
210,351
70,302
38,263
15,166
111,82
168,124
41,242
28,66
265,253
306,169
198,278
291,199
93,47
183,280
22,85
171,304
249,286
51,16
269,249
274,132
257,271
294,195
250,176
196,351
252,172
240,305
24,93
69,301
184,344
264,144
93,40
238,197
215,160
272,239
246,180
252,171
38,255
42,242
169,311
215,347
25,203
99,76
47,291
251,281
215,200
188,302
157,335
215,185
142,331
167,321
295,193
175,129
306,112
327,127
41,229
169,312
121,87
232,206
254,277
49,291
88,311
215,193
236,202
58,12
39,34
244,186
27,97
215,182
40,244
153,110
321,138
52,14
40,131
121,88
32,50
38,120
26,205
269,140
56,295
30,209
161,329
40,251
94,50
185,136
257,160
225,212
179,285
40,138
221,341
42,239
189,140
281,219
194,290
323,135
38,115
313,157
135,97
266,144
284,215
200,148
74,303
26,71
121,323
287,124
40,226
231,324
16,192
147,333
20,197
256,164
115,321
281,220
156,114
309,161
23,201
191,141
303,114
255,277
97,66
317,146
13,185
31,211
196,274
235,316
173,126
174,297
14,168
199,148
186,308
283,217
319,112
212,158
231,210
50,17
89,26
188,346
68,10
177,293
145,105
255,274
26,73
204,150
307,167
40,127
299,116
324,116
325,130
42,286
181,318
297,191
195,142
16,166
91,33
261,263
14,186
87,21
95,53
205,351
283,215
288,207
150,110
92,313
242,192
10,177
47,20
179,132
301,180
12,169
14,189
95,50
24,156
61,297
173,303
325,116
311,161
195,290
60,297
275,235
186,345
261,265
265,257
305,170
236,313
95,59
247,289
32,99
303,174
217,169
38,280
245,295
192,349
124,325
270,138
182,312
222,212
321,114
180,326
253,280
183,134
166,122
118,323
113,321
260,154
178,328
38,275
167,319
295,191
277,229
46,290
288,124
180,333
92,36
38,40
82,14
33,101
216,206
292,120
98,315
104,78
181,283
38,266
185,275
293,199
245,297
263,261
165,322
70,10
54,293
38,35
101,315
22,88
155,114
196,144
34,215
36,108
219,209
185,276
79,14
191,298
263,258
250,175
24,80
190,349
31,56
180,339
190,300
28,68
230,327
198,284
293,120
22,83
298,117
262,151
318,112
70,303
36,107
38,260
227,333
233,323
55,14
300,183
28,67
234,206
198,279
93,46
242,190
171,307
249,285
269,248
274,133
257,270
193,294
326,122
24,94
215,349
184,345
259,265
264,145
266,253
93,39
26,96
62,297
248,176
193,142
215,163
246,181
228,331
49,18
197,351
169,310
206,152
145,333
254,164
215,203
236,204
188,303
244,188
157,334
215,184
273,239
167,320
295,192
175,128
306,113
34,106
327,126
121,86
232,207
112,319
215,192
71,10
236,203
115,84
244,187
215,177
40,245
257,273
321,137
233,319
34,101
52,15
40,132
42,229
278,130
243,297
136,98
138,330
32,51
180,318
38,121
313,155
93,50
132,328
286,124
40,252
30,97
179,284
40,139
42,236
189,139
194,291
323,134
163,327
241,305
313,156
22,158
135,96
139,101
144,104
97,72
26,68
196,276
181,339
290,122
291,120
40,227
228,210
119,86
231,327
14,166
16,193
36,268
20,198
294,118
23,91
315,153
191,140
177,291
285,215
126,325
255,276
97,65
317,145
196,275
235,319
62,10
31,99
148,333
283,216
157,116
89,25
188,347
177,292
145,104
224,212
98,72
53,293
129,327
245,184
302,177
12,180
307,166
52,293
325,129
42,287
149,110
315,151
81,307
67,301
198,351
297,190
91,32
182,340
311,112
261,262
12,179
14,187
87,20
95,52
217,207
314,153
139,331
40,223
301,179
12,170
18,193
95,61
24,157
173,302
48,291
217,167
289,207
112,320
240,192
311,160
192,296
159,331
217,208
223,339
66,10
30,60
36,216
56,12
40,283
275,234
261,264
265,256
305,169
179,326
90,311
183,136
95,58
281,128
28,97
32,100
175,297
217,168
109,319
260,156
32,211
90,28
36,112
54,14
38,281
133,96
245,294
270,139
18,160
164,327
182,313
253,279
76,304
63,10
73,303
241,192
152,335
260,155
192,294
267,251
178,329
218,208
138,100
38,222
167,318
277,228
298,187
46,291
180,334
76,303
192,142
122,323
48,18
33,213
181,282
38,267
293,198
134,96
245,296
263,260
93,313
165,321
24,74
42,28
189,347
190,347
289,122
190,298
198,282
184,308
22,89
268,249
36,109
219,208
38,258
29,154
250,172
24,81
309,112
190,301
262,261
85,20
237,313
130,94
311,157
262,148
36,148
147,107
38,261
227,332
246,184
233,322
103,317
291,201
93,45
242,191
171,306
27,156
215,165
269,247
257,269
166,321
31,152
40,144
24,95
215,348
310,112
187,304
43,26
99,73
264,146
215,205
235,204
93,38
188,273
26,97
248,177
102,316
103,77
323,116
215,162
73,10
110,319
273,134
131,96
42,240
169,309
137,329
254,165
182,134
251,283
215,202
64,299
157,333
178,287
215,187
273,238
112,82
295,195
34,107
15,191
197,146
36,272
200,351
58,296
39,254
215,195
173,128
215,176
40,246
257,272
40,133
114,321
132,96
80,305
138,331
32,52
180,319
20,160
38,126
313,154
26,203
302,116
125,90
93,49
132,329
40,253
228,212
179,287
40,140
42,237
189,138
247,180
323,137
241,304
59,297
22,159
139,100
307,112
219,345
26,69
11,174
196,277
235,313
40,228
242,301
228,211
231,326
14,167
36,269
20,199
294,119
253,166
91,311
315,152
188,138
46,24
177,290
285,214
97,64
29,209
196,284
35,150
235,318
59,12
318,145
108,317
186,306
282,219
283,219
319,114
157,115
89,24
37,275
308,112
50,292
12,181
307,169
325,128
149,109
22,160
315,150
297,189
27,68
34,46
91,35
182,341
130,327
206,351
261,261
12,172
87,23
22,200
95,55
304,114
143,333
177,130
159,333
217,206
199,351
223,341
30,58
150,334
301,178
12,171
95,60
24,158
173,301
217,166
289,206
112,321
240,193
192,297
28,154
137,99
176,130
30,61
36,217
56,13
40,284
84,16
261,152
247,291
32,101
175,296
217,175
308,165
183,312
114,84
32,212
272,136
36,113
245,293
137,100
270,136
18,161
182,318
271,241
284,124
180,320
17,162
127,91
253,278
76,305
194,273
303,177
192,295
267,250
178,326
34,50
163,119
165,327
38,223
277,227
180,335
180,132
239,305
211,157
229,331
72,10
98,313
153,335
48,19
141,331
181,281
146,333
272,134
38,264
293,197
162,118
109,82
217,347
203,149
24,75
42,29
135,329
285,124
258,158
171,125
190,299
119,323
198,283
129,94
184,309
105,79
34,213
36,110
38,259
250,173
91,29
96,64
24,82
44,288
85,19
237,312
61,10
262,149
215,175
70,301
36,149
147,106
227,335
191,349
233,321
44,287
151,110
66,300
144,333
32,152
234,204
198,277
291,200
93,44
183,277
242,188
171,309
215,164
269,246
40,145
58,295
187,137
162,329
40,32
259,267
99,72
264,147
267,142
215,204
55,295
93,37
238,200
248,178
102,317
103,76
215,189
252,166
42,241
25,95
229,210
251,282
215,197
116,321
192,273
215,186
273,237
295,194
175,130
324,133
34,104
197,145
36,273
58,297
194,350
302,114
215,194
11,179
196,288
215,179
40,247
96,313
227,212
201,351
40,134
221,345
80,306
278,128
243,299
280,223
230,210
32,53
233,206
194,294
38,127
313,153
282,126
286,211
34,152
93,48
28,208
268,140
38,148
40,254
179,286
52,16
184,136
40,141
256,160
42,234
323,136
163,329
309,165
38,118
135,98
46,22
36,40
255,164
44,24
136,329
83,15
290,120
40,229
189,273
172,303
36,270
131,95
225,339
207,153
191,142
140,102
177,289
287,209
285,213
165,122
97,71
196,285
296,118
246,293
108,318
21,199
186,307
23,82
283,218
157,114
110,82
297,187
50,293
16,162
182,339
12,182
307,168
42,285
149,108
263,148
297,188
26,95
319,141
13,168
34,47
91,34
12,173
14,185
87,22
186,136
22,201
95,54
258,160
175,293
180,283
75,10
28,156
84,308
213,349
159,332
223,340
299,185
30,59
201,148
275,231
150,335
207,351
100,315
301,177
197,277
95,63
173,300
247,293
289,205
240,194
78,12
192,298
28,155
84,307
106,317
202,351
137,98
123,89
36,218
56,14
40,285
60,10
247,290
217,174
325,122
30,154
32,213
36,114
275,132
316,149
299,183
10,174
140,331
159,116
270,137
271,240
78,305
211,349
284,125
216,347
180,321
253,277
127,90
187,273
279,225
248,289
303,176
214,160
267,253
178,327
38,278
163,118
165,326
38,220
221,212
46,289
141,104
211,156
229,330
262,152
48,20
272,135
38,265
293,196
107,317
109,81
203,148
39,223
24,76
42,26
38,38
258,159
167,123
171,124
198,280
184,310
129,93
25,156
45,289
105,78
270,243
36,111
219,210
38,256
296,191
91,28
44,289
250,285
194,142
85,18
86,309
237,311
311,159
22,86
320,141
143,104
36,150
227,334
233,320
66,301
265,144
214,349
184,341
24,201
80,307
216,166
234,205
291,203
93,43
238,198
77,305
242,189
171,308
151,335
102,315
269,245
220,210
148,108
252,168
40,146
187,136
209,155
35,44
40,33
259,266
99,75
264,148
93,36
248,179
215,188
273,235
152,110
252,167
77,12
169,315
209,156
67,10
32,56
251,172
251,285
215,196
234,319
116,322
160,331
87,309
215,181
273,236
34,105
197,144
36,274
327,123
40,128
225,335
26,206
194,351
302,115
30,210
196,289
215,178
243,298
38,146
40,248
113,83
51,293
19,195
40,135
221,344
278,129
138,329
