166,129
49,227
194,342
220,332
58,19
292,180
252,266
164,305
63,290
37,158
132,105
80,298
208,170
136,108
259,172
49,139
105,310
91,304
27,194
49,228
145,115
220,331
47,124
86,41
88,67
89,302
199,266
238,291
203,274
199,155
184,144
222,328
226,320
49,140
33,74
288,190
180,271
59,288
45,216
263,161
47,148
158,322
286,194
113,312
271,150
37,63
92,78
39,156
206,194
49,133
175,278
32,202
195,307
125,99
86,59
69,17
164,302
275,216
45,40
31,85
108,310
206,197
63,19
306,154
110,90
312,141
170,288
308,121
86,50
189,315
316,120
318,129
31,82
97,306
43,215
290,187
130,103
25,190
44,110
190,149
260,169
104,86
31,202
86,53
276,216
316,119
102,85
304,156
31,91
38,59
48,145
114,91
230,311
272,147
129,318
108,89
176,275
122,316
170,285
195,303
57,287
191,315
41,153
228,316
301,162
125,318
236,300
260,247
264,242
47,260
256,257
150,119
154,122
57,288
243,205
31,161
217,336
218,334
181,143
203,293
206,185
278,209
228,315
84,32
236,299
45,150
46,220
188,264
249,270
232,306
88,59
182,270
37,206
204,287
295,176
247,198
67,17
180,141
207,163
47,223
267,157
216,217
90,69
192,311
267,234
141,322
41,99
95,304
242,283
244,203
305,121
218,336
257,254
208,209
189,337
298,168
45,119
135,320
69,294
162,309
254,183
283,133
39,53
244,280
196,155
94,80
41,100
277,139
167,294
45,112
214,338
126,101
57,21
262,243
192,150
264,238
47,280
213,213
45,274
318,127
160,318
268,234
147,117
296,174
49,29
35,94
162,129
19,175
208,207
280,204
233,217
214,341
310,119
284,200
88,302
77,297
80,24
45,267
156,325
208,179
51,28
310,145
193,307
35,71
19,180
211,211
131,319
205,284
187,330
194,152
49,240
284,199
237,214
56,286
61,19
118,95
172,137
193,308
174,278
74,17
151,119
281,204
201,293
205,277
187,323
266,235
49,233
195,342
214,214
34,159
219,332
99,306
317,130
174,281
21,170
208,180
83,298
49,145
251,189
226,318
28,163
47,129
49,226
302,123
234,302
292,181
239,211
314,134
195,153
199,268
164,306
96,306
302,160
164,129
37,157
222,326
24,190
208,171
136,109
49,138
105,309
231,219
188,321
133,320
266,157
74,296
47,127
86,46
88,68
274,220
52,25
184,145
21,188
299,125
33,73
288,191
212,342
158,323
286,195
314,136
37,62
92,79
43,216
206,195
49,132
32,92
20,184
43,105
134,320
195,306
198,344
83,31
31,199
86,56
164,303
311,119
296,127
45,39
31,84
206,202
63,18
300,123
194,264
303,158
110,91
312,142
22,167
43,110
170,289
37,95
202,158
86,51
206,162
316,121
142,112
43,214
44,216
248,270
33,92
72,17
290,184
241,209
39,98
43,103
104,87
199,344
294,180
304,157
31,90
183,143
186,145
82,30
230,308
34,204
289,188
37,65
297,172
42,47
211,342
176,276
82,25
78,21
57,286
166,294
223,324
134,106
191,314
47,33
158,124
250,270
51,284
125,317
165,300
101,308
309,146
256,258
154,123
155,123
275,143
243,204
85,300
178,139
218,335
203,292
206,190
279,139
84,33
146,115
45,149
232,307
93,79
193,342
88,60
223,219
84,40
180,142
43,43
47,222
212,212
267,156
234,217
297,127
192,264
54,23
41,98
301,123
189,336
298,169
45,118
69,293
162,306
126,99
57,19
40,53
241,286
212,211
244,281
45,280
195,266
160,312
94,81
245,203
258,252
45,111
214,339
57,20
169,133
192,151
264,239
45,273
318,124
198,155
199,299
36,159
296,175
35,65
110,312
19,174
96,81
186,264
280,205
265,159
224,320
269,155
77,296
80,25
151,326
45,266
156,326
148,117
225,219
233,304
35,70
19,183
40,155
21,167
300,162
91,303
131,318
205,283
187,333
194,153
49,247
237,213
120,316
272,220
152,119
62,19
174,279
169,290
205,276
187,322
47,251
49,232
214,215
255,179
239,213
80,23
248,195
46,122
178,274
127,318
119,95
302,158
21,169
259,169
208,181
282,202
48,249
283,200
49,144
160,125
251,188
254,262
226,319
47,128
49,225
234,303
292,182
239,210
314,135
273,220
203,287
153,121
302,161
222,327
208,172
49,137
32,79
105,308
231,218
163,129
20,171
187,336
27,196
224,219
47,126
86,47
88,69
21,187
208,163
261,167
299,124
229,312
263,163
158,320
286,192
314,137
37,61
249,191
256,177
258,173
206,192
180,272
253,187
188,336
43,104
312,119
31,198
86,57
75,296
276,212
206,344
45,38
31,87
206,203
261,169
306,152
53,23
188,148
33,203
106,310
287,192
37,94
202,159
294,178
86,48
206,163
31,92
142,113
90,302
190,264
248,271
290,185
165,129
241,208
43,102
188,147
33,204
316,130
191,311
277,212
78,298
207,344
304,158
216,336
82,31
49,283
53,25
152,326
230,309
105,87
37,64
203,344
166,300
208,344
200,268
240,286
176,277
49,284
86,300
291,184
76,20
166,295
134,107
299,168
158,125
190,338
125,316
117,93
101,307
198,301
150,117
270,228
219,217
76,19
275,142
208,342
243,207
31,163
270,151
218,332
206,191
279,138
246,278
84,34
260,248
261,246
263,242
232,308
73,17
242,286
82,298
193,341
123,97
88,61
34,73
182,268
130,318
84,41
162,312
180,143
313,119
43,42
212,213
297,126
174,137
123,316
168,290
95,306
39,209
45,117
135,322
232,217
69,292
162,307
79,298
283,135
126,318
90,74
39,55
171,135
244,282
45,279
210,342
318,122
160,313
199,301
245,202
111,91
258,253
45,110
137,322
25,194
47,282
131,320
45,272
318,125
51,25
268,228
199,298
306,121
19,177
96,82
186,265
280,206
300,164
265,158
48,282
106,87
224,321
313,138
23,165
207,184
269,154
237,294
45,265
173,137
35,73
19,182
131,103
208,184
120,95
138,322
300,163
91,302
205,282
187,332
26,194
47,253
49,246
266,238
308,146
255,181
292,129
132,320
269,228
272,221
257,175
152,120
118,93
205,275
187,325
44,151
47,250
49,239
32,161
195,344
139,109
289,131
255,178
239,212
41,53
170,134
171,284
48,33
302,159
71,294
21,168
208,182
26,165
282,203
83,300
121,97
156,123
160,126
251,191
226,316
47,131
49,224
215,215
234,300
83,299
292,183
249,195
33,159
185,145
91,75
222,324
42,214
208,173
49,136
315,134
45,220
263,165
200,155
86,44
238,294
274,218
204,159
81,25
21,186
208,164
261,166
33,79
263,162
47,145
303,123
158,321
286,193
271,147
37,60
280,137
65,291
204,344
206,193
253,186
240,209
43,107
264,161
177,139
276,213
189,319
45,37
65,292
31,86
197,303
142,111
206,200
261,168
306,153
110,89
188,149
230,312
33,202
36,65
294,179
167,131
316,132
176,137
86,49
293,180
282,135
253,262
205,344
248,272
22,188
27,163
92,304
166,298
316,131
179,141
216,337
61,290
82,28
49,282
53,24
73,295
60,288
158,123
240,287
37,208
114,312
155,326
176,278
190,315
73,296
159,318
270,226
76,21
185,266
117,314
192,340
47,35
203,289
84,36
250,268
101,306
173,282
47,257
183,268
154,121
262,165
275,145
208,343
243,206
31,162
218,333
38,208
206,188
278,212
84,35
236,294
115,313
260,249
99,83
210,210
293,127
98,306
146,326
245,199
66,17
193,340
231,308
88,62
182,269
298,172
247,195
307,150
60,19
43,45
39,57
297,125
209,342
87,301
168,291
79,23
191,339
107,310
53,286
200,297
39,208
45,116
201,270
314,119
283,134
251,266
52,284
90,75
39,54
45,278
318,123
103,85
160,314
35,205
70,294
199,300
245,201
196,344
19,171
258,250
276,141
208,203
25,193
262,246
111,312
45,271
268,229
272,224
128,101
35,67
19,176
58,288
96,83
24,165
280,207
300,165
265,157
112,312
224,322
265,238
234,304
269,153
308,148
45,264
189,264
245,278
197,344
35,72
55,21
240,288
278,139
120,96
145,326
205,281
187,335
23,189
47,252
49,245
85,41
194,151
308,147
255,180
41,51
268,155
272,222
257,174
152,121
175,137
305,154
132,103
208,176
290,129
166,130
205,274
187,324
119,315
135,107
49,238
214,213
144,113
289,130
41,52
115,93
170,135
178,272
226,219
227,219
41,214
187,147
208,183
259,171
64,17
282,200
294,127
160,127
251,190
254,260
226,317
47,130
49,231
140,109
234,301
220,328
249,194
86,42
88,64
252,262
203,273
148,326
222,325
208,174
49,143
157,123
45,219
263,164
124,97
200,156
86,45
271,149
274,219
257,177
101,85
21,185
208,165
261,165
33,78
67,292
41,47
242,207
37,59
203,271
293,129
65,290
206,198
48,224
158,318
253,185
75,19
184,266
312,138
116,314
43,106
46,37
30,163
213,342
97,83
33,161
276,214
189,318
100,306
172,282
318,130
49,33
31,81
197,302
187,264
206,201
284,133
288,192
306,150
290,188
202,157
294,176
316,133
191,264
176,138
31,201
86,54
271,224
206,161
248,273
114,92
166,299
216,338
116,93
61,289
82,29
207,203
73,294
241,207
170,286
217,217
202,344
47,37
46,280
259,250
209,209
281,137
109,312
270,227
133,105
134,105
47,34
122,97
36,206
203,288
206,186
278,210
228,312
84,37
250,269
236,296
47,256
275,144
256,254
206,189
246,276
247,197
236,295
309,119
115,312
260,250
210,211
90,70
235,217
244,278
242,284
88,63
273,147
204,160
118,314
45,122
162,310
43,44
39,56
50,284
87,300
220,217
168,292
191,338
53,285
204,274
45,115
201,269
309,121
47,224
90,72
163,306
235,215
298,125
45,277
160,315
35,204
42,102
245,200
35,93
258,251
77,21
208,204
214,342
127,101
182,143
25,192
168,131
45,270
51,27
268,230
128,102
112,91
310,146
35,66
200,344
19,179
221,328
280,208
300,166
224,323
205,287
187,329
23,167
49,243
284,196
269,152
308,149
45,263
287,131
193,311
74,18
19,184
240,289
120,97
215,338
145,325
205,280
187,334
23,188
47,255
49,244
266,236
255,183
238,213
41,50
44,41
64,290
29,198
272,223
257,173
193,264
174,282
252,187
197,155
201,344
208,177
254,258
201,297
166,131
187,327
119,314
47,132
49,237
285,196
144,114
289,129
178,273
252,264
161,312
147,326
41,213
259,170
208,168
282,201
50,29
254,261
49,230
140,110
220,329
249,193
86,43
88,65
252,263
203,272
295,127
208,175
49,142
161,127
288,188
25,165
45,218
124,98
307,121
200,157
292,184
47,123
271,148
238,292
274,216
257,176
72,294
92,76
21,184
208,166
265,161
49,135
33,77
47,147
195,305
55,286
202,293
35,159
164,300
40,210
203,270
293,128
149,326
154,326
172,284
121,316
92,75
39,155
206,199
189,149
63,17
304,123
158,319
253,184
143,324
184,267
312,139
170,290
43,109
84,300
291,129
227,316
29,163
33,160
235,300
276,215
189,317
172,283
49,32
31,80
197,301
306,151
39,97
65,17
255,258
294,177
316,134
176,139
31,200
86,55
59,19
304,154
31,89
186,146
279,208
248,274
114,93
27,165
181,270
166,296
61,288
82,26
281,135
78,22
170,287
191,313
47,36
41,155
84,31
31,79
281,136
264,240
109,311
153,326
270,224
296,176
243,203
137,109
178,140
162,127
109,89
203,291
206,187
189,321
278,211
246,274
228,313
84,38
246,199
250,266
87,59
70,17
236,297
146,116
76,296
48,132
47,259
311,142
232,304
285,133
256,255
43,153
246,277
247,196
197,266
47,221
267,155
216,215
286,133
90,71
235,216
244,279
141,324
274,145
310,142
242,285
191,340
305,123
273,146
204,161
298,170
45,121
162,311
94,304
43,47
100,84
177,274
39,59
195,265
196,153
220,218
41,102
168,293
277,141
53,284
39,210
43,151
45,114
288,131
201,268
309,120
100,83
90,73
317,121
45,276
318,121
160,316
268,232
296,172
104,308
49,31
250,191
35,92
19,173
208,205
300,168
144,324
42,153
262,244
49,249
236,215
168,132
45,269
51,26
268,231
287,133
128,103
35,69
19,178
300,167
224,324
205,286
187,328
23,166
247,274
49,242
284,197
269,151
308,150
45,262
102,308
113,91
193,310
179,272
74,19
55,23
240,290
46,149
229,219
230,219
145,324
54,286
201,295
205,279
187,321
119,316
47,254
49,235
68,17
266,237
255,182
202,270
41,49
29,197
38,157
41,211
208,178
251,187
254,259
201,296
187,326
49,236
144,115
239,209
170,133
136,322
193,151
196,303
252,265
164,304
302,162
37,159
41,212
132,104
208,169
259,173
136,107
231,217
107,87
27,195
49,229
140,111
220,330
249,192
47,125
88,66
199,267
238,290
184,143
299,123
49,141
33,75
288,189
180,270
45,217
47,149
124,99
314,138
47,122
30,198
271,151
238,293
274,217
228,219
92,77
39,157
208,167
265,160
49,134
194,307
33,76
38,96
95,81
47,146
195,304
158,324
286,196
36,94
124,316
86,58
164,301
45,41
40,98
206,196
253,183
184,268
129,103
312,140
43,108
315,119
189,316
318,128
46,261
31,83
290,186
39,96
149,117
25,191
81,298
104,85
196,266
86,52
304,155
31,88
186,147
27,164
230,310
166,297
98,83
139,322
68,292
108,88
201,157
150,326
176,274
239,290
243,282
82,27
78,23
170,284
191,312
108,87
56,21
221,219
41,154
222,219
141,111
260,246
264,241
47,261
109,310
256,256
150,118
270,225
275,141
140,322
178,141
159,125
203,159
203,290
278,208
189,320
206,184
246,275
228,314
84,39
279,137
250,267
236,298
146,117
45,151
47,258
89,69
232,305
218,217
138,109
37,207
43,152
247,199
115,314
43,41
210,209
47,220
216,216
141,323
310,143
95,305
242,282
305,122
273,145
93,304
208,208
189,338
298,171
45,120
135,321
162,308
43,46
100,85
39,58
62,290
195,264
196,154
87,302
37,96
220,219
41,101
168,294
277,140
34,92
258,254
45,113
126,100
262,242
192,149
47,281
198,266
45,275
318,126
160,317
268,233
35,206
199,297
143,113
296,173
49,30
162,128
19,172
186,266
208,206
66,292
103,308
214,340
262,245
49,248
71,17
128,318
77,298
168,133
45,268
28,196
156,324
51,29
287,132
142,324
310,144
35,68
19,181
205,285
187,331
191,149
49,241
284,198
237,215
45,261
118,94
172,136
193,309
55,22
201,294
205,278
205,161
23,190
266,234
47,249
49,234
195,343
255,177
41,48
29,196
157,324
94,79
172,135
174,280
21,171
41,210
225,320
282,204
