44,117
41,13
31,6
5,31
45,111
5,57
35,132
5,74
36,8
45,35
5,84
45,61
39,11
45,78
5,24
45,104
5,34
45,28
14,8
5,93
45,54
5,103
45,71
41,127
16,7
45,97
17,6
7,15
5,43
5,53
34,133
45,21
5,70
45,47
8,127
5,96
45,64
42,126
40,11
45,90
44,120
18,135
5,20
45,116
5,62
35,8
32,134
5,79
45,40
5,105
38,9
5,115
30,5
45,83
44,119
7,125
5,29
6,18
29,135
45,109
19,6
5,39
5,72
45,33
5,82
11,131
45,59
12,132
27,136
6,122
30,135
45,76
31,134
45,102
43,122
7,16
5,32
43,16
8,14
9,128
45,26
10,12
38,130
5,91
12,10
45,52
12,131
5,101
6,125
45,69
45,95
5,41
22,5
5,51
44,18
5,68
45,45
5,110
25,136
15,133
42,124
45,88
44,122
42,15
22,135
45,114
5,60
5,77
45,38
33,133
5,87
5,113
45,81
5,27
45,107
16,134
5,37
32,6
33,7
45,31
23,135
37,9
11,10
5,80
45,57
27,5
45,74
45,100
43,124
5,46
18,6
44,21
9,13
23,5
45,24
5,89
45,50
13,9
5,99
37,131
24,136
45,67
45,93
5,23
5,49
19,135
35,7
5,66
39,130
45,43
5,108
38,10
5,118
30,6
45,86
44,116
41,14
45,112
5,58
20,6
35,133
5,75
13,132
45,36
23,136
5,85
45,62
45,79
5,25
45,105
5,35
41,128
45,29
5,94
45,55
5,120
45,72
29,5
45,98
17,7
5,44
5,54
45,22
14,133
5,71
45,48
8,126
26,136
5,97
45,65
40,129
45,91
18,134
5,21
5,63
5,64
45,41
5,106
25,5
5,116
45,84
44,118
41,12
5,30
45,110
5,56
21,5
5,73
36,9
45,34
5,83
45,60
15,7
39,10
45,77
31,135
6,20
45,103
43,123
7,17
5,33
21,135
43,17
8,13
9,129
45,27
14,9
5,92
12,9
45,53
5,102
6,124
45,70
41,126
45,96
5,42
5,52
44,17
10,129
5,69
39,129
45,46
5,111
40,12
45,89
44,121
28,136
42,14
45,115
43,15
5,61
5,78
45,39
33,134
5,104
5,114
45,82
5,28
28,135
6,19
45,108
5,38
45,32
34,7
11,11
5,81
11,130
45,58
6,123
45,75
28,5
45,101
5,47
8,15
44,20
45,25
38,131
5,90
45,51
5,100
45,68
45,94
5,40
5,50
44,19
20,135
5,67
45,44
24,5
5,109
42,125
5,119
45,87
45,113
5,59
20,5
5,76
45,37
5,86
45,63
5,112
45,80
7,126
5,26
6,17
45,106
5,36
17,134
33,6
45,30
5,95
45,56
36,132
5,121
6,121
45,73
45,99
5,45
5,55
9,12
10,130
45,23
10,11
14,132
8,128
5,88
45,49
15,8
36,131
5,98
45,66
40,128
45,92
5,22
5,48
5,65
45,42
5,107
26,5
15,134
5,117
45,85
