11,39
8,35
18,22
23,37
21,21
25,31
23,22
26,28
22,37
25,32
8,40
20,38
8,28
24,33
24,22
26,25
25,23
8,36
23,36
8,24
25,30
15,23
20,21
9,40
8,32
12,24
23,21
8,29
24,34
24,23
17,23
22,38
21,38
9,24
15,39
8,37
22,21
19,21
8,25
25,29
10,40
13,24
26,26
8,33
24,32
10,39
19,39
12,25
14,24
16,23
25,25
14,39
10,24
8,30
24,35
17,22
13,39
18,39
8,38
18,21
8,26
25,28
15,24
8,34
26,27
19,38
17,39
25,24
12,39
10,25
8,31
24,36
8,39
8,27
11,25
16,39
