28,132
27,46
23,60
16,130
8,63
34,52
13,70
35,41
17,131
33,41
16,47
30,51
17,46
18,45
40,66
8,107
13,58
37,13
32,113
8,113
22,65
9,123
8,87
41,118
12,69
18,112
28,32
18,10
42,31
23,19
25,125
36,41
34,41
31,51
37,44
19,122
42,57
16,60
11,15
13,13
32,110
24,59
14,50
41,85
9,124
24,132
8,94
21,68
19,44
34,108
20,47
27,60
18,107
19,18
8,45
23,40
21,8
8,51
19,131
42,32
20,132
42,74
38,60
10,19
39,57
28,98
20,71
27,132
42,84
14,53
37,128
41,94
10,125
8,69
15,48
36,107
28,24
17,110
41,96
24,40
29,29
28,54
27,43
16,20
40,17
8,58
41,44
20,122
24,125
16,42
35,129
42,53
24,99
38,55
12,62
8,102
33,98
8,76
28,23
24,47
23,64
8,82
25,46
41,115
29,48
18,119
16,11
23,62
39,64
28,43
17,10
41,21
29,42
36,44
34,44
35,49
27,124
13,129
8,109
17,70
13,56
32,115
42,70
31,120
9,121
25,55
8,89
37,127
26,52
41,116
31,9
29,9
11,127
28,34
42,29
25,67
26,65
35,54
42,39
16,62
22,100
14,129
37,52
36,128
26,21
41,91
35,98
25,56
8,64
17,107
26,63
20,41
27,62
18,105
21,44
28,57
8,47
25,68
40,44
8,53
15,64
42,46
36,56
13,42
42,72
10,17
16,68
15,20
8,97
17,74
28,124
35,107
41,92
42,82
18,70
8,71
15,50
27,8
17,108
29,27
20,48
25,43
32,51
14,71
29,53
30,42
28,46
8,60
41,18
40,57
26,125
18,46
42,51
38,53
8,104
28,123
11,21
41,69
27,22
23,100
8,78
39,14
22,66
15,130
41,111
9,118
8,84
26,43
41,113
27,34
18,117
30,45
24,70
33,45
19,121
42,58
16,57
38,44
36,52
8,111
39,41
13,54
32,117
40,108
12,13
16,72
25,19
23,125
26,8
25,53
8,91
21,71
17,112
20,44
12,65
27,59
38,107
39,123
21,132
9,43
42,27
25,65
23,47
8,48
35,56
42,37
16,48
36,51
21,124
42,79
14,12
10,20
25,20
21,102
19,74
41,89
32,98
40,121
10,126
8,66
19,48
38,98
9,44
10,43
8,55
15,66
42,44
34,129
16,55
36,58
17,54
32,10
37,59
32,131
42,54
33,130
16,70
8,99
41,66
33,109
42,80
8,73
21,73
22,73
31,118
29,25
9,115
23,71
28,50
26,46
18,131
18,120
33,48
23,61
38,127
8,62
22,18
31,45
29,45
18,18
42,23
33,42
40,59
17,47
42,49
40,65
34,11
8,106
13,59
20,74
32,112
38,13
25,8
8,112
13,21
22,64
41,109
14,42
9,116
8,86
30,9
41,119
12,68
27,36
18,115
39,124
31,42
42,30
31,48
42,56
16,59
29,122
14,11
12,128
19,71
32,109
24,58
41,86
8,93
21,69
19,45
41,120
12,67
27,61
18,106
21,47
8,44
22,44
42,25
23,41
21,9
15,71
8,50
42,35
17,51
42,77
10,18
15,11
39,62
41,95
14,52
40,123
10,124
8,68
15,49
17,111
28,31
41,97
24,39
29,30
27,50
25,38
23,72
26,37
32,48
16,19
40,16
21,18
8,57
17,18
17,52
20,103
18,51
42,52
14,21
38,54
12,61
8,101
39,55
24,8
40,98
27,21
8,75
15,62
30,98
28,22
15,129
9,113
25,47
8,81
39,107
29,49
18,118
16,10
38,125
23,63
28,42
34,53
41,22
13,69
32,45
17,130
30,48
18,42
27,125
38,41
8,108
39,44
13,57
37,12
26,99
32,114
26,132
31,121
9,122
8,88
41,117
18,113
28,33
42,28
23,18
26,64
35,55
42,38
23,8
16,61
10,15
37,53
11,14
13,12
26,20
32,111
24,60
14,51
25,57
15,42
8,95
26,62
18,104
28,56
8,46
23,43
25,69
8,52
15,65
42,33
34,130
12,42
19,104
42,75
38,61
10,16
8,96
39,56
28,99
41,93
42,85
8,70
30,121
31,117
17,109
37,98
29,28
39,108
28,55
14,70
29,54
33,51
40,18
8,59
41,19
20,123
17,42
35,11
18,49
42,50
24,100
12,63
36,12
8,103
38,14
12,21
8,77
39,15
37,107
9,119
8,83
41,114
27,35
33,52
18,116
19,9
41,20
24,69
34,45
22,8
16,56
25,99
13,128
36,11
23,132
8,110
13,55
32,116
42,71
22,68
30,132
9,120
25,54
8,90
39,98
26,53
29,8
11,126
12,64
22,41
20,9
18,9
42,26
23,44
25,66
41,39
37,41
11,42
42,36
36,50
22,101
42,78
36,129
41,90
8,65
19,49
34,107
20,42
12,127
28,58
26,38
10,42
8,54
41,40
15,67
19,132
42,47
16,54
36,57
32,9
22,124
37,60
27,99
42,73
33,131
16,69
8,98
17,73
41,67
42,83
18,71
8,72
39,16
21,74
31,119
34,98
24,43
29,26
28,49
29,52
33,49
38,126
22,132
34,54
8,61
32,42
15,72
29,46
42,22
40,58
41,59
42,48
40,64
34,10
8,105
13,60
29,98
41,68
8,79
22,67
41,110
30,131
9,117
8,85
28,8
41,112
27,37
18,114
29,132
39,125
34,49
35,44
24,71
30,52
19,120
35,50
42,59
16,58
39,40
13,53
29,123
24,19
42,69
40,109
12,14
16,73
23,124
41,87
24,57
8,92
21,70
31,131
19,42
36,98
26,51
41,121
12,66
27,58
22,47
42,24
40,40
8,49
15,68
42,34
21,123
19,103
42,76
38,62
10,21
39,63
21,101
31,98
41,88
40,122
18,74
8,67
30,122
28,30
25,132
41,98
27,51
25,39
23,73
21,41
20,18
8,56
17,19
42,45
17,53
37,58
20,102
18,50
33,10
14,20
42,55
12,60
8,100
33,108
42,81
8,74
15,63
29,24
9,114
8,80
