33,117
64,91
33,140
44,128
33,122
43,136
50,111
75,104
35,107
33,111
37,142
58,98
42,142
69,90
84,111
45,128
31,129
39,98
84,90
46,127
77,89
33,112
55,93
54,101
44,133
50,112
36,140
46,128
41,95
31,126
65,96
84,113
55,100
40,142
37,100
72,89
81,114
41,97
84,108
39,97
31,132
84,95
46,120
48,119
71,100
52,103
33,115
56,98
54,102
33,138
42,137
51,94
49,114
77,107
31,125
82,118
84,118
67,96
78,89
37,103
84,97
74,89
84,92
52,105
48,116
51,106
32,136
50,107
61,91
62,91
46,95
42,138
51,93
77,110
58,93
68,91
84,107
84,102
60,91
50,95
73,101
59,92
33,116
72,100
44,129
33,121
50,108
35,106
33,110
37,141
69,89
83,89
81,118
54,93
84,104
31,128
84,91
46,124
59,91
33,119
76,89
44,134
50,113
35,105
53,102
76,106
84,114
37,99
59,96
84,109
41,96
47,120
31,135
46,121
65,91
33,114
56,99
70,98
33,137
50,114
77,106
35,140
37,102
43,95
84,98
61,96
71,89
84,93
52,106
46,122
48,117
79,114
33,125
48,120
79,111
80,114
44,136
42,95
42,139
77,109
84,116
34,109
84,103
34,140
73,100
80,89
68,98
63,96
48,114
38,142
79,113
44,130
33,120
50,109
56,93
74,104
75,106
35,109
33,109
37,140
58,96
42,140
63,91
81,117
84,105
31,131
84,100
69,98
46,125
73,103
71,99
33,118
82,89
44,135
33,123
50,110
47,95
75,105
35,104
52,93
84,115
60,96
57,98
69,91
84,110
39,99
31,134
36,103
84,89
46,126
33,113
56,100
54,100
33,136
44,132
81,89
78,110
35,103
31,127
73,89
84,112
57,93
67,98
64,96
31,136
37,101
62,96
81,115
84,99
73,104
31,133
84,94
49,95
46,123
38,99
48,118
70,89
52,102
33,124
83,118
79,110
33,139
32,125
66,91
67,91
42,136
51,95
77,108
48,95
79,89
84,117
67,97
53,93
84,96
66,96
52,104
48,115
45,95
79,112
44,131
50,106
39,142
41,142
35,108
58,97
40,97
42,141
81,116
84,106
44,95
31,130
84,101
75,89
73,102
71,98
59,93
