75,208
79,205
72,205
55,240
80,208
54,241
43,214
51,206
43,219
52,243
43,236
51,244
84,209
79,208
56,233
83,210
68,205
54,242
43,213
51,205
72,208
50,244
43,230
60,216
82,205
49,243
58,219
43,235
65,205
74,205
56,230
57,205
45,210
66,209
43,229
64,211
56,240
58,220
56,227
70,205
53,205
62,205
70,208
66,210
43,223
60,215
45,239
49,244
43,224
56,237
76,208
60,205
81,208
56,224
43,218
60,212
45,242
47,242
67,208
84,210
48,242
56,234
75,205
84,205
44,211
73,208
43,212
63,212
43,217
49,242
58,216
43,234
56,231
50,207
71,205
64,205
45,209
63,205
56,205
43,211
43,228
44,238
77,205
64,212
58,221
43,233
56,228
82,210
71,208
48,207
47,207
52,205
43,222
45,238
62,212
43,227
77,208
56,238
66,205
58,222
56,225
58,205
47,209
67,205
61,212
43,221
60,213
45,241
68,208
43,238
81,205
56,235
84,206
81,210
73,205
56,222
78,208
54,205
74,208
54,240
43,215
51,207
43,216
52,242
58,217
43,237
84,208
56,232
57,222
69,205
78,205
53,242
43,231
58,218
43,232
76,205
59,216
46,242
56,229
59,205
45,211
66,208
43,226
52,244
64,210
56,239
56,226
83,205
55,205
47,208
46,209
69,208
43,220
60,214
45,240
65,210
43,225
61,205
56,236
84,207
80,205
81,209
56,223
49,207
