130,392
296,363
64,625
85,388
168,378
224,194
225,546
318,26
232,258
220,182
39,420
31,547
358,12
269,106
56,468
38,595
223,605
230,202
187,350
225,458
379,160
17,424
273,393
40,428
239,217
42,432
225,571
79,384
210,305
265,407
266,111
304,353
379,17
109,392
27,445
227,197
246,148
30,544
325,326
38,586
223,602
297,362
10,430
381,111
54,480
311,345
375,188
14,455
89,390
54,403
275,98
387,51
225,572
210,296
175,623
118,623
176,375
33,466
70,386
34,566
254,127
38,589
99,625
244,433
205,314
230,258
37,482
225,565
210,291
23,501
250,237
35,475
34,561
180,366
373,225
225,477
285,379
363,273
238,254
276,98
24,507
387,33
244,225
225,590
192,332
250,133
247,229
250,244
145,384
277,387
188,623
373,234
29,451
302,46
381,122
132,391
225,470
282,90
237,166
21,426
242,252
387,38
225,583
267,403
239,439
319,26
30,540
185,623
263,116
11,426
302,49
235,254
201,623
381,115
54,460
225,495
153,378
333,315
256,125
241,164
42,415
387,47
78,625
383,81
20,426
147,623
225,262
283,383
163,623
369,262
32,556
55,463
225,480
248,138
283,86
39,486
225,593
192,337
51,492
52,486
253,419
383,94
371,245
52,405
237,442
385,79
32,547
16,472
213,620
71,386
54,478
225,505
228,453
247,427
68,388
347,10
111,392
116,392
44,413
387,29
46,439
249,246
50,449
231,258
326,18
22,428
371,250
316,28
190,343
263,409
130,623
347,296
385,64
207,623
212,279
268,110
234,209
36,581
365,271
41,489
225,498
12,432
219,617
113,625
303,355
269,399
200,319
92,392
337,311
328,14
373,215
212,286
31,460
16,470
323,328
55,474
225,523
229,451
12,431
14,447
72,386
290,73
309,347
238,164
313,339
295,62
28,525
375,204
216,619
379,137
16,461
18,481
272,103
38,425
225,524
319,334
178,369
219,615
182,361
308,42
76,625
20,486
381,129
313,340
27,450
270,106
40,599
385,58
226,171
65,625
376,185
287,376
363,14
58,397
373,217
375,197
379,142
225,517
233,447
125,623
20,493
225,195
280,93
196,324
342,303
382,107
40,606
222,191
296,61
150,381
316,32
209,621
307,351
53,404
110,625
272,395
26,512
173,378
375,194
194,330
377,167
379,135
236,209
225,542
122,623
224,173
331,316
208,311
281,90
52,456
383,96
223,609
232,204
54,623
184,356
115,623
59,625
26,523
377,168
379,156
295,367
26,442
225,535
135,390
25,437
226,197
317,335
197,324
383,105
204,314
294,65
370,14
324,22
258,123
28,529
230,168
377,177
379,149
375,208
238,216
225,552
211,621
220,184
192,623
134,390
246,155
48,446
320,25
214,271
109,625
223,599
357,285
177,623
41,431
85,387
224,195
242,222
367,14
225,545
154,623
318,27
48,619
289,375
220,183
37,583
99,392
170,623
246,146
56,469
38,592
223,604
230,203
236,166
225,457
339,10
340,305
327,323
19,425
40,429
42,612
42,433
202,318
225,570
210,302
265,406
379,16
27,444
246,149
30,545
217,619
126,623
325,325
74,625
38,587
275,391
297,361
10,431
381,110
54,481
311,344
79,625
351,289
375,191
14,452
89,389
54,400
387,50
244,156
225,563
210,297
286,82
251,425
113,392
349,295
154,378
228,197
335,313
33,465
214,272
70,387
34,567
218,264
274,102
372,239
373,231
36,572
199,623
314,32
225,475
61,394
243,433
358,281
15,455
37,481
24,501
225,564
210,288
262,409
250,234
35,474
180,367
135,623
246,429
373,224
196,623
36,571
310,36
225,476
285,378
361,12
24,508
387,32
225,589
192,333
46,408
248,229
251,423
185,354
101,392
233,256
30,538
250,245
373,233
29,450
302,47
381,121
54,458
291,369
257,417
225,469
245,431
239,252
206,314
225,582
387,41
193,330
267,402
239,438
266,403
30,541
331,14
137,390
107,625
381,114
345,299
54,461
225,494
333,314
256,126
39,488
387,46
48,496
286,78
161,378
186,354
294,62
371,239
369,255
27,523
283,382
369,261
31,464
32,557
271,395
40,488
225,487
280,385
136,390
248,139
227,455
245,433
247,429
198,324
387,23
225,592
192,338
52,487
383,89
371,244
377,16
52,406
306,44
237,441
238,441
385,78
81,386
356,12
301,359
267,110
32,548
16,473
72,625
213,619
54,479
225,504
68,389
350,10
387,28
44,414
48,494
46,617
371,253
316,29
190,340
354,287
263,408
385,71
207,622
212,272
50,621
16,464
36,582
365,270
41,488
332,12
80,386
225,497
322,22
12,433
14,437
219,616
45,439
120,392
303,354
337,310
286,377
328,15
373,214
212,287
31,463
16,471
161,623
225,522
12,424
14,444
290,70
381,135
309,346
238,165
62,392
329,319
96,392
87,625
222,264
385,81
44,613
373,223
174,623
28,526
375,207
379,136
16,462
18,478
36,478
257,415
225,515
105,392
219,614
381,128
346,297
20,487
52,621
40,600
385,57
366,14
26,518
136,623
373,216
375,196
158,378
225,516
354,10
265,112
233,446
105,625
280,94
196,325
40,607
222,188
296,62
307,350
26,513
374,209
377,166
236,210
259,413
225,541
329,321
384,20
187,623
223,174
25,435
224,174
331,319
246,142
122,392
52,457
309,38
203,623
383,99
204,316
223,608
351,10
232,205
184,357
26,520
338,307
377,175
379,159
180,623
237,213
238,214
223,262
295,366
225,534
266,112
68,625
165,623
25,436
383,104
204,315
222,174
98,392
119,392
258,120
28,530
377,176
379,148
238,217
40,416
242,164
225,559
262,116
279,387
220,185
246,152
48,447
320,26
214,268
56,463
357,284
85,386
377,185
250,425
242,223
225,544
227,260
210,308
48,620
289,374
220,176
246,147
32,464
288,74
56,470
38,593
223,607
224,599
343,299
14,450
327,322
19,424
40,430
42,613
225,569
79,386
210,303
265,405
330,14
27,447
45,617
217,618
325,324
38,584
10,428
270,399
381,109
240,217
375,190
14,453
89,388
54,401
387,53
244,157
225,562
210,294
301,50
251,424
368,263
349,294
22,500
335,312
228,198
264,407
33,464
34,564
218,265
75,384
242,435
373,230
233,166
162,378
36,573
314,33
225,474
282,86
271,104
37,480
57,623
24,502
42,416
225,587
298,54
210,289
341,303
141,386
236,443
365,14
293,369
246,228
250,235
35,477
255,126
373,239
29,456
359,12
381,127
310,37
225,467
315,337
285,377
363,275
238,252
24,509
387,35
225,588
337,10
192,334
46,409
248,230
251,422
264,112
250,242
30,539
82,625
373,232
124,623
381,120
346,10
54,459
219,264
292,66
257,416
166,623
225,468
245,430
282,88
242,250
387,40
225,581
298,56
341,305
90,390
143,623
117,623
126,392
159,623
369,259
345,298
381,113
271,397
132,392
225,493
333,313
374,16
86,388
198,322
23,429
286,79
383,83
294,63
77,384
369,260
169,378
102,392
32,558
240,252
224,262
225,486
227,454
248,140
194,623
245,432
247,428
355,285
14,424
225,172
244,248
225,599
387,22
192,339
50,452
57,398
383,88
370,255
371,247
254,128
385,77
301,358
156,623
32,549
16,474
237,254
54,476
225,511
172,623
68,390
233,449
387,31
48,495
326,16
371,252
316,30
190,341
56,398
385,70
350,293
170,378
212,273
16,465
36,583
365,269
241,252
169,623
332,13
225,496
322,23
12,434
14,442
308,38
221,185
245,248
59,396
337,309
222,262
131,623
226,262
373,213
212,280
69,625
31,462
16,456
18,484
218,617
225,521
156,378
12,425
178,372
14,445
290,71
381,134
309,345
310,345
23,433
62,393
249,134
51,453
361,279
367,265
385,80
44,614
373,222
28,527
375,206
379,139
16,463
18,479
43,493
80,625
225,514
243,162
281,385
198,623
52,622
270,104
255,417
40,601
385,56
222,186
296,56
84,386
339,305
26,519
375,199
236,212
273,102
38,422
225,539
230,451
233,445
166,378
314,339
81,625
372,16
196,326
383,101
222,189
194,328
377,165
379,153
236,211
259,412
225,540
359,279
217,266
329,320
331,318
25,434
227,170
45,410
246,143
383,98
313,34
223,611
47,443
232,206
284,82
184,358
115,625
26,521
300,50
28,532
377,174
379,158
238,215
225,533
231,449
226,195
232,166
35,571
383,107
222,175
53,484
258,121
64,392
28,531
304,44
377,183
379,151
364,14
40,417
150,623
225,558
262,117
279,386
246,153
214,269
215,619
56,464
94,392
357,283
123,392
343,301
336,10
377,184
242,220
225,551
261,411
67,625
48,621
265,403
289,373
220,177
246,144
288,75
56,471
223,606
229,201
230,201
349,10
225,463
320,331
195,326
14,451
146,382
202,316
40,431
42,610
61,625
225,568
210,300
265,404
379,18
22,498
27,446
49,621
217,617
34,570
325,323
38,585
275,393
385,22
332,315
10,429
381,108
240,218
188,346
351,291
375,185
387,52
244,158
225,561
210,295
286,80
349,293
22,501
317,337
155,378
246,226
228,199
160,623
179,368
35,471
34,565
274,100
95,625
77,625
373,229
176,623
231,203
36,574
225,473
226,457
243,435
282,87
66,392
305,353
24,503
153,623
225,586
298,55
221,264
293,368
355,11
45,496
246,229
138,623
34,470
35,476
235,443
277,391
298,361
373,238
321,24
29,455
125,392
381,126
292,68
225,466
51,621
234,256
363,274
238,253
42,607
24,510
387,34
44,436
225,579
192,335
248,231
186,350
260,118
264,113
228,258
250,243
30,536
180,368
33,559
381,119
291,371
292,67
189,623
208,621
225,491
282,89
245,429
205,623
242,251
206,312
44,435
225,580
387,43
336,311
341,304
383,85
283,379
182,623
369,258
11,431
32,552
345,297
381,112
271,396
225,492
248,134
198,323
91,391
23,428
249,233
92,625
383,82
239,441
186,352
371,241
385,75
32,559
164,623
54,474
225,485
371,15
227,457
214,619
311,36
387,25
244,249
225,598
192,340
50,453
362,12
383,91
371,246
306,42
385,76
301,357
32,550
16,475
54,477
239,164
225,510
233,448
12,436
387,30
46,442
52,488
252,128
326,17
115,392
371,255
316,31
190,346
337,307
56,399
385,69
212,274
16,466
36,576
75,625
24,434
332,14
225,503
133,390
138,390
12,435
177,372
14,443
308,39
240,437
312,34
299,54
337,308
251,132
341,10
268,401
287,375
222,263
44,616
278,94
373,212
249,427
139,388
212,281
31,457
16,457
17,477
18,485
225,520
12,426
381,133
200,623
23,432
50,494
361,278
164,378
129,392
40,595
367,264
222,176
44,615
373,221
212,288
375,201
379,138
43,492
225,513
319,331
328,321
182,364
281,384
103,625
52,453
52,623
270,105
40,602
385,63
222,187
296,57
16,424
234,166
307,347
26,516
78,384
375,198
377,163
103,392
16,455
108,392
236,213
37,479
38,423
225,538
359,281
183,623
20,488
69,388
383,100
348,10
117,392
174,378
284,84
90,625
317,28
300,52
194,329
377,164
379,152
129,623
259,415
225,531
206,623
119,623
74,386
145,623
246,140
223,610
229,258
232,207
284,83
184,359
115,624
60,394
300,51
28,533
377,173
379,145
348,295
225,532
158,623
22,494
25,442
232,167
383,106
362,275
84,625
304,45
379,150
377,182
40,418
242,162
225,557
144,384
289,371
73,625
39,427
212,621
56,465
383,19
357,282
343,300
18,424
242,221
225,550
261,410
210,306
289,372
220,178
246,145
288,76
56,472
223,601
171,623
240,164
386,53
188,348
225,462
351,293
14,448
146,383
19,426
202,317
42,611
148,623
225,575
210,301
292,369
366,269
22,499
176,372
50,447
70,625
344,299
34,571
38,590
220,613
385,21
275,392
10,426
228,168
381,107
54,484
240,219
188,347
351,290
321,331
252,421
53,623
244,159
225,560
210,292
286,81
317,336
246,227
250,238
33,470
35,470
34,562
274,101
373,228
215,268
36,575
163,378
221,613
352,289
225,472
243,434
88,625
305,352
325,18
384,81
24,504
225,585
250,134
146,384
355,10
45,495
228,260
250,233
364,273
277,390
373,237
29,454
234,254
381,125
292,69
152,378
225,465
315,339
47,619
91,392
24,511
387,37
44,437
225,578
353,287
248,232
184,623
186,351
260,119
264,114
228,259
250,240
30,537
95,392
100,392
302,50
381,118
53,457
54,457
291,370
225,490
206,313
243,250
387,42
340,10
383,84
98,625
369,257
334,12
32,553
307,42
380,135
271,399
225,483
316,337
248,135
232,449
198,320
91,390
56,623
39,485
23,431
248,246
383,93
239,440
186,353
371,240
245,156
385,74
54,475
225,484
371,14
227,456
355,287
315,32
244,250
210,621
225,597
387,24
50,450
287,78
383,90
371,249
306,43
149,623
385,67
301,356
212,276
30,456
32,551
16,476
225,509
12,437
199,320
93,392
46,443
52,489
142,623
252,129
371,254
47,408
56,400
148,382
385,68
212,275
268,106
16,467
323,327
36,577
330,319
225,502
14,440
290,74
312,35
48,408
49,494
87,388
44,617
226,260
278,95
373,211
249,426
212,282
31,456
16,458
18,482
38,426
42,492
244,160
225,527
319,333
49,406
178,370
162,623
181,364
182,362
382,18
381,132
221,176
313,343
243,223
27,449
178,623
361,277
40,596
367,267
226,172
85,625
363,13
58,398
277,96
155,623
373,220
375,200
379,141
234,207
305,351
18,477
225,512
140,623
280,90
48,406
52,454
255,419
40,603
385,62
296,58
150,382
339,307
378,161
96,625
26,517
121,623
377,162
378,16
375,193
342,10
37,478
38,420
44,494
225,537
82,386
137,623
357,12
359,280
20,489
331,315
208,308
383,103
385,55
284,85
60,396
278,96
300,53
194,326
377,171
379,155
112,392
183,360
97,625
259,414
225,530
213,272
333,12
246,141
241,437
294,66
121,392
231,168
216,266
184,360
258,124
60,395
28,534
377,172
379,144
238,213
295,363
225,555
140,386
231,451
22,495
25,441
48,443
232,168
34,559
233,207
360,12
324,18
304,46
377,181
40,419
224,192
242,163
225,556
43,613
232,256
144,385
220,180
224,191
324,327
56,466
383,18
357,281
343,303
58,624
43,435
273,395
42,434
225,549
261,409
210,307
234,445
220,179
27,443
335,311
246,150
30,546
288,77
56,473
223,600
54,482
55,400
188,349
225,461
351,292
83,625
14,449
114,392
42,608
387,49
225,574
210,298
343,10
22,496
260,411
176,373
289,74
34,568
38,591
385,20
10,427
228,169
141,623
202,623
321,330
375,187
235,166
54,404
37,484
225,567
151,380
210,293
376,16
88,388
179,623
134,623
250,239
33,469
195,623
35,473
34,563
180,364
274,98
373,227
28,450
221,612
241,219
225,479
66,390
276,96
24,505
42,431
171,378
225,584
192,330
111,625
93,625
228,200
45,494
250,246
30,535
35,478
235,445
277,389
373,236
29,453
234,255
381,124
292,70
152,379
225,464
315,338
21,428
387,36
44,438
225,577
248,233
267,401
160,378
239,437
203,316
62,625
264,115
250,241
30,542
328,16
334,10
381,117
54,462
276,391
386,22
225,489
25,511
387,45
172,378
245,225
383,87
283,381
369,256
63,625
104,392
32,554
144,623
271,398
293,66
225,482
248,136
360,279
198,321
39,484
23,430
225,595
248,247
302,355
52,484
253,421
383,92
371,243
385,73
353,10
290,371
225,507
355,286
108,625
387,27
225,596
353,289
46,618
50,451
371,248
142,386
147,382
385,66
207,621
301,355
212,277
268,108
16,477
365,273
41,491
225,508
14,438
44,410
173,623
299,361
46,440
303,353
52,490
252,130
269,401
312,343
189,346
190,344
338,10
212,284
13,424
16,468
268,107
36,578
41,492
278,387
225,501
63,392
138,388
229,453
14,441
19,485
220,264
238,166
97,392
312,36
118,392
191,340
361,275
367,269
60,625
91,625
55,623
116,623
226,261
373,210
249,425
212,283
31,459
16,459
106,392
18,483
127,392
235,209
381,18
38,427
244,161
225,526
335,10
319,332
178,371
219,613
182,363
308,40
381,131
369,14
223,191
23,434
313,342
27,448
299,359
375,16
50,492
323,22
361,276
40,597
367,266
149,382
363,12
373,219
375,203
379,140
94,625
43,494
225,519
261,118
157,378
222,611
244,223
280,91
48,407
52,455
255,418
40,604
385,61
222,185
296,59
339,306
307,349
26,514
83,386
29,535
375,192
377,161
306,351
38,421
186,623
225,536
20,490
208,309
383,102
241,435
385,54
174,376
284,86
201,318
184,354
257,124
327,16
300,54
194,327
377,170
379,154
295,365
225,529
140,388
74,384
21,493
25,439
106,625
200,320
241,436
216,267
324,20
308,347
58,623
41,416
281,383
28,535
377,179
379,147
159,378
326,323
225,554
140,387
231,450
258,415
25,440
48,444
383,20
175,376
285,82
324,19
377,180
40,420
224,193
225,547
232,257
144,386
220,181
151,623
246,156
176,376
345,10
56,467
38,594
167,623
343,302
58,625
274,393
297,56
225,459
379,161
89,625
128,623
327,321
273,394
40,427
42,435
242,219
225,548
79,385
210,304
318,28
266,110
279,94
27,442
190,623
46,496
246,151
30,547
288,78
325,327
56,474
131,392
223,603
297,363
373,16
211,288
247,140
54,483
188,350
225,460
375,189
14,454
54,402
42,609
387,48
225,573
210,299
76,384
22,497
176,374
33,467
34,569
218,266
254,126
38,588
228,170
311,343
314,34
321,329
284,379
375,186
110,392
37,483
225,566
210,290
86,625
352,10
246,225
157,623
47,496
250,236
33,468
35,472
70,388
34,560
180,365
38,583
274,99
373,226
221,611
310,38
225,478
66,391
276,97
24,506
244,224
225,591
65,392
46,410
192,331
250,132
51,406
305,44
251,421
259,120
228,201
246,248
355,12
318,335
123,623
235,444
277,388
373,235
104,625
139,623
29,452
102,625
381,123
132,390
43,414
152,380
225,471
21,427
387,39
44,439
225,576
132,623
120,623
264,116
282,383
30,543
334,11
302,48
322,329
381,116
54,463
225,488
256,124
256,417
38,484
42,414
387,44
383,86
293,367
260,120
248,427
247,248
283,380
380,18
369,263
193,623
32,555
15,424
236,254
368,14
225,481
227,453
248,137
254,419
39,487
114,625
26,511
225,594
192,336
248,248
52,485
253,420
383,95
371,242
52,404
237,443
385,72
13,437
213,621
225,506
371,16
191,623
387,26
44,412
353,288
46,619
50,448
52,492
252,132
143,386
371,251
152,623
190,342
347,297
385,65
168,623
212,278
268,109
234,208
36,580
272,104
127,623
365,272
41,490
39,595
225,499
322,24
303,46
14,439
44,411
299,360
46,441
52,491
252,131
269,400
200,318
367,263
41,607
190,345
263,407
66,625
212,285
31,461
16,469
323,329
36,579
71,625
225,500
138,389
229,452
14,446
290,72
62,394
67,390
367,268
204,623
207,312
347,295
373,209
28,524
375,205
31,458
16,460
272,102
18,480
181,623
38,424
244,162
225,525
100,625
319,335
178,368
197,623
308,41
182,360
381,130
20,485
313,341
208,312
356,285
50,493
40,598
385,59
226,170
287,377
128,392
58,396
373,218
28,523
375,202
379,143
133,623
225,518
344,10
20,492
280,92
101,625
300,359
40,605
165,378
385,60
222,190
296,60
150,380
229,168
307,348
26,515
209,308
375,195
294,367
259,411
225,543
107,392
20,491
224,172
331,317
208,310
383,97
112,625
385,53
174,377
232,203
253,128
184,355
26,522
377,169
379,157
329,14
295,364
225,528
334,313
49,447
74,385
291,70
25,438
226,196
50,406
73,386
146,623
294,64
216,268
324,21
258,122
28,528
377,178
375,209
379,146
225,553
262,118
279,385
288,375
22,493
167,378
246,154
48,445
320,24
124,392
214,270
