253,146
56,444
338,295
284,367
216,589
252,411
183,376
295,354
63,477
216,508
234,432
366,205
370,176
245,170
355,19
344,288
309,51
372,152
219,298
83,618
47,592
216,596
227,267
63,474
49,418
232,265
175,614
305,56
366,212
370,171
191,358
70,395
75,393
151,387
156,385
31,500
362,256
219,291
352,278
373,128
47,601
230,267
216,603
378,61
237,262
25,481
61,483
79,393
141,395
287,97
366,223
368,202
370,162
207,323
318,322
49,609
301,69
243,257
29,497
30,481
222,450
150,389
43,573
64,401
315,326
51,611
216,546
89,399
378,68
327,310
226,445
337,19
213,315
216,465
368,193
33,491
288,93
332,302
259,131
28,476
31,506
219,305
293,85
216,553
325,31
237,173
275,112
65,399
249,218
376,25
216,472
88,397
253,408
236,432
248,414
179,381
253,222
380,29
289,90
185,614
59,454
331,22
242,423
263,127
28,475
201,614
240,204
349,17
216,560
358,266
199,345
328,308
274,381
27,488
302,343
51,414
216,479
236,431
364,244
132,616
225,269
171,386
264,394
66,618
250,255
34,493
325,314
57,495
238,430
77,393
259,241
170,387
188,614
298,348
82,618
211,319
310,49
187,371
355,274
216,567
358,269
199,342
336,299
364,243
38,542
45,584
262,397
33,510
57,496
334,19
232,437
241,204
42,503
216,574
362,254
199,335
27,486
364,234
312,331
37,535
185,374
257,235
252,253
380,42
53,439
59,493
205,326
207,614
219,285
374,108
216,517
39,554
267,390
51,501
257,236
62,616
229,179
285,97
253,226
380,33
330,307
247,416
374,103
360,263
216,524
178,383
202,329
111,401
313,330
39,547
278,377
243,210
249,255
143,394
37,537
229,188
47,421
344,287
253,251
142,395
259,237
174,615
301,346
194,353
161,616
97,618
374,126
216,531
240,425
41,566
25,473
370,155
227,181
319,39
339,294
353,19
247,257
215,312
329,26
75,618
138,397
374,113
216,538
303,63
288,364
347,17
368,186
314,330
244,210
67,398
196,349
34,518
257,247
316,41
47,427
231,190
268,388
360,19
218,458
327,28
55,443
55,614
350,280
277,109
280,372
334,300
61,460
216,481
245,213
376,81
35,523
149,389
372,133
286,365
216,488
125,616
181,379
182,379
97,401
376,88
377,78
361,260
197,347
59,406
370,23
372,140
209,614
233,194
234,173
253,159
53,413
219,454
281,372
230,177
216,576
340,292
306,340
235,198
364,21
255,139
61,616
211,612
158,616
216,495
134,399
376,95
358,19
269,119
57,447
295,77
372,139
321,37
29,492
174,385
251,164
253,152
54,614
326,310
216,583
36,497
239,202
62,479
63,471
216,502
74,393
249,165
376,102
73,394
57,448
313,46
244,421
372,146
253,145
216,590
195,351
237,200
183,379
63,476
216,509
234,433
366,210
93,618
258,404
370,177
260,400
192,614
245,169
344,289
309,50
369,178
151,389
123,399
219,301
47,595
216,597
235,173
367,23
61,489
49,417
324,314
346,286
366,213
370,168
48,428
106,616
345,17
33,518
31,503
362,257
219,290
155,385
47,600
320,320
339,19
216,604
378,58
237,261
242,208
25,480
61,482
287,96
366,220
368,203
370,163
207,322
318,323
49,608
48,419
301,68
332,304
29,496
30,486
31,508
160,385
222,451
187,367
43,572
51,610
216,547
378,69
38,497
57,616
298,73
216,466
92,618
292,356
368,194
123,616
332,303
28,477
139,616
290,362
54,499
219,304
40,499
293,84
314,43
216,554
378,76
325,30
110,401
43,578
249,217
216,473
88,398
362,21
257,135
248,415
282,370
138,616
380,30
289,89
74,618
56,497
145,391
95,399
246,420
263,126
267,123
216,561
86,396
358,267
199,344
328,309
39,499
350,17
228,440
287,95
364,245
293,356
45,590
264,395
233,265
180,381
254,145
259,240
298,349
211,318
55,497
41,501
132,399
187,370
61,405
63,401
157,385
216,568
199,337
353,276
336,300
364,236
60,616
45,583
264,125
33,509
251,255
380,44
58,495
81,393
232,438
268,121
162,385
255,251
374,106
216,575
362,255
199,334
65,401
48,503
364,235
312,332
37,534
185,373
257,234
87,618
380,43
53,438
59,492
205,325
104,616
193,614
307,55
272,115
219,284
332,21
136,397
374,109
216,518
310,334
24,472
39,549
142,616
229,178
377,25
52,413
253,225
380,34
139,397
219,277
169,616
360,264
216,525
200,614
39,546
52,501
57,409
37,536
152,387
229,187
47,420
53,440
259,236
63,617
299,69
321,318
374,127
216,532
240,426
311,49
41,565
25,472
26,470
227,180
370,152
49,607
356,272
52,614
319,38
380,48
55,616
350,278
136,616
247,256
103,401
215,315
164,385
329,25
248,167
374,118
216,539
303,62
291,85
368,187
257,246
96,399
247,215
47,426
360,20
268,389
218,459
55,442
350,281
277,108
280,373
334,301
61,459
206,614
244,171
216,482
289,362
368,178
26,472
245,212
372,23
376,82
35,522
372,134
308,336
250,412
305,340
255,141
216,489
238,261
256,404
376,89
197,346
252,161
270,117
372,141
321,35
233,193
231,175
253,158
36,530
53,412
236,263
216,577
340,293
255,138
239,204
294,356
100,616
51,433
216,496
212,612
376,96
269,118
57,446
372,148
321,36
29,491
253,151
326,311
130,399
311,332
225,446
338,298
216,584
223,271
63,470
266,123
216,503
359,266
165,616
73,393
313,45
244,422
372,147
30,498
317,41
47,597
216,591
195,350
237,199
183,378
63,479
49,431
216,510
286,97
324,316
366,211
169,387
151,616
370,174
344,290
309,49
239,261
167,616
151,388
270,388
219,300
60,405
227,444
47,594
85,395
285,366
216,598
254,408
61,488
227,269
49,416
324,315
366,218
370,169
46,503
251,221
100,401
357,270
33,517
31,502
219,293
292,85
320,321
47,603
339,18
216,605
378,59
36,495
261,398
61,481
63,461
248,216
216,460
305,55
365,21
366,221
368,204
370,160
134,616
191,361
301,67
52,436
70,618
332,305
243,259
30,487
222,448
43,575
322,33
51,613
175,385
216,548
198,345
378,66
275,109
153,616
216,467
292,357
184,614
366,228
368,195
260,398
279,105
59,451
259,133
246,418
28,478
233,175
219,307
40,500
293,83
188,367
351,278
216,555
378,77
325,29
67,618
265,392
249,216
216,474
88,399
255,406
248,416
282,371
32,508
179,383
380,31
267,122
241,208
223,448
216,562
86,397
91,399
328,310
27,490
228,441
287,94
364,246
147,616
45,589
264,396
34,491
163,616
238,428
259,243
320,318
102,401
224,271
61,404
216,569
199,336
315,41
27,483
281,105
303,342
379,52
364,237
185,371
117,616
45,582
33,508
251,254
380,45
328,27
95,618
255,250
42,501
374,107
231,438
216,512
161,385
362,252
309,334
65,400
364,228
37,533
185,372
257,233
380,36
53,437
59,495
205,324
307,54
219,287
255,227
194,614
216,519
39,548
210,614
49,503
230,438
51,503
35,529
87,397
57,407
37,542
229,177
322,318
253,224
380,35
96,618
139,396
273,115
127,616
219,276
48,604
49,415
68,397
214,612
216,526
360,265
357,19
41,563
116,401
314,326
370,158
57,408
365,228
85,618
47,423
229,186
218,454
167,387
259,239
63,616
172,385
127,399
255,145
329,23
374,124
375,102
216,533
217,311
113,616
240,427
311,48
41,564
25,479
26,471
278,374
370,153
49,606
356,273
375,23
189,367
47,428
380,49
55,444
350,279
209,319
300,69
215,314
329,24
374,119
233,436
216,540
162,616
72,395
163,385
238,173
368,188
312,47
314,328
257,245
247,214
232,192
360,21
268,390
218,456
277,107
278,107
280,374
54,440
61,458
209,321
216,483
290,89
76,618
368,179
243,171
26,473
245,211
333,21
376,83
35,525
198,614
272,382
372,135
231,177
326,314
308,337
366,22
115,616
230,188
250,413
235,195
255,140
129,616
294,354
216,490
145,616
256,405
41,559
81,618
118,401
356,270
376,90
197,345
342,292
372,142
321,34
233,192
251,161
253,157
53,411
296,352
216,578
340,294
306,338
100,617
51,432
216,497
23,469
376,97
269,117
57,445
241,424
313,43
295,79
372,149
29,490
253,150
336,19
47,591
283,99
216,585
63,465
216,504
234,436
165,385
335,300
313,44
324,31
270,386
55,409
317,40
47,596
216,592
378,54
254,406
237,198
39,543
63,478
301,63
49,430
216,511
366,208
258,402
370,175
215,608
109,616
33,515
177,614
362,260
219,303
202,614
79,618
216,599
297,77
61,487
227,268
346,284
366,219
370,166
32,488
160,616
251,220
201,333
33,516
253,161
219,292
43,569
155,387
47,602
320,322
216,606
378,56
61,480
63,460
193,357
216,461
221,271
366,226
370,161
45,503
191,360
47,503
301,66
40,554
332,306
243,258
104,401
30,484
125,399
222,449
43,574
51,612
216,549
378,67
216,468
292,358
368,196
260,399
50,432
256,137
59,450
77,618
259,132
246,419
176,614
28,479
231,192
31,487
233,174
290,360
199,614
219,306
40,501
293,82
43,567
245,420
216,556
86,395
378,74
276,109
78,618
216,475
364,248
166,386
179,382
235,432
124,616
216,563
281,103
228,442
302,346
364,247
45,588
247,255
214,315
238,429
259,242
320,319
55,499
61,403
63,403
216,570
199,339
311,47
27,482
281,104
318,39
231,265
364,238
221,275
352,19
45,581
380,46
182,614
59,489
261,131
137,397
302,63
106,401
107,616
219,281
255,229
374,104
216,513
362,253
323,33
364,229
256,230
37,532
148,391
257,232
65,618
229,183
380,37
53,436
59,494
205,323
299,73
156,616
219,286
291,358
255,226
172,616
214,610
216,520
310,332
203,329
39,551
246,169
230,439
51,502
35,528
37,541
216,608
273,114
219,279
239,173
374,122
360,266
216,527
369,23
41,562
25,469
314,327
370,159
50,503
329,308
115,401
354,276
229,185
47,422
363,21
218,455
259,238
299,71
50,610
255,144
43,503
133,399
319,322
304,340
374,125
216,534
217,310
240,428
203,327
25,478
278,375
227,182
120,401
49,605
356,274
189,366
247,216
35,495
307,338
380,50
176,385
108,401
71,618
186,614
82,394
374,116
216,541
308,53
291,87
368,189
314,329
35,519
367,204
218,457
121,616
61,457
137,616
135,397
209,320
279,374
262,129
216,484
368,180
333,20
99,401
245,210
376,84
342,290
35,524
272,383
258,245
372,128
231,176
308,338
366,23
235,194
255,143
294,355
216,491
256,406
41,558
242,259
300,346
356,271
376,91
69,397
295,81
117,401
372,143
247,167
321,33
253,156
296,353
212,317
84,618
216,579
306,339
242,171
100,618
51,435
216,498
144,393
187,614
376,98
122,401
218,307
57,444
203,614
295,78
372,150
228,179
229,267
253,149
58,616
338,296
47,590
216,586
252,408
89,618
63,464
216,505
366,206
101,616
190,614
190,363
270,387
219,297
347,284
240,173
44,578
317,39
47,599
216,593
378,55
361,21
342,17
254,407
39,542
297,75
63,473
49,429
305,59
251,412
366,209
258,403
370,172
101,401
191,357
250,220
201,331
374,128
33,514
53,501
219,302
47,604
216,600
378,62
53,614
297,76
61,486
62,460
193,355
346,285
366,216
370,167
118,616
32,489
201,332
131,399
168,387
276,378
119,401
30,482
343,290
253,160
219,295
43,568
155,386
88,618
216,607
378,57
226,446
63,463
193,356
216,462
341,292
366,227
191,363
301,65
252,222
30,485
31,505
316,324
284,368
216,550
378,64
275,111
216,469
368,197
279,107
32,487
59,453
331,21
242,424
259,135
135,616
246,416
233,173
290,361
293,81
43,566
216,557
378,75
271,115
274,382
280,105
228,444
51,413
216,476
364,249
166,387
171,385
34,494
380,25
216,564
358,270
56,616
199,341
281,102
228,443
364,240
45,587
262,398
259,245
371,152
55,498
241,207
63,402
263,129
216,571
199,338
315,43
27,485
62,403
340,17
90,399
364,239
221,274
45,580
284,99
380,47
261,130
164,616
219,280
255,228
374,105
105,401
216,514
362,250
93,399
39,553
323,32
235,265
364,230
37,531
229,182
380,38
299,72
330,308
371,23
360,260
214,611
216,521
310,333
203,328
39,550
278,378
243,209
210,612
250,165
143,393
37,540
186,371
349,282
173,385
322,316
149,616
131,616
226,269
273,113
219,278
374,123
216,528
41,561
370,156
235,263
240,261
257,249
351,19
229,184
380,52
224,446
63,618
299,70
374,114
304,341
216,535
217,309
25,477
26,469
49,604
67,397
269,388
129,399
189,365
231,189
380,51
222,271
259,400
44,503
82,395
374,117
216,542
158,385
107,401
303,59
291,86
368,190
376,78
178,614
35,518
286,366
64,618
112,401
80,618
61,456
216,485
368,181
333,19
300,348
376,85
342,291
35,527
59,405
154,387
372,129
84,395
247,169
326,312
69,618
235,197
255,142
140,395
216,492
220,275
41,557
300,347
376,92
69,396
96,400
295,80
372,136
29,495
251,163
253,155
220,452
296,354
216,580
239,201
51,434
216,499
23,471
376,99
146,616
372,151
121,401
253,148
338,297
283,101
216,587
252,409
63,467
216,506
234,434
109,401
366,207
370,178
206,323
317,324
232,175
200,333
309,53
29,481
270,384
219,296
55,411
221,452
47,598
216,594
378,52
183,375
114,401
297,74
63,472
192,357
49,428
305,58
366,214
258,400
370,173
126,616
201,330
276,380
33,513
362,258
53,500
219,289
352,276
216,601
378,63
148,616
61,485
193,354
179,614
366,217
368,200
370,164
98,618
207,321
32,490
195,614
251,222
276,379
30,483
31,499
219,294
296,350
43,571
66,399
216,544
378,70
38,498
63,462
213,317
216,463
111,616
366,224
257,137
191,362
301,64
145,393
123,401
31,504
141,616
316,325
284,369
51,614
216,551
378,65
271,117
275,110
43,577
376,23
46,590
216,470
239,428
368,198
279,106
59,452
259,134
246,417
263,125
28,473
290,358
229,440
216,558
378,72
348,282
241,173
350,18
216,477
343,17
364,250
225,271
264,392
34,495
289,93
380,26
298,350
356,19
211,317
144,616
187,369
216,565
234,265
199,340
281,101
302,344
143,616
364,241
45,586
228,267
159,616
126,399
204,327
259,244
71,395
241,206
189,614
208,614
263,128
374,23
216,572
199,333
205,614
315,42
27,484
231,267
364,232
221,273
45,579
283,370
266,390
380,40
91,618
59,491
261,129
219,283
244,257
374,110
216,515
362,251
42,566
24,469
39,552
235,264
364,231
37,530
338,19
285,99
380,39
258,135
260,131
360,261
214,608
216,522
108,616
39,545
243,208
210,613
35,530
37,539
257,231
266,392
322,317
253,253
237,430
130,616
60,489
374,120
216,529
217,307
41,560
25,475
370,157
227,179
173,616
257,248
224,448
296,77
354,274
337,298
319,37
177,385
224,447
59,616
174,616
374,115
304,342
216,536
303,61
288,362
217,308
368,184
25,476
189,364
47,425
231,188
341,17
110,616
218,460
55,441
308,334
350,282
195,353
72,618
215,311
334,302
335,19
216,543
140,616
291,89
368,191
27,473
299,348
376,79
323,31
35,521
294,81
149,391
327,27
282,101
238,200
257,404
61,455
135,399
216,486
181,381
368,182
41,555
376,86
103,616
197,349
35,526
372,130
247,168
287,364
326,313
272,384
366,21
78,393
153,387
83,395
345,286
235,196
255,137
122,616
265,125
216,493
183,614
41,556
376,93
69,395
269,121
273,382
96,401
372,137
228,182
28,480
29,494
251,162
253,154
220,453
241,261
216,581
94,618
239,200
63,469
216,500
23,470
249,167
376,100
124,399
57,450
372,144
253,147
236,173
338,294
283,100
284,366
216,588
195,349
252,410
128,616
183,377
354,19
63,466
105,616
216,507
234,435
379,25
366,204
245,171
159,385
309,52
94,399
275,380
348,17
171,616
373,23
270,385
219,299
55,410
184,375
47,593
216,595
378,53
54,411
37,497
297,73
63,475
154,616
49,419
305,57
76,393
113,401
258,401
366,215
370,170
170,616
191,359
201,329
274,113
58,450
33,512
31,501
362,259
53,499
219,288
352,277
243,422
339,17
216,602
378,60
237,263
25,482
61,484
193,353
68,618
366,222
368,201
370,165
49,610
32,491
98,401
29,498
196,614
31,498
296,351
43,570
216,545
378,71
38,499
226,444
213,316
216,464
73,618
146,391
366,225
368,192
257,136
318,324
145,392
123,400
31,507
359,19
222,452
316,326
284,370
216,552
378,78
271,116
147,391
348,284
241,171
275,113
26,482
43,576
249,219
376,24
216,471
368,199
120,616
282,372
157,616
253,223
380,28
289,91
331,23
242,422
297,350
28,474
267,121
290,359
254,251
166,616
216,559
378,73
274,380
348,283
241,172
350,19
27,489
249,220
302,342
51,415
216,478
287,93
236,430
166,385
225,270
171,387
264,393
34,492
289,92
380,27
60,454
102,616
254,226
271,384
368,23
187,368
216,566
358,268
199,343
336,298
302,345
364,242
45,585
262,396
246,257
33,511
251,253
306,55
57,497
99,618
232,436
213,612
346,17
255,249
241,205
42,502
191,614
216,573
27,487
230,440
231,266
364,233
312,330
221,272
185,375
152,616
45,578
266,391
380,41
59,490
168,616
205,327
307,53
219,282
255,230
80,393
333,302
374,111
177,383
216,516
363,250
114,616
248,255
326,29
256,249
285,98
380,32
249,414
139,395
219,275
330,306
374,102
360,262
214,609
216,523
39,544
278,376
277,378
143,395
92,399
37,538
258,236
257,230
344,286
253,252
174,614
181,614
374,121
216,530
197,614
240,424
370,154
25,474
208,321
320,37
354,275
246,214
263,396
47,419
177,384
217,460
56,409
116,616
155,616
215,313
234,194
329,27
374,112
216,537
303,60
288,363
368,185
67,399
204,614
189,363
47,424
231,191
216,311
90,618
308,335
327,29
55,440
55,615
195,352
82,393
216,480
291,88
245,214
245,257
376,80
35,520
149,390
372,132
286,364
128,399
58,407
304,59
250,414
323,316
180,614
133,616
61,454
135,398
265,123
216,487
344,17
181,380
368,183
41,554
376,87
50,415
197,348
59,407
372,131
28,490
241,259
378,25
61,479
119,616
265,124
216,494
330,23
331,306
23,472
376,94
269,120
112,616
372,138
28,481
29,493
251,165
253,153
220,454
241,260
216,582
252,412
236,198
36,496
239,203
150,616
210,319
63,468
49,432
86,618
51,436
216,501
249,166
376,101
73,395
57,449
313,47
244,420
372,145
