9,173
38,199
114,140
34,191
62,201
98,203
150,79
97,82
111,201
113,151
149,49
116,132
59,131
120,191
14,150
6,211
10,158
101,223
144,10
145,11
46,216
49,223
56,194
24,151
89,227
25,150
84,113
109,32
152,105
40,142
81,223
125,119
151,96
112,20
150,70
118,129
113,17
50,234
32,188
151,94
149,58
116,131
26,250
100,69
8,181
32,146
10,153
102,222
101,216
117,130
126,119
110,26
148,33
48,185
6,236
100,212
146,11
13,150
44,212
136,13
148,117
68,210
112,200
107,41
114,164
152,112
52,189
98,227
116,198
118,127
34,177
71,212
63,203
73,122
71,123
50,229
129,14
151,87
56,132
33,178
149,67
98,76
47,242
8,188
139,117
148,40
113,155
110,29
116,176
44,181
147,21
47,216
111,24
100,211
42,179
44,211
104,51
28,251
90,106
7,203
92,100
127,9
29,148
113,160
123,121
150,80
93,96
9,170
36,250
10,161
101,224
116,8
115,170
98,206
150,74
118,181
99,226
77,119
101,202
61,200
113,156
149,54
147,26
120,186
55,194
6,222
75,216
5,226
46,215
8,239
38,144
51,136
78,119
113,200
107,39
7,192
41,206
93,95
92,99
13,243
95,89
91,105
39,201
68,125
151,101
150,77
97,80
37,199
72,213
118,5
81,117
113,149
149,63
116,134
99,70
46,244
6,209
148,36
10,156
78,221
6,235
49,221
42,207
94,94
109,30
152,107
11,153
44,245
149,116
48,240
55,133
49,137
139,11
96,83
7,237
151,98
63,204
19,150
50,232
100,226
75,121
109,201
82,116
149,56
33,191
151,88
27,250
135,117
8,183
148,35
102,220
79,222
65,206
147,14
7,191
41,177
100,214
114,200
34,251
35,251
65,127
15,150
118,194
51,188
7,204
42,208
52,191
35,193
86,112
59,199
91,103
140,11
96,227
141,10
9,167
45,214
86,227
38,201
115,8
41,142
32,181
50,227
10,164
149,65
42,141
98,74
133,14
8,190
17,149
127,118
43,180
113,153
134,13
148,42
147,23
141,117
47,218
117,179
105,46
106,45
5,231
90,227
104,53
10,242
69,211
61,129
105,48
7,197
52,134
123,5
8,240
49,187
92,102
124,6
127,11
119,126
125,7
122,123
151,112
115,134
9,168
114,145
131,117
134,117
53,191
62,202
48,218
98,204
115,172
9,178
95,227
150,72
40,176
49,238
108,201
148,49
113,146
22,249
119,5
147,28
149,52
120,188
46,243
6,220
99,202
148,31
64,204
74,216
75,218
5,224
99,208
7,194
108,34
62,129
45,183
87,112
152,102
50,187
43,246
34,193
105,202
17,246
39,203
41,248
43,140
11,243
72,122
46,139
112,17
18,150
37,197
32,185
137,117
151,93
149,61
99,72
6,215
8,178
148,38
10,154
102,219
116,174
6,233
79,118
111,22
83,115
37,176
146,12
85,226
94,92
9,240
152,109
114,169
7,209
48,242
18,247
142,10
96,85
34,178
128,12
50,230
116,6
151,90
149,70
33,189
35,177
100,65
45,245
8,185
100,202
148,45
115,198
147,16
76,218
135,13
6,224
88,109
137,12
7,206
32,251
101,63
35,195
138,11
106,202
120,124
102,60
129,118
39,249
103,57
42,248
113,163
95,87
93,99
9,165
113,14
50,225
10,162
32,183
131,14
114,13
124,120
118,182
36,197
40,203
49,235
119,183
113,159
147,25
55,193
6,219
117,177
101,215
106,43
5,229
48,138
51,135
7,199
108,37
88,227
121,123
150,114
117,197
103,54
151,114
115,136
98,208
150,84
9,174
80,223
21,150
114,143
115,174
48,220
98,202
150,78
9,176
133,117
49,236
118,6
149,50
147,30
120,190
6,210
36,176
99,210
119,192
43,210
45,181
121,124
23,249
25,151
94,91
109,33
89,107
47,184
147,117
152,104
87,227
38,249
125,120
151,97
53,134
112,19
57,195
118,128
32,187
20,150
151,95
149,59
99,74
100,68
97,78
6,213
8,180
76,120
60,130
101,217
79,221
39,176
117,131
101,64
147,13
148,32
54,193
38,143
27,150
13,151
136,12
121,5
15,149
68,209
148,116
89,108
152,111
114,167
83,226
98,226
66,207
102,59
116,197
82,225
71,213
22,151
57,196
128,14
73,214
50,228
74,121
129,15
145,117
149,68
33,179
16,149
100,67
47,243
8,187
76,119
119,184
43,179
148,47
134,14
110,28
147,18
44,180
47,217
15,244
111,25
88,111
42,178
104,50
7,200
101,61
107,202
30,148
119,125
29,149
12,243
104,202
113,161
16,246
58,197
9,171
93,97
143,10
150,83
10,160
101,225
114,11
115,171
33,180
118,180
40,205
61,201
113,157
149,55
25,249
23,151
77,219
147,27
6,217
57,131
75,217
106,41
5,227
40,249
8,238
67,207
78,118
7,193
41,207
84,226
130,117
143,117
36,145
46,184
50,188
93,227
13,244
115,138
9,172
114,141
68,124
150,76
44,140
97,81
113,150
144,117
116,133
99,71
59,130
38,176
10,159
78,220
20,247
101,222
144,11
57,132
6,234
49,222
58,131
79,117
119,194
111,21
56,195
64,127
103,202
84,114
109,31
152,106
40,143
114,170
96,82
70,212
151,99
80,117
112,21
44,139
150,71
113,16
50,235
100,225
34,145
151,89
149,57
27,251
100,70
8,182
32,147
117,129
148,34
24,249
33,146
110,27
147,15
48,186
142,117
50,223
41,178
100,213
44,213
51,189
112,201
107,40
114,165
7,205
52,190
67,126
12,152
138,12
102,57
50,136
69,124
140,10
73,121
63,202
45,215
115,9
38,200
50,226
151,86
56,133
132,14
149,66
118,179
98,77
8,189
17,150
119,186
127,119
113,154
148,41
116,177
147,20
45,139
105,47
26,150
106,44
104,52
118,196
90,107
105,49
7,202
12,151
46,183
92,101
64,128
103,53
127,8
119,127
122,122
151,113
31,147
115,135
150,81
9,169
36,251
54,133
114,144
114,9
115,173
98,207
150,75
49,239
140,117
148,48
113,147
22,248
149,53
147,29
120,187
6,223
5,225
99,209
107,38
29,251
30,251
7,195
41,205
43,209
108,33
62,128
93,94
43,247
34,192
95,88
87,111
91,104
38,250
114,139
91,227
43,141
70,211
151,100
46,138
37,198
70,124
72,214
32,184
81,116
113,148
149,62
99,73
6,214
148,37
10,157
102,218
146,117
6,232
49,220
27,149
111,23
120,5
85,227
9,241
109,29
152,108
11,152
114,168
83,225
44,246
48,241
49,136
18,246
96,84
7,236
136,117
128,11
50,233
75,120
151,91
33,190
8,184
148,44
119,191
102,221
20,248
65,205
115,199
110,25
147,17
7,190
74,215
65,126
118,195
114,163
7,207
42,209
94,227
86,113
107,201
126,8
59,198
60,200
28,149
91,102
31,148
14,244
58,198
9,166
45,213
113,15
50,224
32,182
41,141
131,15
114,12
149,64
36,196
98,75
148,43
113,152
147,22
6,218
117,178
105,45
53,192
106,42
5,230
48,137
69,210
90,105
7,196
52,135
108,36
48,239
49,186
67,208
60,199
110,201
103,55
127,10
125,6
123,122
97,227
115,137
9,175
80,222
81,224
114,142
48,219
98,205
150,73
9,177
36,195
40,177
49,237
70,123
113,145
21,248
149,51
147,31
120,189
6,221
64,205
99,211
119,193
43,211
108,35
45,182
150,116
94,90
37,144
47,185
152,103
66,126
95,90
37,250
39,202
42,247
132,117
11,242
72,123
151,102
112,18
32,186
34,146
151,92
149,60
97,79
6,212
8,179
148,39
10,155
60,129
101,218
101,65
116,175
35,145
54,192
5,232
83,114
146,13
39,143
94,93
68,208
89,109
122,5
114,166
7,208
152,110
67,125
66,206
102,58
126,7
82,224
7,238
96,86
22,150
57,197
128,13
47,138
73,215
50,231
116,7
138,117
82,115
149,69
33,188
151,85
35,176
100,66
45,244
98,78
117,6
8,186
130,15
119,185
148,46
147,19
76,219
15,245
114,199
31,251
88,110
104,49
85,113
7,201
101,62
129,117
35,194
120,125
102,61
103,56
92,227
113,162
95,86
150,82
16,245
93,98
9,164
54,134
113,13
10,163
124,121
114,10
33,181
40,204
119,182
102,202
113,158
25,250
147,24
77,220
6,216
101,214
19,247
63,128
128,118
5,228
40,248
10,241
107,37
7,198
33,251
123,6
36,144
150,115
117,196
115,139
150,85
