25,358
207,138
155,432
220,332
203,396
23,377
208,396
90,477
40,308
294,227
95,283
100,281
190,415
288,72
145,420
93,358
77,492
209,135
252,35
235,29
272,33
165,239
25,367
119,269
231,41
36,486
220,331
21,406
296,225
23,374
107,372
290,121
92,448
135,259
288,79
169,237
78,490
62,352
101,368
231,38
19,431
220,322
21,415
23,399
173,233
290,112
137,259
47,490
288,70
34,307
66,397
193,200
123,267
19,436
21,408
23,388
232,375
177,231
143,416
92,470
165,440
27,312
230,255
125,395
102,368
157,432
193,193
19,445
21,417
296,214
294,188
28,309
232,382
215,111
58,365
195,400
31,483
231,252
218,396
80,421
261,37
250,29
233,35
19,450
221,87
21,426
220,303
296,221
294,183
87,484
90,440
53,308
93,466
58,372
190,418
226,356
27,310
224,269
211,121
233,36
89,482
236,23
19,459
111,378
221,80
220,294
23,403
296,196
294,174
229,48
230,390
94,459
280,226
232,251
105,371
34,484
252,230
70,494
58,494
139,412
103,370
111,274
25,341
225,61
82,427
45,309
211,126
286,33
19,464
220,317
39,486
242,238
296,203
294,161
51,492
203,153
44,309
281,29
192,448
105,372
222,278
205,145
78,417
138,257
86,289
141,255
91,355
236,246
240,241
275,31
292,125
25,350
195,193
90,482
220,308
192,424
68,299
269,33
203,158
222,281
259,228
61,304
79,346
83,488
245,19
113,382
224,274
102,279
233,31
220,307
239,17
24,478
149,249
117,271
150,249
62,384
179,228
197,178
203,151
80,346
35,485
198,398
200,398
187,213
226,264
143,253
127,397
59,360
225,64
57,306
21,471
192,422
175,232
237,20
258,228
159,243
76,344
59,496
97,360
84,488
85,486
285,228
191,206
175,447
286,29
248,21
73,494
201,161
219,91
117,386
140,255
217,97
66,349
292,145
60,360
152,249
195,189
290,91
74,412
38,307
21,473
99,364
155,245
288,45
181,227
27,328
283,226
77,344
60,496
189,212
155,428
162,438
292,152
60,359
127,265
290,82
186,217
27,321
227,57
121,388
213,118
109,378
42,309
223,77
207,135
82,489
230,364
292,135
60,382
167,239
68,494
290,109
256,37
76,414
23,475
188,410
190,402
288,59
199,175
76,493
222,340
97,283
27,326
255,35
224,349
223,74
207,140
262,228
287,228
292,142
294,158
290,100
95,285
190,405
228,357
196,433
161,241
288,50
145,418
191,448
193,446
25,357
61,383
220,333
23,376
40,309
63,301
192,400
196,440
215,396
288,73
70,401
93,357
115,383
209,134
235,28
54,494
169,235
25,366
192,201
228,53
231,40
56,307
220,324
21,405
296,226
23,369
290,118
92,449
47,492
288,64
176,448
169,236
78,491
62,353
220,323
21,414
25,480
23,398
62,496
232,369
290,113
92,472
137,258
65,301
246,236
288,71
289,79
72,297
224,394
101,279
80,424
66,394
123,266
87,352
35,307
75,344
19,439
238,244
21,423
96,360
23,391
296,208
294,186
232,376
177,230
90,439
92,471
57,371
75,297
284,27
32,484
231,369
251,232
94,358
27,315
230,252
177,448
125,394
59,305
98,281
268,35
19,444
21,416
296,215
294,189
26,480
63,496
232,383
86,484
215,110
58,362
244,17
228,256
194,400
151,425
101,281
31,482
234,250
91,287
80,422
136,408
233,34
273,33
19,453
111,380
21,425
221,86
220,296
296,222
294,180
209,396
215,103
90,441
53,307
75,295
94,449
58,373
221,284
95,359
190,419
33,484
252,232
57,494
226,357
178,448
224,270
25,339
211,120
196,185
19,458
220,295
39,488
296,197
23,402
294,175
27,480
92,444
94,456
22,403
232,252
105,370
252,231
205,151
133,261
235,246
40,488
25,340
133,406
19,467
220,318
296,204
132,261
242,239
294,166
279,29
85,291
92,443
256,228
203,152
295,189
222,279
205,144
179,448
91,354
240,242
292,126
25,349
195,192
72,405
147,421
220,309
192,425
174,233
52,494
29,309
79,293
142,255
113,381
41,488
233,30
290,79
117,270
207,396
62,385
136,259
159,435
197,177
257,228
159,245
35,484
112,273
80,490
226,265
175,448
180,448
127,396
286,27
57,305
21,470
192,423
237,19
274,31
188,213
190,209
285,227
88,289
42,488
43,490
99,281
191,201
175,446
267,226
144,418
169,446
192,446
248,22
194,430
201,160
219,90
117,385
217,96
181,448
292,146
226,394
134,259
139,257
195,188
87,289
290,88
74,413
21,472
259,37
194,425
288,46
181,226
27,331
108,374
162,241
223,71
189,211
155,431
232,384
230,362
292,153
44,490
268,226
127,264
290,83
23,477
188,412
100,366
156,245
122,392
33,307
288,37
130,261
131,401
222,338
27,320
227,56
213,117
109,377
145,253
223,76
230,365
286,228
182,448
201,396
292,128
222,396
60,383
167,238
171,235
68,495
290,106
273,226
76,415
23,474
188,411
190,403
64,350
288,60
199,174
76,494
222,341
97,282
224,350
25,355
207,143
87,351
292,143
294,159
141,414
290,101
95,284
228,358
124,394
196,434
288,51
199,167
75,413
277,31
123,393
53,494
168,237
25,356
220,334
23,379
227,260
88,435
274,226
190,413
192,401
196,441
288,74
93,356
115,382
225,351
209,133
94,285
25,365
64,389
62,383
231,43
74,297
220,325
21,404
23,368
107,374
290,119
246,234
51,309
288,65
87,435
132,404
19,433
238,242
21,413
23,393
232,370
92,473
137,257
196,431
257,37
80,425
66,395
67,299
230,256
19,438
21,422
296,209
23,390
294,187
232,377
177,229
143,418
75,296
27,314
230,253
31,484
193,199
158,434
202,159
19,447
21,431
296,216
294,178
86,485
215,105
58,363
225,266
244,18
45,490
228,257
72,344
151,424
101,280
91,286
80,423
85,431
250,27
233,33
216,103
273,32
19,452
221,85
21,424
220,297
296,223
294,181
229,53
70,346
94,454
95,358
190,416
221,396
226,354
224,271
211,123
194,193
68,400
19,461
220,288
296,198
294,172
230,388
92,445
110,275
94,457
73,344
205,150
133,260
174,446
73,297
37,307
112,380
25,347
133,405
82,425
19,466
220,319
222,79
296,205
294,167
85,290
51,494
256,229
203,155
115,384
233,250
59,495
222,276
187,217
205,143
279,226
292,127
25,348
90,480
72,406
147,420
220,310
251,31
197,183
29,308
108,275
92,356
113,380
68,397
233,29
106,277
129,263
239,19
117,269
159,434
197,176
254,35
159,244
163,241
187,215
153,427
226,262
264,226
143,255
140,412
25,479
197,185
153,428
285,226
184,448
292,148
290,94
169,445
192,447
248,23
194,431
288,40
201,167
219,93
185,221
117,384
217,103
90,287
230,368
292,147
85,350
139,256
195,191
86,434
290,89
74,410
99,366
155,247
288,47
181,225
27,330
193,425
230,45
145,251
223,70
189,210
155,430
232,385
230,363
292,154
185,448
77,295
222,394
23,367
290,80
23,476
188,413
288,38
75,494
131,400
222,339
26,339
27,323
227,59
213,116
109,376
145,252
204,396
223,79
227,392
292,129
113,273
283,27
31,307
290,107
146,420
64,351
213,396
196,436
288,61
107,275
71,297
199,169
97,281
267,35
224,351
25,354
61,356
64,392
207,142
87,350
292,136
186,448
23,381
243,17
89,289
141,413
290,98
228,359
46,490
196,435
288,52
27,337
209,131
123,392
235,25
25,363
229,390
231,45
220,335
23,378
81,346
88,436
291,121
63,303
192,402
196,442
288,75
149,423
209,132
84,429
183,221
25,364
64,390
231,42
220,326
21,403
187,448
23,371
228,390
290,116
246,235
288,66
222,335
226,351
195,446
235,23
91,443
19,432
37,486
21,412
238,243
23,392
82,346
232,371
92,474
94,466
295,226
219,396
234,246
130,400
170,235
74,344
19,441
21,421
296,210
23,385
43,309
188,448
294,184
232,378
114,271
83,347
68,346
250,232
27,317
137,410
217,95
101,367
193,198
19,446
21,430
296,217
294,179
244,236
178,229
215,104
58,360
275,226
244,19
228,258
105,279
234,248
116,271
233,32
19,455
221,84
220,298
296,192
294,170
189,448
229,52
230,386
94,455
58,371
190,417
226,355
254,230
211,122
68,401
19,460
220,289
296,199
223,345
294,173
245,236
230,389
92,446
94,462
76,416
58,378
276,226
222,274
205,149
208,135
133,259
56,368
25,346
133,404
64,496
120,269
286,36
270,226
220,312
19,469
296,206
294,164
190,448
279,31
85,289
256,230
203,154
281,226
103,279
253,230
71,494
59,494
222,277
187,216
78,420
91,356
90,481
72,407
92,285
220,311
229,47
175,231
89,354
159,436
197,182
210,396
29,307
222,284
79,295
65,496
68,398
129,262
239,18
41,309
282,226
35,486
163,240
187,214
153,426
226,263
264,227
160,436
143,254
127,398
146,251
147,251
225,69
198,175
96,283
25,478
197,184
90,354
185,219
167,443
292,149
66,496
191,203
195,185
290,95
220,284
292,228
169,444
248,24
211,396
194,428
216,396
288,41
201,166
219,92
185,220
144,253
217,102
98,364
230,369
292,156
59,379
223,274
226,392
85,349
195,190
86,435
290,86
74,411
155,246
181,224
27,333
227,53
223,394
189,209
232,386
292,155
222,395
290,81
293,228
171,446
194,446
288,39
131,403
222,336
27,322
227,58
213,115
109,375
224,345
223,78
164,440
292,130
113,272
163,439
290,104
196,437
288,62
199,168
170,446
156,432
25,353
207,137
64,393
89,439
292,137
294,157
23,380
69,494
89,288
90,478
141,412
290,99
196,444
288,53
27,336
119,387
209,130
249,27
29,482
122,267
252,32
235,24
25,362
231,44
128,263
220,328
23,373
172,235
50,309
88,437
63,302
196,443
288,76
70,404
149,422
264,37
84,430
64,391
231,37
220,327
221,79
23,370
228,391
290,117
92,476
288,67
80,293
81,425
30,482
55,494
62,356
19,435
21,411
23,395
232,372
92,475
204,151
247,19
68,348
149,424
48,309
234,247
131,261
66,393
67,301
84,291
19,440
21,420
296,211
23,384
294,185
232,379
92,466
57,368
58,366
83,346
228,260
68,347
196,400
270,33
181,223
61,303
27,316
137,409
195,431
238,19
79,490
101,366
193,197
250,30
88,482
253,35
19,449
220,300
21,429
296,218
294,176
244,237
248,232
215,107
58,361
228,259
151,426
27,309
193,400
105,278
234,249
218,95
224,266
231,386
19,454
38,486
221,83
220,299
296,193
294,171
229,51
230,387
70,344
201,159
94,452
20,431
58,368
166,442
152,426
242,17
226,352
139,411
103,369
111,273
82,428
211,125
286,34
273,31
19,463
220,290
296,200
294,162
249,232
92,447
94,463
76,417
58,379
222,275
205,148
78,418
56,369
25,345
286,37
19,468
220,313
296,207
294,165
279,30
64,352
71,344
203,157
222,282
78,421
79,345
292,121
72,408
147,422
220,304
120,388
229,46
89,353
179,227
197,181
158,245
79,294
84,486
30,307
225,67
68,399
32,307
86,431
129,261
296,189
62,388
192,419
266,35
72,494
237,23
184,221
97,363
226,260
264,228
225,68
84,348
191,205
286,30
226,61
118,386
82,291
67,397
69,401
287,37
143,415
129,399
185,218
206,143
191,419
97,364
167,442
81,490
282,29
66,350
197,398
292,150
79,421
135,407
191,202
127,263
290,92
220,285
276,31
22,474
248,25
121,269
194,429
288,42
201,165
219,95
221,335
69,299
217,101
202,396
115,271
290,228
240,17
292,157
60,356
189,413
226,393
85,348
124,265
86,432
290,87
93,285
27,332
121,391
82,490
229,361
230,361
292,132
189,406
290,110
23,478
160,243
288,56
131,402
222,337
27,325
227,61
121,392
213,114
109,374
163,239
224,346
223,73
292,131
283,29
161,438
269,226
163,438
290,105
188,406
190,406
209,127
196,438
288,63
107,277
71,299
199,171
222,344
25,352
207,136
55,307
292,138
23,383
90,479
290,96
65,350
196,445
288,54
70,402
209,129
27,339
119,386
29,481
123,394
252,33
235,27
25,361
220,329
23,372
88,438
91,476
294,228
228,360
288,77
70,405
217,396
84,431
232,37
183,223
62,354
220,320
23,397
173,235
290,114
288,68
83,429
123,265
19,434
21,410
23,394
232,373
92,468
110,378
94,464
165,442
36,307
193,195
67,300
157,434
19,443
21,419
296,212
23,387
65,393
232,380
215,109
92,467
58,367
56,494
27,319
137,408
71,405
193,196
250,31
88,483
19,448
220,301
21,428
296,219
294,177
244,238
61,496
248,233
215,106
90,442
94,450
58,374
104,370
182,223
105,277
224,267
150,424
211,119
265,37
19,457
221,82
220,292
296,194
23,401
294,168
229,50
70,345
94,453
78,344
226,353
139,410
103,368
220,396
25,343
225,63
81,293
82,429
211,124
286,35
19,462
220,291
296,201
242,240
294,163
94,460
58,376
95,360
196,398
205,147
78,419
225,394
285,27
236,244
56,370
25,344
191,209
200,167
220,314
89,287
269,35
203,156
222,283
79,344
271,33
292,122
224,272
72,409
220,305
20,470
149,251
62,386
229,45
89,352
197,180
154,428
200,396
76,295
226,266
84,487
288,228
237,244
225,66
296,190
62,389
192,420
237,22
97,362
167,444
226,261
43,489
191,204
263,228
286,31
151,249
248,19
121,267
50,492
143,414
201,163
129,398
185,217
219,89
46,309
217,99
77,417
265,226
289,228
292,151
135,406
195,187
290,93
220,286
248,26
121,268
194,426
288,43
197,175
201,164
219,94
212,119
213,111
217,100
142,414
128,398
67,348
148,251
60,357
62,303
214,396
86,433
272,226
74,409
290,84
134,406
219,87
27,335
227,55
121,390
230,366
266,226
292,133
60,380
167,237
153,249
246,19
106,372
290,111
256,35
188,408
288,57
199,173
222,342
27,324
83,291
227,60
28,480
229,256
213,113
224,347
223,72
47,309
292,140
60,379
283,28
161,437
290,102
188,407
196,439
161,243
107,276
288,48
71,298
199,170
222,345
114,382
119,388
164,239
24,367
25,359
207,139
291,228
292,139
113,271
23,382
90,476
290,97
40,307
294,226
190,414
173,446
210,127
196,446
288,55
70,403
260,37
27,338
209,128
29,480
252,34
235,26
25,360
220,330
21,407
296,224
23,375
88,439
107,373
290,120
241,17
293,157
228,361
104,279
125,265
288,78
39,307
172,446
88,352
183,222
62,355
231,39
220,321
23,396
173,234
176,231
290,115
47,491
288,69
78,492
66,396
193,201
19,437
21,409
205,396
23,389
280,29
228,392
232,374
214,111
143,417
92,469
93,449
94,465
165,441
224,69
27,313
230,254
125,396
278,31
193,194
157,433
19,442
21,418
296,213
23,386
243,238
232,381
86,486
215,108
58,364
83,348
191,402
247,234
27,318
91,285
265,35
250,28
88,484
19,451
220,302
21,427
239,242
296,220
294,182
248,234
90,443
53,309
271,226
94,451
58,375
78,295
69,346
27,311
52,309
224,268
206,396
81,291
265,36
233,37
220,293
19,456
111,379
221,81
23,400
296,195
294,169
229,49
94,458
183,448
232,250
126,396
111,275
258,37
25,342
225,62
81,292
82,426
211,127
286,32
19,465
220,316
39,487
296,202
116,384
294,160
51,493
94,461
58,377
196,399
205,146
236,245
56,371
240,240
255,230
292,124
25,351
63,389
191,208
19,470
220,315
48,492
269,34
203,159
277,226
222,280
61,305
126,265
292,123
224,273
138,410
67,496
220,306
60,305
149,250
62,387
154,247
179,229
197,179
63,352
200,397
260,228
284,226
241,240
225,65
212,396
70,299
57,307
296,191
192,421
49,492
175,233
237,21
278,226
139,255
54,307
97,361
43,488
135,408
191,207
68,496
286,28
262,37
248,20
180,227
201,162
219,88
66,301
217,98
261,228
66,348
292,144
195,186
290,90
220,287
21,474
99,365
248,27
194,427
288,44
74,494
148,422
168,444
27,329
252,31
223,69
189,213
155,429
49,309
109,275
166,239
60,358
153,247
290,85
234,29
73,409
27,334
118,269
227,54
121,389
213,119
82,488
230,367
86,350
199,398
292,134
60,381
153,248
64,301
290,108
256,36
76,413
188,409
227,357
288,58
199,172
129,400
76,492
131,404
222,343
220,87
27,327
263,37
213,112
224,348
223,75
207,141
292,141
161,436
163,440
290,103
190,404
157,245
196,432
161,242
288,49
145,419
58,305
