219,90
14,74
21,149
86,90
15,74
222,86
142,33
136,81
11,48
133,30
12,59
102,92
225,81
40,104
47,93
182,93
16,84
17,90
12,138
25,15
130,79
25,150
15,143
26,12
5,126
148,84
14,119
19,148
9,39
23,19
79,85
142,82
224,82
143,82
139,82
38,5
25,16
8,120
117,79
73,14
162,38
225,76
196,47
48,8
30,136
132,80
17,117
31,141
41,127
104,91
30,146
200,48
223,63
82,87
67,12
117,26
65,12
161,87
20,21
111,84
42,6
45,123
171,90
213,95
11,46
70,13
187,95
179,42
153,35
65,88
19,105
115,82
80,16
111,24
46,115
209,96
63,12
225,69
176,91
157,87
16,88
221,58
31,138
85,89
42,126
176,42
18,98
60,93
31,144
158,87
207,97
112,24
15,79
153,36
201,98
223,83
23,150
14,141
19,110
9,29
140,82
89,91
158,37
10,26
102,91
164,88
186,45
13,63
170,40
11,138
191,46
165,39
41,105
6,131
53,9
16,117
30,5
128,29
14,72
96,92
127,28
203,49
172,90
131,30
23,20
194,96
45,7
11,50
174,41
89,92
12,53
210,96
156,36
64,90
128,79
24,16
92,92
167,89
16,86
17,88
25,13
26,10
42,96
5,124
6,122
30,135
31,134
88,19
84,89
44,110
7,122
224,66
77,15
64,12
206,97
221,87
18,147
204,49
9,37
16,145
199,97
203,98
149,34
110,24
165,88
160,38
59,11
116,81
225,66
42,107
218,90
31,143
80,87
167,39
222,60
28,148
30,144
40,6
54,10
208,50
169,90
61,92
209,51
195,96
45,121
10,45
63,90
34,131
75,84
223,84
19,107
35,5
224,65
205,97
55,94
39,128
13,141
60,11
179,93
169,40
159,37
226,75
187,45
166,89
114,82
27,8
5,129
172,41
28,147
71,84
18,96
105,90
168,89
29,146
139,31
31,5
14,71
219,89
186,94
45,114
210,51
10,137
35,131
19,112
104,22
198,97
46,120
185,44
12,56
105,23
134,30
13,61
135,31
163,39
40,101
190,45
16,81
13,23
6,129
118,79
99,21
170,90
11,120
43,7
130,29
109,87
13,66
98,92
9,34
11,52
125,78
153,85
12,55
76,84
27,148
24,18
139,81
38,6
218,55
192,46
132,79
17,94
145,33
225,79
193,47
94,92
74,14
75,15
167,40
29,7
82,88
7,133
146,83
66,12
205,50
119,27
9,134
56,10
70,14
17,146
200,98
49,93
115,81
107,23
168,40
36,130
112,83
11,25
15,144
146,33
51,9
177,92
43,95
41,99
70,85
18,103
201,49
87,90
102,22
44,125
107,89
21,20
192,96
10,43
72,84
53,94
99,92
58,11
154,36
14,142
19,109
8,134
85,17
184,44
46,119
81,17
152,85
211,52
26,149
15,22
56,93
37,5
226,73
98,21
11,137
181,93
129,79
52,9
44,94
41,100
50,9
137,31
189,45
12,119
27,9
30,6
95,92
150,84
184,94
14,69
55,10
21,150
202,49
45,112
52,93
15,75
17,21
113,25
142,32
131,29
197,97
132,30
163,88
19,114
11,49
12,58
120,27
82,17
13,59
40,103
24,150
16,83
17,91
123,28
141,32
5,127
31,133
7,121
18,115
101,21
199,48
81,87
193,96
15,80
18,148
13,64
14,118
19,149
160,87
41,128
9,32
73,84
123,78
10,39
114,25
212,95
224,81
33,5
143,83
217,54
157,37
72,14
216,93
17,92
67,86
219,56
225,77
215,54
42,108
119,78
197,47
220,89
104,90
59,93
116,26
145,83
43,126
67,13
111,85
45,124
10,46
11,47
196,97
179,43
215,94
65,89
209,97
66,87
141,82
226,76
225,70
37,129
220,58
221,59
31,139
85,90
41,97
18,101
60,92
135,80
10,41
15,76
180,43
19,111
32,133
9,30
46,117
74,84
124,78
137,81
101,92
190,95
186,44
97,20
226,71
213,52
140,32
190,46
17,96
12,140
58,93
41,106
6,130
217,91
68,86
110,85
43,108
147,84
198,48
178,42
127,29
93,20
222,87
47,8
162,88
191,96
11,51
12,52
64,89
128,78
225,80
144,33
16,85
17,89
12,139
25,14
25,149
5,125
217,92
125,28
31,135
88,18
84,88
115,26
89,19
77,16
121,78
221,88
9,38
146,84
23,18
16,144
94,20
127,78
83,17
148,34
90,92
224,83
149,35
175,42
165,89
160,37
214,53
116,80
8,121
195,47
225,67
109,24
146,34
6,124
30,137
17,116
31,140
80,86
200,49
18,104
223,62
90,19
19,21
13,119
42,7
195,97
45,122
10,44
69,13
108,88
212,96
63,91
213,94
152,35
187,94
223,85
84,17
19,104
150,35
9,27
205,98
224,64
211,51
39,129
36,5
96,20
15,21
212,52
225,68
61,11
157,86
176,92
139,32
226,74
224,63
188,45
172,40
42,127
183,94
18,99
197,48
29,147
177,42
91,19
106,89
14,70
174,91
92,20
16,21
45,115
112,25
15,78
108,87
46,8
10,136
188,95
122,78
19,113
9,28
151,35
86,18
10,27
117,80
13,62
106,23
91,92
46,93
40,100
131,79
164,39
123,27
41,104
124,28
16,118
159,87
43,110
44,112
100,21
14,73
18,116
92,19
149,84
172,91
13,67
222,85
44,7
9,35
118,26
143,33
147,34
32,5
78,85
153,86
12,54
214,94
156,37
24,17
16,87
17,95
25,12
108,24
215,53
26,11
42,97
6,123
194,47
9,120
44,111
76,15
133,80
43,125
204,50
9,36
9,135
79,86
17,147
138,81
215,93
206,50
161,38
182,43
66,88
108,23
191,95
218,91
166,39
171,40
31,142
222,61
11,119
30,145
18,102
70,84
45,94
87,91
208,51
44,124
41,6
61,91
62,91
7,131
185,94
21,21
10,42
51,93
9,136
48,93
46,7
58,10
19,106
8,133
77,85
85,18
46,118
14,22
155,86
13,140
33,131
179,92
26,148
202,98
218,56
226,72
183,43
154,86
12,24
10,120
114,83
178,92
5,128
50,8
79,16
134,80
18,97
110,86
168,90
138,31
14,68
45,113
120,78
97,92
18,21
54,94
15,118
35,130
100,92
126,78
46,121
12,57
105,22
33,132
10,25
180,93
13,60
121,27
135,30
163,38
40,102
12,23
16,82
13,22
93,92
28,8
43,96
126,28
115,25
18,114
101,22
129,29
144,83
15,81
109,86
13,65
22,20
161,88
9,33
20,149
88,91
155,36
175,41
95,20
216,54
34,5
87,18
217,55
76,85
204,98
122,27
216,92
17,93
67,87
39,6
225,78
156,86
26,9
219,57
83,88
74,15
193,46
30,138
69,85
119,79
28,7
220,88
29,6
175,91
223,61
22,150
7,132
68,13
151,85
119,26
17,145
199,98
57,10
71,14
38,129
189,95
62,11
112,84
11,24
225,71
183,44
37,130
220,57
57,93
49,8
221,60
78,16
41,98
40,128
183,93
18,100
54,9
106,90
14,67
107,88
135,81
103,22
211,96
10,40
15,77
53,93
173,91
208,97
50,93
14,143
19,108
207,50
32,132
9,31
46,116
81,16
181,43
56,94
63,11
113,83
97,21
213,53
46,94
103,91
136,31
44,95
41,107
68,85
173,41
150,85
43,109
