378,184
178,45
325,170
54,278
23,264
45,230
236,61
333,171
130,170
83,246
84,232
137,164
123,31
392,103
255,65
39,238
166,41
234,153
199,51
309,164
76,192
244,148
381,184
21,263
41,179
79,250
246,148
340,89
31,103
146,37
369,180
444,143
304,79
89,21
335,87
45,216
435,174
128,172
80,250
27,72
180,45
40,237
40,290
41,180
134,33
45,47
31,108
39,156
141,162
420,111
45,209
228,58
282,72
235,152
77,192
386,186
64,256
69,17
35,129
53,290
398,103
184,47
442,133
78,218
49,45
175,174
160,40
39,288
408,188
444,157
63,19
267,67
290,160
45,202
416,187
130,31
27,70
35,134
405,105
406,105
245,63
444,148
351,91
303,164
311,164
354,92
411,188
434,119
436,172
440,167
41,175
59,21
43,191
386,101
277,71
134,165
444,147
48,294
315,166
426,111
318,81
51,45
308,79
201,51
271,69
82,246
27,84
286,73
442,158
157,164
180,176
43,197
27,271
139,35
253,65
95,180
189,47
393,103
237,152
80,221
227,158
55,38
58,262
113,27
438,170
301,162
231,154
86,182
326,170
19,251
169,170
42,184
82,19
230,155
433,176
324,84
242,150
173,174
378,99
221,162
167,170
47,47
305,79
311,81
367,180
442,160
226,158
46,294
35,51
19,256
242,62
132,33
299,77
121,29
157,39
33,121
324,83
218,55
168,170
218,166
82,227
27,59
28,272
84,184
197,178
347,176
58,264
25,65
67,17
206,51
47,223
302,77
33,114
219,164
390,101
275,154
296,160
439,125
281,71
101,25
321,168
228,156
427,113
182,176
39,164
359,93
56,265
403,105
81,188
359,178
79,19
68,256
341,174
108,180
198,50
37,240
41,290
216,167
74,198
39,50
31,244
287,158
35,241
352,91
269,69
260,67
265,152
309,79
57,30
28,86
174,45
327,170
384,100
251,65
214,55
108,27
162,41
125,174
349,176
227,57
29,275
304,164
90,182
352,176
337,172
122,176
29,89
74,200
76,212
61,19
183,47
98,24
362,94
74,17
28,53
53,43
54,284
110,180
370,97
118,180
210,173
76,211
130,33
369,95
25,269
389,186
48,47
174,174
33,128
170,43
30,98
51,292
31,112
37,148
325,169
54,279
405,188
45,229
35,284
55,268
333,170
175,45
358,178
126,174
84,233
377,97
288,73
99,25
282,71
289,159
273,69
76,193
58,27
98,178
414,188
21,262
41,178
248,63
84,240
138,34
31,102
444,136
66,256
72,252
354,176
45,215
379,184
131,168
27,75
31,277
363,179
418,186
111,27
31,111
37,143
39,159
444,135
69,254
401,105
353,91
282,73
45,208
228,59
33,51
261,67
64,257
317,166
322,83
35,128
21,264
442,130
78,219
155,164
160,41
444,158
63,18
73,252
421,111
45,201
416,188
441,164
297,162
433,117
35,137
237,61
148,37
43,185
444,149
72,17
354,93
196,178
90,22
118,29
35,142
436,173
440,168
41,174
132,166
43,190
280,156
106,25
160,39
370,95
233,154
159,166
423,184
51,44
82,247
250,148
442,159
181,45
38,51
424,184
43,196
27,270
135,33
163,168
260,152
62,260
176,45
80,222
58,263
438,171
86,183
19,250
274,69
355,178
29,98
286,158
324,85
173,173
394,103
125,31
202,178
274,154
234,60
442,161
226,159
119,29
343,174
19,259
242,63
426,182
140,162
33,120
23,247
45,294
213,170
124,174
82,224
27,58
84,185
319,168
33,279
306,79
36,241
25,64
44,292
230,59
300,77
47,222
145,162
255,150
252,148
422,111
228,157
39,167
426,184
211,172
56,266
238,61
165,168
186,47
250,64
32,243
215,168
226,57
341,173
198,51
91,23
323,168
332,170
207,176
104,25
174,43
216,168
436,120
74,199
149,162
170,172
122,30
106,180
247,63
18,251
432,115
57,29
22,247
29,95
362,178
74,206
92,180
20,262
384,101
133,33
408,107
194,49
277,156
383,99
300,162
29,274
54,282
310,79
59,262
118,178
122,177
29,88
142,162
382,184
74,201
76,213
25,267
121,178
220,162
239,61
98,25
62,19
84,228
362,95
254,65
36,284
53,42
54,285
25,268
150,37
78,252
190,47
84,227
37,147
232,59
325,168
54,276
42,292
23,266
45,228
71,254
26,70
130,168
84,234
102,180
288,74
37,156
365,180
42,233
371,181
310,80
113,180
430,180
289,158
76,194
60,260
98,179
395,188
41,177
390,186
84,241
232,154
138,35
146,35
224,57
259,151
444,137
72,253
45,214
27,74
31,276
363,178
26,270
81,19
151,37
212,53
31,110
307,164
326,85
37,142
39,158
398,188
166,168
426,112
45,207
263,152
29,53
54,39
64,258
119,178
35,131
59,25
131,33
78,216
442,131
135,164
192,49
39,290
138,164
52,290
17,256
45,200
297,161
342,174
35,136
43,184
183,177
187,178
444,150
427,182
247,148
212,170
268,68
252,65
311,166
90,23
204,51
388,186
27,81
434,117
436,174
41,173
132,167
59,23
84,21
144,162
254,150
22,264
268,67
78,19
62,258
27,86
347,175
153,39
96,23
43,199
430,115
172,43
177,176
80,223
438,168
293,160
204,176
401,188
111,180
351,176
29,97
107,27
161,41
242,148
317,81
173,172
428,180
378,97
238,152
76,19
234,61
19,258
421,186
95,23
24,247
149,37
426,183
33,127
164,41
45,293
104,180
250,63
124,175
345,174
218,164
73,17
222,57
316,166
82,225
84,186
33,278
39,169
186,178
281,158
120,178
47,217
194,178
74,210
182,46
169,43
379,99
414,109
343,89
275,156
344,174
402,105
331,85
209,174
228,158
39,166
56,267
30,245
250,65
190,48
63,258
177,45
341,172
295,160
423,111
235,61
57,27
114,28
436,121
74,196
122,31
33,243
223,160
116,29
226,160
428,113
432,116
34,280
288,158
53,39
57,28
29,94
269,154
74,207
110,27
404,105
214,53
220,164
29,273
90,180
143,162
346,90
54,283
118,179
29,87
179,45
76,214
25,266
117,180
409,107
268,154
36,142
220,163
291,75
78,250
315,81
82,188
84,229
376,97
253,150
53,41
54,274
49,292
377,183
35,281
272,69
440,128
370,180
84,236
31,114
141,35
417,109
363,95
37,146
127,31
54,277
129,31
45,227
377,184
430,178
76,196
105,25
86,21
126,172
130,169
244,63
84,235
288,75
37,155
422,186
371,180
400,105
329,85
310,81
313,166
76,195
60,261
297,77
332,85
338,172
391,186
37,51
41,176
84,242
403,188
259,150
25,63
444,138
72,254
200,51
45,213
148,162
152,37
27,77
264,67
31,105
188,47
52,292
37,286
426,113
45,206
29,52
375,182
412,188
112,27
93,23
153,162
406,188
357,93
35,130
347,91
59,24
78,217
87,21
438,124
444,152
212,172
52,291
384,184
334,172
46,47
289,160
297,160
322,168
35,139
420,186
41,171
43,187
229,156
156,39
217,55
415,188
183,176
313,81
366,95
43,200
444,151
212,171
268,69
167,43
171,172
354,91
32,278
27,80
262,67
431,178
41,172
59,22
79,219
245,148
43,193
214,170
239,150
225,57
62,259
418,109
364,95
347,174
161,166
19,247
43,198
44,200
213,53
99,178
238,150
55,35
438,169
330,85
442,164
65,256
305,164
54,290
46,216
29,96
193,49
361,93
242,149
409,188
248,148
428,181
432,176
291,160
202,176
81,223
339,172
31,51
19,261
242,61
278,71
339,87
267,153
33,126
45,292
265,67
218,165
66,17
103,180
296,75
259,65
25,70
39,168
24,266
25,247
281,157
47,216
85,21
33,119
74,211
182,47
375,97
27,53
52,43
17,255
39,287
210,53
39,161
47,225
56,268
129,170
399,105
367,95
80,188
190,49
198,49
285,73
345,89
54,270
114,29
380,184
436,122
74,197
440,125
29,245
33,242
434,176
145,35
368,180
222,162
428,114
102,25
432,117
57,35
97,180
264,152
29,93
74,204
44,49
165,41
224,160
37,239
223,57
29,272
85,184
90,181
346,91
54,280
348,176
385,186
29,86
76,215
336,172
393,187
78,251
98,23
443,135
84,230
362,93
41,237
208,176
374,182
32,51
253,149
53,40
54,275
329,170
152,162
377,182
35,280
75,196
393,188
440,129
279,71
84,237
340,87
270,69
37,145
39,237
166,42
64,17
391,101
234,154
109,180
203,51
257,65
45,226
430,179
147,37
126,173
373,97
84,244
37,154
402,188
208,174
61,260
278,156
444,140
395,103
117,29
266,152
76,252
60,262
332,86
156,164
179,176
41,183
84,243
138,33
31,99
158,164
289,75
220,56
25,62
171,43
444,139
196,49
380,99
236,152
45,212
283,73
152,38
298,77
27,76
123,176
160,166
31,278
363,180
41,184
442,134
78,215
243,148
31,104
159,39
220,55
37,285
75,19
45,205
191,178
29,51
77,252
35,133
59,27
42,49
442,129
163,41
438,125
406,106
444,153
138,162
124,31
146,162
57,264
437,172
358,93
35,138
440,164
41,170
43,186
396,188
134,166
444,144
320,168
318,82
90,21
27,83
181,176
136,164
86,184
43,192
410,107
411,107
308,164
292,75
26,59
389,101
67,256
310,164
55,37
257,150
132,168
185,47
371,97
82,20
50,45
312,166
365,95
238,151
167,169
319,167
256,150
20,247
136,33
32,114
190,178
246,63
428,182
177,175
432,177
342,89
198,178
202,177
234,59
201,178
273,154
298,162
19,260
60,21
267,152
33,125
431,115
82,223
296,76
25,69
79,190
40,49
25,246
281,156
47,219
303,77
33,118
74,208
101,180
17,254
328,170
39,286
355,93
376,182
39,160
47,224
357,178
39,49
419,109
80,189
54,271
283,158
436,123
440,126
331,170
356,178
122,29
33,241
346,174
294,75
353,176
428,115
57,34
263,67
29,92
74,205
361,178
416,109
199,178
74,18
41,235
276,156
54,281
385,185
210,174
34,128
80,19
211,53
393,186
38,156
82,186
84,231
413,109
37,151
38,239
114,180
41,236
253,148
328,85
54,272
35,283
77,215
392,101
84,238
162,166
37,144
166,43
43,233
191,49
115,180
45,225
143,35
75,252
240,61
150,162
316,81
84,245
31,101
215,55
109,27
399,188
37,153
422,184
208,175
371,182
444,141
304,77
68,254
410,188
103,25
128,170
332,87
80,248
83,21
41,182
439,168
45,49
31,98
220,57
259,152
43,231
25,61
396,103
420,109
208,53
45,211
152,39
27,79
50,292
383,184
442,135
155,163
49,47
31,107
341,89
437,123
438,123
63,17
381,99
37,284
45,204
81,248
429,115
30,51
35,132
398,104
271,154
59,26
139,162
127,172
406,107
444,154
138,163
65,17
200,178
272,154
314,166
35,141
94,23
440,165
43,189
106,26
183,178
444,145
48,292
249,63
303,163
159,165
217,166
404,188
318,83
51,43
78,190
82,248
27,82
348,91
425,184
164,168
168,43
43,195
261,152
336,87
360,93
214,168
163,167
197,49
38,286
80,219
229,59
55,36
206,176
19,249
274,70
314,81
82,21
355,177
293,75
167,168
335,172
319,166
287,73
417,186
442,162
282,158
70,17
54,288
43,49
189,178
230,156
33,123
374,97
177,174
432,178
18,256
115,29
299,162
172,172
27,57
270,154
397,103
25,67
318,166
21,247
27,272
46,225
47,221
360,178
33,124
435,119
188,178
285,158
290,75
176,174
89,182
296,77
25,68
279,156
83,186
320,83
284,73
39,170
25,245
206,52
47,218
33,117
74,209
182,45
101,179
28,245
193,178
195,178
27,55
324,168
17,253
202,51
40,170
88,182
39,163
306,164
266,67
140,35
364,180
80,190
178,176
126,31
128,31
112,180
260,65
356,93
251,148
54,268
93,180
114,27
205,176
75,211
440,127
349,91
350,91
243,63
137,33
31,243
434,174
337,87
195,49
88,21
412,108
222,160
57,33
122,178
29,91
36,51
74,202
312,81
94,180
275,71
61,21
154,162
424,111
387,101
105,180
412,107
74,19
41,234
346,89
54,286
385,184
27,245
373,182
68,17
70,254
241,150
41,49
441,129
187,47
82,187
372,97
37,150
366,180
54,273
92,23
23,265
45,231
35,282
74,252
333,172
78,192
443,158
392,102
84,239
302,162
39,239
43,232
234,152
387,186
334,87
98,180
151,162
155,39
323,83
216,55
84,246
301,77
340,88
31,100
146,36
37,152
422,185
25,59
444,142
304,78
68,255
407,188
128,171
80,249
27,73
41,181
45,48
31,109
107,180
39,157
25,60
420,110
258,65
45,210
228,57
292,160
333,87
27,78
400,188
442,132
155,162
49,46
394,188
31,106
327,85
39,289
44,231
444,156
45,203
233,59
416,186
27,71
35,135
398,105
120,29
385,101
444,155
311,165
425,111
344,89
307,79
392,186
434,118
35,140
185,178
241,61
440,166
43,188
106,27
419,186
134,164
444,146
48,293
284,158
303,162
159,164
100,25
43,292
78,191
27,85
184,178
43,194
192,178
214,169
163,166
221,57
340,172
294,160
80,220
209,53
55,39
19,248
274,71
169,171
355,176
429,180
230,154
378,98
225,160
33,280
413,188
34,51
438,172
442,163
54,289
19,257
169,172
33,122
144,35
262,152
256,65
280,71
82,226
27,56
56,35
205,51
25,66
91,180
19,262
330,170
116,180
47,220
267,154
33,115
325,85
275,155
17,251
372,182
240,150
39,165
258,150
206,53
154,39
33,116
436,119
56,264
97,23
101,178
415,109
27,54
173,43
17,252
382,99
37,241
41,291
321,83
142,35
39,162
26,245
216,166
87,182
39,51
31,245
100,178
407,107
41,292
77,19
260,66
54,269
57,31
174,44
47,294
71,17
384,99
124,176
214,54
434,175
83,227
249,148
412,109
203,176
222,161
319,83
29,276
147,162
57,32
350,176
29,90
74,203
368,95
96,180
61,20
207,53
338,87
41,233
54,287
370,96
210,172
30,276
231,59
130,32
276,71
25,270
158,39
34,241
219,55
133,166
388,101
31,113
397,188
37,149
295,75
