97,219
376,398
139,97
397,467
277,312
425,455
137,91
200,224
38,149
126,56
271,305
286,328
269,304
342,421
163,159
78,46
217,240
145,115
399,408
166,267
372,446
137,92
213,297
35,147
235,315
78,200
355,431
12,129
181,193
386,458
211,236
322,354
400,408
18,107
364,438
311,345
78,49
98,221
117,26
226,307
322,405
145,116
36,80
57,173
421,463
86,32
201,224
42,74
123,45
359,388
308,393
131,71
24,139
246,341
250,341
287,328
116,235
120,238
135,83
284,372
390,404
372,396
267,357
329,361
292,379
221,246
24,99
223,246
119,33
158,146
214,298
142,104
109,11
240,326
39,149
131,76
243,262
209,234
265,355
395,406
70,67
156,262
284,371
90,14
343,421
37,80
59,175
263,292
360,435
202,224
227,248
392,462
67,76
175,183
161,151
82,38
231,252
166,164
296,334
316,350
118,237
11,127
220,303
423,458
334,366
156,140
238,319
242,335
123,48
359,435
14,129
417,467
435,419
368,441
187,201
26,140
210,234
266,357
358,434
70,189
235,254
163,160
149,125
193,211
230,311
177,185
52,165
90,16
351,427
405,409
303,340
379,399
203,224
275,312
155,136
66,184
228,309
417,468
297,335
64,78
62,180
49,161
97,10
193,212
12,117
195,216
285,326
16,112
115,17
278,367
199,220
128,62
49,73
106,10
108,231
435,433
169,170
45,157
159,149
129,66
281,319
267,297
129,243
330,411
153,130
354,431
125,241
258,351
406,410
320,402
84,32
141,103
201,287
271,361
437,422
388,459
159,146
170,271
249,270
377,449
16,110
421,414
80,203
426,414
64,181
43,155
387,403
119,27
283,322
157,143
375,397
437,431
40,77
173,271
121,38
415,470
143,253
237,317
165,160
436,422
294,379
351,382
44,73
232,313
68,71
130,245
83,207
178,188
113,14
343,374
437,424
390,461
256,278
80,42
191,206
378,451
143,107
81,205
360,388
240,319
116,20
243,337
319,401
86,210
307,342
92,13
28,95
251,270
128,243
327,358
21,104
188,277
147,117
76,53
404,471
268,300
34,84
182,275
17,133
32,145
305,341
394,463
53,74
400,469
314,348
245,265
174,271
88,23
179,192
253,345
218,301
275,363
349,379
151,126
114,16
22,137
296,382
125,54
10,124
272,362
13,114
417,412
209,293
411,411
349,427
122,42
86,28
164,267
111,12
208,293
180,192
385,457
297,383
207,228
229,311
342,419
117,23
139,96
425,454
137,90
289,375
348,425
78,198
271,304
428,416
269,303
163,158
183,195
78,47
249,341
34,145
345,375
145,114
146,256
153,261
372,447
328,360
78,201
181,192
240,329
239,259
386,459
190,278
246,339
51,163
364,439
311,344
260,352
117,25
279,318
135,85
345,376
36,81
421,462
403,408
221,305
313,395
42,75
339,369
123,44
162,266
345,423
240,320
96,10
131,70
337,368
175,273
383,402
120,239
135,82
284,373
202,288
179,189
252,272
329,360
221,245
24,100
79,203
119,32
30,94
214,299
109,10
74,60
204,226
209,233
230,252
216,240
344,421
152,130
315,350
117,235
118,235
156,263
90,15
346,376
415,412
118,26
83,36
360,436
268,357
433,418
200,285
54,168
20,104
293,379
392,463
282,370
175,182
161,150
416,469
55,75
82,39
338,368
127,62
58,76
420,414
219,243
352,427
58,174
402,470
334,414
432,418
31,90
435,418
368,442
187,200
26,141
62,178
410,473
194,282
358,435
251,343
149,124
193,210
12,127
177,184
52,166
90,17
288,330
112,14
331,364
277,365
405,408
379,398
124,240
198,220
41,151
350,427
155,139
66,185
228,310
381,453
297,334
62,181
290,375
173,180
12,118
115,16
362,437
199,223
257,349
49,72
68,188
250,270
435,432
169,169
23,137
159,148
254,345
129,65
43,74
281,318
191,210
267,296
167,165
407,410
172,176
106,227
320,403
119,29
84,33
68,187
286,374
141,102
109,231
273,310
295,333
27,141
249,269
16,111
399,467
80,204
64,182
312,346
385,402
387,402
336,416
134,247
119,26
138,250
157,142
283,325
216,299
375,396
90,211
382,454
437,430
40,78
389,459
390,459
121,37
247,267
158,264
255,347
44,74
30,141
143,109
310,344
149,257
148,257
259,286
301,338
327,360
80,43
336,368
303,387
143,106
313,347
408,471
84,207
429,447
252,344
60,176
262,353
86,211
92,14
239,329
352,382
395,465
170,172
151,130
26,98
238,258
147,116
76,54
313,348
82,205
101,10
34,85
252,343
306,389
225,307
305,340
22,102
257,282
405,471
409,473
245,264
88,24
186,275
349,378
157,146
431,418
72,193
296,383
367,394
86,26
125,53
10,125
357,386
233,313
272,363
206,228
321,354
411,410
86,29
108,10
155,261
361,390
256,347
183,197
96,213
117,22
63,78
48,72
214,238
341,419
425,453
137,89
13,129
160,150
348,426
78,199
189,277
298,383
431,441
89,18
269,302
183,194
345,374
145,113
146,257
33,145
309,393
240,330
239,258
190,279
211,238
356,432
98,219
260,353
117,24
135,84
378,398
322,403
36,82
255,275
77,197
421,461
210,294
433,439
225,248
261,287
339,368
123,47
161,155
162,267
240,321
222,305
131,73
229,252
287,330
47,159
202,289
244,337
179,188
311,395
221,244
24,101
87,26
161,156
310,394
243,264
280,318
209,232
344,422
291,331
57,76
259,351
121,239
302,338
360,437
268,358
200,286
54,169
20,105
25,98
226,248
227,250
63,181
282,371
246,266
380,452
55,74
205,228
82,36
262,288
231,254
127,57
171,173
219,242
366,440
352,428
354,384
197,220
126,242
325,407
238,317
58,175
402,471
242,333
334,415
123,50
380,451
435,421
368,443
187,203
62,179
302,386
194,283
266,355
397,406
291,377
149,123
205,291
11,118
195,213
52,167
326,407
335,367
264,292
124,241
19,135
184,198
203,226
409,410
228,250
155,138
228,311
197,283
370,394
91,211
173,179
376,449
396,406
181,275
56,169
115,19
278,365
199,222
317,399
137,249
68,189
253,274
435,435
169,168
141,253
129,64
100,10
267,299
330,409
131,245
167,164
354,429
94,12
258,349
119,28
84,34
286,375
141,101
273,309
370,444
189,206
316,397
121,35
67,187
94,213
295,332
170,269
249,268
332,412
80,205
64,183
336,417
427,449
138,251
139,251
157,141
216,300
283,324
382,455
437,429
114,234
121,36
247,266
394,464
158,265
163,267
143,108
130,243
332,411
18,134
265,295
280,367
301,337
212,295
72,60
436,431
347,425
419,465
80,44
378,449
50,162
68,72
69,70
76,56
313,346
423,414
133,79
408,472
429,446
252,345
60,177
336,415
265,296
340,417
307,344
42,154
74,196
56,76
147,119
76,55
299,336
88,18
325,358
40,149
389,404
254,274
38,78
281,369
29,94
22,103
379,451
257,281
88,25
382,400
338,417
157,145
72,194
328,407
236,256
308,344
96,216
234,314
366,392
86,27
125,52
10,122
300,336
85,209
357,385
276,364
102,10
393,406
111,231
248,341
321,353
213,238
399,407
75,197
277,316
425,451
111,14
15,131
273,363
276,363
207,230
361,389
256,348
183,196
96,214
117,21
139,98
93,12
425,452
137,88
348,427
271,306
239,260
77,52
391,404
431,440
269,301
219,303
324,405
144,110
145,112
36,84
255,277
318,350
240,331
204,289
386,457
356,433
311,346
78,52
135,87
140,98
413,412
36,83
255,274
421,460
408,410
227,309
210,295
433,438
19,106
353,383
261,286
123,46
161,154
110,231
240,322
131,72
297,336
229,251
180,273
381,400
304,387
61,78
244,338
298,384
374,447
179,191
24,102
119,34
30,92
214,297
74,58
55,76
241,333
310,395
82,42
323,355
344,423
70,70
291,330
347,377
151,259
230,312
103,10
160,265
238,328
263,289
268,359
200,287
20,106
380,453
205,227
298,336
82,37
127,56
260,351
171,172
122,239
215,240
366,441
352,429
423,455
197,219
126,243
147,257
61,177
172,271
435,420
187,202
26,139
28,96
302,387
358,433
270,360
71,66
149,122
195,212
401,408
220,244
335,366
199,224
282,322
66,183
232,254
434,435
314,396
223,305
422,414
173,178
56,170
224,246
115,18
94,10
203,289
373,396
84,36
253,273
435,434
273,307
113,233
187,277
159,150
294,332
267,298
71,193
185,275
167,167
153,135
102,226
430,416
208,230
136,88
119,31
84,35
361,437
141,100
273,308
370,445
189,205
316,398
121,34
247,268
158,263
142,253
165,164
130,70
217,301
132,245
332,413
153,136
240,260
387,404
135,249
427,448
392,404
157,140
375,398
216,301
287,375
437,428
114,235
259,283
32,143
394,465
198,284
93,213
304,340
340,370
309,344
355,384
18,135
331,411
265,294
383,455
276,312
280,368
301,336
269,359
72,61
419,464
295,381
80,45
50,163
68,73
98,10
133,78
408,473
429,445
34,88
410,410
340,418
86,209
14,114
144,253
42,155
339,417
69,189
74,197
274,310
371,445
26,96
192,280
147,118
365,392
84,208
88,19
162,156
325,357
40,150
428,447
363,437
38,79
95,10
320,352
85,32
224,305
257,280
427,415
31,143
88,26
157,144
87,211
72,195
328,408
96,217
234,315
396,465
260,286
371,395
27,96
125,51
159,265
10,123
66,76
357,384
276,365
150,258
46,158
393,405
290,330
22,135
281,322
321,352
411,412
399,406
277,315
361,388
256,349
96,215
117,20
318,399
72,64
76,197
174,180
398,406
168,269
78,197
317,350
308,391
211,235
431,443
269,300
18,108
78,50
98,222
226,308
215,239
324,406
255,276
138,94
222,246
375,449
240,332
204,290
190,277
211,295
32,88
250,342
135,86
237,258
421,459
422,459
206,292
105,10
433,437
124,239
353,382
339,370
30,90
161,153
162,265
240,323
131,75
247,341
229,250
180,274
304,388
55,169
238,326
61,77
244,339
298,385
179,190
225,247
30,93
432,439
74,59
23,102
33,88
234,254
323,354
347,376
230,313
238,329
366,439
423,457
263,288
384,402
242,336
120,34
282,369
14,130
164,160
205,226
209,231
356,431
411,473
70,190
127,59
171,175
119,237
284,326
219,244
330,362
197,218
275,311
58,173
402,469
334,413
175,184
112,232
62,177
194,281
270,361
149,121
25,139
123,239
195,215
70,192
101,225
176,184
404,408
155,140
283,371
314,397
188,204
411,471
173,177
289,330
56,171
384,456
274,363
300,385
16,131
185,199
94,11
60,175
134,248
253,272
273,306
346,424
92,212
129,70
46,72
319,351
305,389
220,304
167,166
133,82
153,134
337,417
102,227
161,265
113,16
21,135
185,200
119,30
286,373
141,99
434,418
239,319
189,204
316,399
415,469
92,211
165,163
295,334
351,381
132,246
416,412
427,451
138,249
283,326
343,373
382,453
437,427
259,282
121,42
198,285
326,358
47,72
143,110
36,148
134,82
324,356
35,84
186,200
265,293
140,252
280,369
391,461
72,62
419,467
80,46
68,74
341,372
36,147
402,408
133,77
427,416
429,444
140,251
340,419
144,254
42,152
152,259
318,400
212,296
202,287
183,275
26,97
192,281
264,353
365,391
10,118
84,209
88,20
325,356
218,302
40,151
224,306
99,223
199,285
427,414
263,353
179,273
362,390
333,413
328,409
241,262
96,218
386,402
333,366
104,10
251,272
396,466
371,394
192,279
125,50
10,120
150,259
46,159
393,404
73,195
281,321
419,463
277,314
178,273
292,332
374,448
429,416
163,157
183,198
34,146
72,65
217,242
137,94
191,279
78,202
406,471
357,433
211,234
431,442
78,51
98,223
226,309
279,317
135,88
215,238
324,407
166,268
426,451
433,435
293,332
42,76
123,43
240,333
204,291
258,282
24,137
32,89
250,343
383,401
28,141
394,406
145,111
218,242
237,257
206,293
210,293
196,283
323,405
433,436
292,377
278,316
30,91
359,387
161,152
165,267
240,324
131,74
358,386
180,275
315,349
171,176
304,389
238,327
61,76
51,74
15,112
272,306
225,246
175,181
74,56
310,393
82,40
70,68
127,61
291,332
367,441
353,429
192,210
95,213
423,456
100,224
245,339
263,291
104,227
242,337
315,397
373,447
14,131
236,316
169,269
209,230
48,159
411,472
70,191
270,359
127,58
425,414
171,174
177,187
90,18
365,439
331,363
52,74
126,241
197,217
54,167
275,310
133,247
207,293
66,186
176,273
103,227
88,211
236,315
435,422
112,233
187,204
387,459
64,76
302,385
346,423
290,376
149,120
150,126
177,188
195,214
285,328
70,193
419,414
424,414
303,339
108,229
435,431
254,346
369,394
173,176
191,209
12,114
56,172
384,457
115,20
167,168
157,263
106,228
16,132
127,243
185,198
134,249
146,116
112,231
65,76
139,95
412,471
414,471
346,425
92,213
129,69
168,168
244,264
319,350
267,300
195,283
16,108
220,305
133,81
153,133
231,313
379,400
141,98
370,443
198,283
165,162
351,380
30,142
384,455
132,247
427,450
343,372
437,426
114,233
259,285
42,151
121,41
124,50
107,10
294,380
68,76
17,108
143,105
36,149
136,249
107,229
18,133
265,292
140,253
129,63
72,63
110,12
419,466
22,104
151,129
50,161
68,75
341,371
133,76
82,206
429,443
430,443
34,86
306,390
60,76
14,112
144,255
42,153
152,260
318,401
321,403
48,160
212,297
400,467
54,74
74,195
264,354
147,120
365,390
242,262
10,119
88,21
218,303
186,276
431,417
367,393
44,156
388,404
306,342
224,307
125,56
312,395
10,126
174,272
350,380
417,414
241,261
39,78
96,219
333,365
44,155
190,206
234,313
396,467
401,469
424,455
100,223
319,352
86,30
148,120
257,279
10,121
431,439
281,320
53,167
277,313
73,60
261,288
374,449
342,420
414,412
163,156
353,384
266,296
34,147
72,66
217,241
270,304
420,463
372,445
137,93
41,76
78,203
193,281
12,128
181,194
45,72
211,237
18,106
364,437
78,48
98,220
279,316
322,404
255,278
166,269
206,291
171,271
407,471
123,42
308,392
24,138
246,340
32,90
287,329
418,414
383,400
299,385
120,237
145,110
329,409
237,256
329,362
292,378
24,98
359,386
109,12
182,194
240,325
368,394
243,263
99,10
70,66
315,348
156,261
154,136
377,398
196,216
227,249
392,461
175,180
74,57
132,76
82,41
248,268
231,253
323,356
70,69
363,390
127,60
184,275
347,378
118,236
285,373
423,459
79,46
100,225
263,290
238,318
167,269
242,334
123,49
236,317
115,235
266,356
235,255
149,126
177,186
52,164
331,362
405,410
374,396
105,227
197,216
203,225
155,137
66,187
417,469
64,77
290,377
75,56
348,378
301,385
12,116
285,327
52,163
398,467
278,366
29,141
303,338
199,221
49,74
89,211
108,230
169,171
314,395
254,347
129,67
191,208
194,212
12,115
56,173
330,410
153,131
354,430
335,368
106,229
16,133
91,14
258,350
320,401
233,254
141,104
437,423
169,172
139,94
159,147
215,299
364,390
129,68
170,270
279,367
16,109
133,80
62,78
153,132
427,447
102,225
235,256
261,353
283,323
50,74
342,372
40,76
335,415
121,39
413,471
415,471
146,255
165,161
369,443
44,72
30,143
68,70
130,244
154,261
344,374
327,407
113,15
437,425
20,135
239,326
259,284
390,460
121,40
177,273
294,381
191,207
378,450
143,104
403,471
59,76
307,343
92,12
129,62
38,80
28,94
393,463
251,271
327,359
151,128
341,370
76,52
82,207
34,87
306,391
14,113
332,364
152,261
48,161
32,144
305,342
400,468
264,355
307,391
245,266
88,22
186,277
349,380
151,127
65,183
412,412
431,416
145,255
296,381
22,136
367,392
44,157
212,238
418,467
125,55
10,127
174,273
380,400
272,361
417,413
241,260
333,364
371,396
86,31
288,375
111,13
257,278
81,42
37,149
150,257
207,229
46,157
356,384
