35,88
28,41
70,121
35,41
9,62
57,20
43,25
63,42
77,76
88,98
42,98
87,132
43,98
97,113
114,135
40,29
81,86
37,91
63,117
104,122
66,48
72,67
34,41
58,26
116,131
65,45
38,35
67,51
60,114
57,112
64,117
19,70
83,90
66,119
80,85
99,134
23,40
75,124
113,129
43,23
106,123
107,123
79,82
77,126
16,51
62,39
95,134
20,71
14,53
94,108
41,96
24,40
55,16
98,115
55,14
73,69
56,20
29,81
9,59
38,93
82,130
106,135
18,48
80,128
69,59
53,9
34,88
35,90
65,48
29,42
9,60
64,43
10,59
60,33
102,120
61,36
117,135
59,28
60,31
52,108
78,126
54,110
88,100
90,102
67,120
43,100
40,31
82,90
45,102
118,135
22,40
24,75
119,134
58,24
74,71
84,130
52,107
67,53
85,131
28,79
68,54
33,86
48,10
83,92
19,46
87,98
44,101
94,107
85,94
91,103
54,10
105,123
113,135
99,116
62,37
45,19
101,118
17,48
16,68
71,62
59,113
109,135
48,103
81,88
30,42
70,122
57,23
47,12
36,39
63,41
37,38
77,79
110,135
40,95
12,56
103,121
69,57
53,109
32,84
101,134
89,101
84,92
72,122
49,104
41,27
13,66
46,16
40,32
64,45
72,64
10,57
34,42
61,34
76,126
59,30
12,55
17,68
105,135
13,54
19,69
111,135
21,71
20,44
12,65
100,134
82,88
95,110
93,106
41,28
88,132
118,133
42,27
79,81
44,21
74,69
56,112
79,127
47,102
97,134
30,83
48,12
102,135
49,9
92,105
20,43
69,121
21,42
115,131
50,104
14,66
55,13
15,66
56,17
81,128
38,94
45,17
101,116
109,125
11,56
76,74
65,118
70,61
40,96
96,134
22,73
52,9
50,9
25,41
35,89
79,128
103,135
36,91
46,15
9,63
33,42
57,21
47,14
91,133
63,43
78,81
59,27
77,77
32,86
67,119
43,99
26,41
97,114
90,133
81,87
37,92
31,42
104,121
119,133
66,51
72,66
36,40
65,46
117,131
38,34
108,125
110,127
57,113
83,91
96,113
66,118
19,45
80,84
87,97
114,129
73,123
49,103
42,25
75,125
102,119
99,115
79,83
26,77
16,50
38,37
62,38
39,32
112,127
20,70
14,52
41,97
98,114
62,116
73,124
55,15
56,19
29,82
27,78
75,72
51,106
86,97
28,42
35,40
9,61
39,95
10,58
43,24
60,32
61,37
59,29
60,30
31,83
46,102
88,99
89,132
43,101
40,30
81,85
95,109
94,133
63,116
24,74
74,124
66,49
119,135
58,27
28,80
74,70
60,115
64,118
98,134
33,87
48,9
19,47
85,95
62,115
71,122
113,128
73,67
95,112
43,22
45,20
101,119
17,49
39,34
16,67
70,62
71,63
15,51
94,109
48,102
23,74
54,12
115,135
11,64
73,68
100,116
29,80
74,72
75,74
47,13
58,23
37,39
69,58
58,113
31,84
53,110
111,127
91,104
64,44
116,135
61,35
76,125
12,54
52,109
17,69
78,127
54,111
42,97
90,103
12,64
114,130
45,101
95,111
93,107
41,29
22,41
118,132
112,128
42,26
58,25
107,135
26,78
44,20
84,131
67,52
56,111
68,55
30,82
48,11
71,64
102,134
15,52
85,93
92,104
21,43
54,11
112,135
105,122
25,75
15,67
56,16
107,124
81,129
45,18
101,117
109,126
11,57
51,105
70,60
108,135
22,72
52,8
50,8
25,76
36,90
32,42
57,22
47,15
82,129
10,63
92,133
63,40
37,37
78,80
18,47
77,78
103,120
69,56
86,131
32,85
89,100
61,115
34,87
84,93
90,132
68,120
72,123
86,95
37,93
94,134
13,65
46,17
66,50
72,65
65,47
61,33
117,132
104,135
108,124
13,53
110,126
87,131
90,101
96,112
80,83
20,45
82,89
26,76
44,22
16,49
38,36
67,54
39,33
76,76
83,130
70,59
51,8
92,106
69,120
23,73
21,41
54,9
115,130
50,105
55,12
27,41
93,133
56,18
27,79
75,73
38,95
62,40
78,79
76,75
68,56
51,107
18,69
59,114
21,72
55,111
10,64
25,40
86,96
