327,398
335,375
258,297
388,411
361,426
249,333
257,339
264,306
401,461
282,333
375,440
422,421
342,382
213,288
222,277
346,385
373,438
289,368
335,405
260,302
336,375
417,452
272,321
382,444
261,303
355,422
298,343
292,340
416,456
316,358
405,462
254,289
409,464
217,292
247,331
324,367
428,423
322,363
299,375
324,396
241,310
262,344
353,391
376,405
257,340
373,405
424,438
391,454
308,382
234,306
321,394
313,387
310,384
387,450
420,444
224,277
301,376
274,322
292,339
313,357
273,352
304,349
243,312
288,337
233,304
247,320
353,422
416,421
276,356
267,313
285,335
374,405
430,427
379,407
319,390
390,413
426,423
227,298
308,351
330,373
352,389
313,388
298,345
233,279
248,281
416,454
408,419
405,464
418,421
262,304
244,314
402,416
400,415
245,315
297,373
377,440
259,340
268,313
362,428
365,432
312,355
254,287
276,329
350,389
261,342
229,279
250,281
318,390
345,413
341,410
281,358
339,408
236,306
414,458
237,307
283,360
217,277
369,432
223,277
329,371
371,436
388,450
418,450
422,442
263,346
357,395
229,300
362,397
355,393
256,293
333,402
247,332
216,277
258,295
331,400
425,436
209,285
426,435
264,308
241,277
311,355
320,361
238,308
266,310
385,446
373,436
309,384
212,277
423,440
406,464
255,337
312,386
412,461
232,304
397,415
379,442
247,325
356,393
256,338
261,344
309,382
375,405
286,336
351,418
376,407
276,325
414,421
210,277
397,458
231,279
246,277
424,440
343,383
395,456
295,371
321,392
215,289
243,276
420,446
224,279
279,357
378,442
300,346
243,314
288,339
247,322
353,420
206,282
376,440
219,293
396,413
430,425
220,294
227,300
270,318
205,281
323,394
309,353
330,371
250,284
352,391
266,312
315,388
370,434
235,306
359,424
368,432
407,464
357,422
420,421
247,317
267,346
340,380
364,401
264,346
404,462
230,302
231,303
259,342
268,315
365,430
330,400
428,429
312,357
258,298
241,312
303,349
392,413
347,414
280,332
395,454
396,456
237,279
282,334
272,319
422,422
384,409
293,369
339,410
372,436
271,352
394,454
414,456
346,386
423,423
282,360
283,362
418,448
422,440
238,277
203,280
344,384
326,368
340,379
383,444
295,341
356,422
217,291
254,290
256,295
399,459
218,292
322,364
331,402
394,413
310,355
354,393
426,433
372,405
415,421
318,360
399,415
226,279
349,417
320,363
247,277
311,384
391,453
413,419
306,351
334,404
320,392
357,424
389,451
295,372
387,449
289,366
220,277
412,463
291,368
379,444
247,327
211,286
356,395
380,408
361,397
354,422
296,342
325,397
287,364
285,364
276,327
306,380
397,456
348,389
415,456
252,285
280,358
419,448
212,286
203,278
308,352
213,287
370,403
314,388
328,369
248,278
336,376
368,401
381,444
380,407
396,415
302,378
231,304
407,417
428,432
253,334
334,375
363,428
270,316
302,348
323,396
250,282
402,462
315,390
359,426
294,370
223,296
247,319
221,296
371,435
242,312
239,277
267,348
263,345
297,343
362,398
358,397
269,350
363,399
299,345
207,282
326,398
399,460
428,431
327,399
378,407
258,296
271,350
360,426
235,279
361,427
240,277
249,334
426,436
264,305
305,378
318,359
237,277
401,462
420,448
390,452
384,411
307,380
319,361
239,308
344,412
410,419
339,379
260,301
272,320
383,446
262,303
419,421
316,357
405,463
254,288
247,328
324,366
240,310
275,354
278,356
284,335
291,339
241,311
310,353
349,389
361,428
354,391
307,351
265,309
283,335
375,438
424,437
311,386
306,349
411,419
243,275
301,377
274,325
380,444
271,319
273,353
243,313
233,305
337,377
247,321
428,424
427,432
398,458
430,426
319,391
390,412
287,366
285,362
227,299
258,340
270,315
302,347
329,400
228,300
330,372
248,332
278,331
400,460
252,287
398,415
227,279
222,296
298,344
328,371
248,280
416,453
293,341
244,275
408,418
368,403
409,419
251,334
245,316
297,374
377,441
259,341
401,415
327,400
334,373
276,328
299,376
363,430
261,343
205,277
340,410
345,414
341,411
281,359
339,409
246,316
237,308
283,361
392,454
369,433
223,298
214,277
221,294
218,277
288,366
338,379
229,301
332,402
269,348
337,406
256,292
217,290
333,403
383,409
391,413
428,425
331,401
209,286
249,332
275,325
257,338
426,434
264,307
401,460
281,360
342,383
307,382
385,447
414,460
239,310
317,359
373,437
335,404
422,444
260,303
208,284
292,341
410,464
316,359
412,460
427,423
360,397
379,443
247,330
274,354
279,331
351,389
275,356
299,374
300,376
336,406
309,383
252,334
331,373
390,411
342,412
351,419
328,400
376,406
414,420
377,407
317,390
246,276
424,439
350,418
321,393
203,277
313,386
348,416
326,367
243,277
420,445
224,278
274,323
323,365
300,345
288,338
247,323
353,421
325,367
206,277
381,409
425,423
265,346
205,282
323,395
226,298
277,329
278,329
352,390
263,305
315,389
316,390
359,425
232,279
357,423
416,455
411,464
314,357
215,277
413,460
254,336
267,347
364,400
429,425
262,305
253,336
402,417
245,314
290,339
297,372
364,430
268,314
338,408
365,431
428,428
269,315
287,337
312,356
347,415
280,331
403,417
345,412
395,455
293,370
414,459
237,306
418,451
422,443
384,446
290,368
364,399
383,445
338,377
256,294
260,342
257,295
266,346
310,354
366,432
209,284
351,420
284,362
354,392
372,404
264,309
385,411
404,417
296,372
246,275
414,419
426,432
349,418
216,290
320,362
311,385
266,311
342,381
306,350
347,416
335,406
389,452
412,464
255,336
341,381
289,367
412,462
385,448
303,378
247,324
356,394
250,334
286,335
207,277
296,341
325,398
209,277
277,356
287,365
230,279
276,326
281,333
286,337
225,298
234,279
372,403
397,457
386,411
333,373
347,387
348,388
270,350
295,370
292,368
301,347
203,279
208,277
215,288
304,378
327,369
420,447
248,277
274,321
279,356
300,347
403,462
395,413
417,421
337,408
219,292
396,414
389,411
253,335
334,374
204,277
363,429
270,319
205,280
250,285
221,277
266,313
322,394
348,387
346,414
393,454
223,297
247,316
249,281
340,381
386,448
289,339
315,357
402,415
358,396
242,277
382,409
207,283
231,302
319,392
428,430
405,417
258,299
271,351
280,333
424,423
236,279
210,286
305,379
237,278
282,335
332,373
366,401
422,423
371,403
293,368
307,381
384,410
305,349
414,457
239,309
346,387
259,299
418,449
422,441
260,300
344,385
326,369
268,348
254,291
399,458
247,329
324,365
393,413
322,365
275,355
406,417
286,364
305,380
225,279
343,412
374,438
318,361
375,439
349,416
412,419
391,452
424,436
266,309
389,450
214,288
260,299
213,277
255,338
219,277
387,448
359,397
301,378
274,324
273,354
233,306
255,291
247,326
380,409
296,343
325,396
204,280
285,363
278,330
321,363
251,285
252,286
253,287
308,353
273,321
215,290
213,286
228,279
224,298
248,279
328,370
336,377
416,452
279,358
421,444
408,417
368,402
245,275
429,428
369,403
358,395
408,464
219,294
207,284
377,442
430,428
352,420
387,411
270,317
302,349
367,401
250,283
341,412
345,385
418,452
369,434
247,318
221,295
333,404
358,424
371,434
421,421
263,344
294,341
338,378
229,302
362,399
365,401
272,352
269,349
337,407
256,291
298,374
367,432
344,383
211,277
