619,368
855,115
344,829
823,106
37,358
419,695
534,556
207,138
744,148
467,57
17,439
660,325
628,113
21,397
224,887
719,239
150,611
99,207
596,90
390,50
411,660
410,660
723,232
231,897
763,180
435,644
221,885
682,249
682,306
427,59
726,230
32,478
288,72
414,664
824,106
110,214
881,79
826,143
683,209
574,463
829,146
668,171
209,135
52,331
549,51
218,127
588,82
188,141
558,500
173,660
830,147
122,531
138,796
568,478
109,503
843,100
699,174
275,93
439,60
149,193
629,118
226,126
701,158
154,188
863,105
174,774
33,360
432,640
438,651
94,484
20,399
689,293
584,77
197,139
197,710
254,116
234,903
184,144
683,214
575,460
668,162
173,892
762,126
126,804
454,666
24,382
386,48
557,503
304,836
410,631
178,728
177,157
711,141
271,97
146,199
626,359
717,241
21,415
276,92
593,419
405,747
670,313
375,45
671,181
692,273
547,526
308,26
419,57
20,406
866,73
279,86
597,412
545,49
160,620
175,732
175,161
161,883
113,215
184,716
404,645
683,207
5,471
43,217
539,543
632,352
232,900
690,234
529,40
125,829
624,106
219,885
56,337
399,52
419,682
645,135
537,549
25,377
741,147
579,72
746,110
32,261
51,214
19,436
55,280
276,91
365,789
811,109
593,420
192,896
246,119
228,892
176,159
156,875
213,886
177,893
583,76
273,894
668,257
614,375
546,527
162,177
161,884
345,28
678,307
737,152
186,142
404,652
666,148
5,464
133,848
423,58
869,70
633,351
52,288
198,894
859,80
167,746
496,47
669,175
688,280
879,72
431,59
430,636
587,433
848,94
812,108
685,303
170,780
134,798
407,745
779,125
745,151
195,713
343,26
273,887
682,221
20,420
664,320
424,58
722,129
155,186
603,398
179,743
514,40
309,23
517,594
222,886
403,645
633,352
211,131
726,125
302,46
307,33
642,132
292,64
662,323
403,754
171,740
688,287
852,120
853,118
699,263
21,426
78,181
152,748
136,209
155,872
615,374
780,124
191,704
687,302
745,152
162,679
36,220
55,208
664,146
20,419
274,857
558,57
444,60
391,50
749,156
548,524
179,748
605,98
165,886
41,357
403,650
792,118
280,853
755,192
737,170
563,488
451,665
506,622
141,205
126,832
145,199
602,398
860,80
37,268
129,571
169,630
791,119
479,666
807,134
769,151
757,157
525,39
160,682
32,223
250,906
488,658
269,873
533,556
841,146
372,44
340,21
358,801
180,724
125,554
416,56
658,142
640,344
700,162
332,831
865,101
665,320
46,276
66,184
159,618
548,523
697,266
163,623
309,25
828,145
186,724
6,459
263,109
428,633
283,851
636,348
70,180
346,30
129,572
293,64
151,699
853,120
30,364
418,700
293,843
95,197
166,746
873,93
543,534
468,668
33,262
785,121
180,723
514,601
273,858
219,127
37,220
554,509
20,433
628,356
594,417
866,100
846,136
843,143
134,585
172,660
563,60
854,88
396,762
605,393
606,98
181,738
383,47
877,89
756,192
850,125
669,258
636,347
764,128
564,488
602,400
31,478
363,793
604,396
697,201
163,174
457,58
59,346
756,119
613,101
137,591
816,132
572,470
696,268
178,750
124,828
177,769
674,235
159,881
490,50
418,695
770,128
384,48
58,203
717,135
167,170
577,71
846,96
873,70
158,685
126,556
415,715
76,475
38,358
111,505
132,581
260,111
79,181
258,904
760,155
157,182
545,530
175,646
658,326
414,720
91,190
328,7
272,884
382,773
662,252
879,73
666,243
25,233
822,136
7,457
561,495
809,133
16,479
696,220
697,210
698,192
604,395
694,269
168,170
149,733
478,54
78,475
23,244
738,148
750,168
800,138
124,827
413,728
217,885
236,124
532,561
739,111
524,577
136,855
84,184
105,213
201,892
643,341
679,196
495,646
629,356
166,887
577,457
299,53
154,871
83,183
248,118
122,813
306,33
342,830
108,213
879,86
789,143
662,247
494,48
663,255
845,98
151,796
631,124
481,666
736,155
194,715
672,237
758,187
582,446
175,892
363,791
217,128
272,96
762,182
290,844
476,667
40,476
115,512
149,742
332,10
335,15
407,658
103,494
196,711
416,666
698,186
420,677
20,479
847,96
170,665
155,688
172,165
28,367
176,160
871,94
177,761
634,351
820,134
270,99
182,732
689,277
644,340
203,140
313,9
441,60
664,245
206,139
845,138
62,193
635,129
580,73
122,820
704,257
34,264
513,603
755,165
612,378
847,134
25,251
667,241
49,314
393,50
530,565
13,479
175,773
512,40
36,477
310,20
608,385
41,475
667,315
777,148
152,796
64,473
614,102
230,897
669,158
160,882
695,227
237,124
75,180
311,15
442,657
441,655
154,691
635,348
177,754
89,189
626,108
552,514
498,46
29,257
285,76
377,45
413,55
270,879
179,726
128,836
412,628
513,604
238,905
25,252
317,6
210,887
212,887
49,307
483,664
450,60
106,497
515,599
273,96
41,476
149,744
151,724
421,627
152,867
867,72
229,896
507,617
609,383
441,656
266,903
138,592
412,732
53,355
129,840
683,244
574,464
226,889
591,424
158,792
341,24
412,627
141,598
676,256
710,144
584,442
736,160
111,215
737,217
811,133
131,576
26,253
49,308
781,123
782,123
693,233
529,565
532,41
518,593
744,207
619,103
30,225
620,367
128,564
127,836
185,709
255,905
680,225
131,212
519,39
520,586
579,452
610,382
135,851
814,108
781,146
801,137
729,225
107,213
660,143
880,83
663,146
298,840
134,210
523,580
542,538
618,369
356,808
854,118
51,327
712,246
736,167
535,553
96,198
97,200
349,33
370,784
667,316
27,254
670,179
49,301
193,896
178,894
107,499
307,30
414,56
380,774
417,705
606,390
537,43
167,672
151,746
100,210
729,121
565,483
436,647
736,114
386,770
8,475
150,705
282,851
427,633
193,895
103,212
265,903
531,562
399,759
880,74
590,83
510,611
187,722
521,584
408,741
573,468
464,668
48,278
780,146
431,637
855,117
586,436
181,721
808,134
419,689
534,554
369,785
578,71
411,737
764,177
304,42
127,560
424,628
296,841
721,130
66,473
746,154
32,361
50,319
765,174
180,740
748,170
550,517
185,727
129,802
519,590
385,771
646,338
150,728
278,856
689,298
142,600
683,219
668,173
173,777
831,148
487,52
344,830
622,363
419,694
557,57
744,149
17,438
660,326
418,57
628,114
21,396
719,238
225,126
361,795
180,739
145,605
58,342
44,357
9,477
689,291
639,345
146,606
881,78
404,752
41,218
683,208
758,121
668,164
209,134
262,904
238,123
648,136
336,15
173,659
558,501
686,302
138,797
359,797
674,187
568,479
109,502
128,214
275,92
629,117
701,157
863,104
652,140
174,775
670,311
432,641
141,860
308,28
569,64
55,207
94,485
755,118
150,746
689,292
447,60
584,78
727,228
197,709
806,134
184,145
575,463
668,163
173,891
762,127
840,146
126,805
554,54
537,547
24,383
25,375
557,502
304,837
121,529
177,156
35,266
418,670
163,788
127,559
469,668
717,240
21,414
318,5
652,139
49,474
582,76
360,795
123,809
671,180
72,474
308,27
680,196
692,274
58,344
20,407
330,8
597,411
545,48
601,403
175,160
288,71
161,882
623,363
148,796
683,206
42,218
5,470
759,123
632,353
703,259
232,901
690,235
270,860
125,828
624,107
641,344
56,338
537,548
419,685
166,171
42,272
25,376
204,890
645,134
355,811
405,642
755,157
32,262
251,906
699,264
607,387
150,192
337,18
228,893
50,291
379,46
273,893
54,209
570,64
136,797
749,169
456,58
754,193
114,215
186,143
666,149
404,653
726,123
620,103
52,289
164,624
132,844
170,890
669,174
282,80
688,281
430,637
768,129
570,472
699,180
21,416
848,95
812,109
170,781
134,799
247,119
562,59
50,474
407,744
412,661
779,124
745,150
273,886
20,421
256,905
424,59
664,321
693,271
549,522
420,626
517,593
59,473
168,629
186,707
331,9
116,512
591,426
739,148
302,47
621,104
307,32
642,133
56,352
292,65
852,121
50,322
857,114
239,906
863,76
21,425
701,161
443,657
151,192
679,306
622,104
36,221
843,144
664,147
700,164
353,823
319,5
598,410
737,169
280,854
150,865
377,777
451,664
506,623
141,204
126,833
327,832
527,571
308,835
37,267
129,570
602,399
791,118
151,701
540,540
757,156
733,221
283,80
160,683
485,52
488,659
89,481
269,872
841,145
312,11
120,521
836,105
340,22
123,821
416,57
125,553
473,56
328,832
658,143
640,345
700,163
294,62
846,134
633,128
392,50
484,664
68,181
51,279
640,131
456,666
163,622
183,729
309,24
828,146
42,357
186,725
7,474
83,477
136,588
263,108
283,850
502,44
542,46
598,91
70,181
428,634
697,199
782,146
734,220
151,698
647,337
139,857
124,806
30,365
33,223
293,842
95,196
166,747
404,53
873,92
104,212
179,153
159,792
415,717
843,142
37,219
38,219
628,357
866,101
751,167
61,197
316,6
355,37
172,661
546,528
653,332
512,608
605,392
877,88
606,99
181,737
272,894
661,252
149,610
169,169
787,144
669,257
192,139
49,278
764,129
602,401
506,42
363,792
697,200
698,198
132,800
116,215
137,590
190,704
302,837
178,751
177,768
34,222
159,880
417,667
770,129
130,842
717,134
555,55
59,202
590,428
577,70
846,97
126,557
287,74
415,714
220,127
111,504
258,905
499,637
760,156
264,107
407,637
708,145
545,529
695,268
161,178
658,327
70,473
414,721
272,885
400,757
662,253
864,74
611,381
630,124
25,232
26,230
7,456
228,126
561,494
637,347
673,258
267,103
764,170
396,52
696,221
697,209
698,193
163,749
644,133
738,149
131,801
478,55
23,247
757,119
268,868
413,727
417,668
35,221
24,479
524,578
53,279
164,676
678,255
492,652
77,475
556,504
629,355
577,456
206,890
299,52
248,119
122,810
284,77
175,654
568,64
108,214
752,114
736,156
789,142
845,97
663,254
612,380
277,90
278,88
630,119
559,57
481,665
672,238
47,277
582,447
268,102
359,39
17,479
272,97
56,206
396,51
310,18
290,845
149,741
540,45
335,14
373,780
838,147
14,444
416,667
91,481
695,229
420,678
698,187
740,111
172,166
106,213
177,760
820,135
767,152
182,733
492,651
644,341
845,137
704,258
299,839
122,821
357,804
580,74
123,539
52,355
34,265
271,899
165,786
663,247
612,379
25,250
26,232
649,138
49,313
13,478
87,187
175,772
381,47
364,41
608,386
310,21
757,121
761,126
118,216
544,47
174,734
669,157
503,43
526,574
688,298
159,879
306,836
237,123
695,226
311,14
21,479
747,204
177,753
89,188
626,109
552,515
809,110
405,54
298,839
27,370
578,456
285,75
270,876
128,837
115,215
171,665
406,746
604,394
49,306
104,494
603,97
470,56
73,180
515,598
165,748
421,626
151,727
152,868
741,211
624,361
765,130
858,81
135,853
172,737
745,110
138,593
412,733
548,50
53,354
683,247
574,465
760,184
777,126
798,115
158,793
584,443
676,257
736,161
111,214
737,216
739,172
668,240
49,299
693,232
415,625
35,360
56,280
735,218
151,748
152,694
759,166
119,216
674,309
619,102
676,231
128,565
291,67
680,226
55,337
550,520
149,865
520,587
575,69
610,383
706,148
851,123
483,53
46,475
176,769
51,473
267,865
434,60
307,835
880,84
734,115
150,702
134,211
708,252
356,809
51,326
712,247
535,552
257,113
96,199
739,213
171,663
174,640
49,300
176,730
157,877
639,131
107,498
417,704
606,391
667,257
155,750
100,211
504,625
158,617
729,120
358,799
150,710
541,46
427,632
703,153
742,172
399,758
54,354
880,75
881,83
332,832
573,467
408,742
99,490
880,76
707,148
665,319
780,147
430,59
855,116
586,437
90,190
54,285
181,720
147,864
419,688
369,784
98,206
534,555
705,257
669,240
740,212
411,736
764,178
304,43
378,46
342,24
786,121
659,326
127,563
148,607
221,127
628,116
166,672
424,629
721,129
261,110
209,888
265,107
32,362
395,763
765,173
180,741
198,140
57,342
185,726
129,801
311,18
385,770
611,101
150,729
9,475
82,182
595,415
646,339
156,688
689,297
140,858
142,601
730,224
508,41
414,663
733,117
167,627
459,58
683,218
665,256
668,174
173,776
135,209
579,454
709,252
710,250
179,894
182,148
366,42
557,56
740,211
558,499
122,534
585,439
716,241
203,891
628,115
21,395
699,171
723,234
333,831
361,794
231,899
730,120
566,482
145,604
57,351
58,343
330,7
435,646
9,476
689,290
726,228
254,115
881,77
683,211
668,165
100,490
209,133
541,540
324,5
805,135
24,377
153,749
648,137
741,111
173,658
392,765
122,529
121,527
832,107
30,260
585,440
686,303
109,501
878,72
163,677
491,653
21,404
629,116
701,156
151,191
630,354
154,186
597,91
250,118
141,859
308,29
533,41
57,352
58,350
438,649
827,145
9,453
10,477
616,102
731,224
235,903
197,708
806,135
41,271
439,651
575,462
524,38
375,777
840,147
146,796
860,78
492,48
554,55
589,83
25,374
371,43
406,640
742,110
557,501
122,536
121,528
178,726
191,139
711,143
559,497
853,89
271,99
146,197
19,433
55,285
21,413
607,389
135,798
745,171
301,50
671,183
360,796
123,808
416,707
273,891
680,197
754,116
824,139
696,267
775,149
597,410
601,402
34,478
235,124
623,362
54,334
848,128
5,469
759,122
703,258
102,492
763,127
374,778
581,449
270,861
56,339
419,684
42,273
242,121
204,891
405,641
355,810
674,257
431,60
773,150
702,260
150,193
298,54
337,17
228,894
156,184
448,60
745,172
195,706
305,40
53,288
273,892
570,65
476,55
204,140
459,668
354,820
136,798
447,662
749,168
35,477
289,71
237,905
183,717
274,94
534,42
404,654
600,93
28,478
158,878
159,179
625,107
164,625
398,760
132,845
259,904
188,705
688,282
282,81
747,111
88,480
768,130
570,473
587,435
347,32
368,785
165,676
745,149
160,178
412,662
144,796
675,190
401,757
861,108
655,330
592,85
20,422
682,219
22,390
772,150
672,258
784,145
549,521
783,123
179,745
753,166
737,151
331,8
168,630
403,647
208,136
116,513
44,217
621,103
625,108
56,353
292,66
330,832
772,127
794,140
852,122
229,895
50,323
857,113
844,140
21,424
367,42
701,160
298,56
245,906
872,93
177,730
622,105
700,165
353,822
86,186
876,89
269,901
164,173
737,168
497,643
403,652
377,776
563,490
263,904
506,620
527,570
733,220
509,615
129,569
347,827
151,700
540,541
124,808
30,363
195,895
89,480
269,871
488,660
819,133
844,139
55,353
312,12
120,522
248,906
757,190
525,577
340,23
836,106
125,552
294,63
846,135
152,612
463,668
68,182
527,39
693,272
610,100
6,457
192,704
136,589
542,47
668,159
502,632
267,104
762,155
697,198
474,668
791,142
124,807
231,125
33,222
322,5
547,49
418,698
825,106
768,151
590,426
404,54
646,136
670,258
104,213
126,555
179,152
415,716
181,895
678,194
490,655
555,507
351,35
61,196
316,7
172,662
338,20
227,891
546,529
653,331
343,830
161,790
181,736
272,895
661,251
149,609
169,168
95,485
153,870
630,122
227,126
668,150
84,477
138,856
49,216
496,643
453,59
697,207
59,348
261,904
388,768
173,737
190,140
28,228
669,177
178,748
252,906
698,182
589,431
590,429
364,790
201,140
40,270
239,123
499,636
26,372
154,794
264,108
407,636
708,146
638,130
161,177
306,36
162,884
876,70
272,886
185,896
400,758
864,75
611,380
26,231
135,587
687,238
561,493
869,97
637,346
764,153
15,443
696,222
697,208
715,138
644,134
535,42
718,133
131,800
23,246
387,769
28,227
429,59
268,869
303,43
413,726
801,114
826,106
112,505
40,358
38,268
524,579
409,55
164,677
181,150
437,60
492,653
556,505
862,105
774,149
122,811
284,78
360,39
175,649
16,441
752,115
736,157
536,42
183,146
609,385
277,89
631,126
562,492
762,180
47,276
268,103
287,848
697,217
56,207
786,144
310,19
149,740
168,744
373,779
14,445
71,180
695,228
420,679
698,184
167,783
25,479
155,690
746,204
177,767
53,287
805,111
679,255
845,136
683,248
122,818
357,803
123,538
748,111
180,150
71,474
271,898
417,57
165,785
663,246
849,94
649,137
499,46
194,704
49,312
11,449
692,233
69,181
87,186
362,794
18,479
146,863
381,46
515,39
571,66
475,668
757,120
608,387
667,317
79,475
669,156
134,850
174,735
372,780
670,239
196,712
761,125
688,299
128,568
510,40
461,668
635,350
29,366
750,200
53,280
326,5
809,109
187,705
350,826
408,658
539,545
773,127
65,186
356,804
270,877
749,112
416,625
128,838
272,859
859,109
171,664
150,796
406,747
49,305
104,495
603,96
470,57
515,601
627,358
165,747
594,88
151,726
170,742
425,630
724,126
741,210
765,129
675,233
507,619
680,252
114,510
22,479
719,133
135,852
172,738
814,107
412,734
548,51
753,157
756,190
683,246
187,141
538,546
44,274
371,783
774,126
777,125
830,107
671,258
124,544
760,185
860,108
736,162
187,896
701,262
131,578
668,241
651,139
49,298
709,145
289,846
287,847
143,202
273,95
56,281
163,885
572,66
623,106
42,475
43,475
152,695
281,853
193,715
174,162
525,575
88,479
196,139
417,703
128,566
291,66
681,251
55,336
129,214
551,515
520,588
575,68
150,716
706,149
851,122
176,770
267,864
162,749
880,85
822,137
129,839
171,633
150,703
189,719
523,582
542,536
708,253
85,185
712,248
674,308
662,145
442,60
353,36
761,167
300,50
174,641
176,731
157,876
670,177
874,91
694,230
269,862
875,91
608,99
667,256
742,210
745,206
504,626
193,716
730,119
583,443
344,27
677,231
621,366
130,801
681,252
150,711
541,45
778,148
118,518
870,70
819,106
51,289
303,837
485,663
638,345
271,881
660,144
679,227
862,76
167,629
169,667
573,466
408,743
260,904
705,151
881,82
835,106
665,318
431,639
182,146
419,691
97,199
98,207
684,304
705,256
355,817
561,59
758,156
740,213
342,25
108,500
127,562
145,796
530,563
166,673
133,583
261,109
101,211
265,106
746,152
395,762
503,629
837,148
180,742
847,131
436,648
765,172
57,341
185,725
184,896
365,41
402,53
607,99
595,414
82,183
689,296
747,171
158,181
140,859
235,904
788,143
733,116
730,225
737,113
169,668
189,705
189,140
709,251
128,802
258,112
225,889
463,57
122,535
446,660
30,258
585,438
839,103
716,242
699,170
21,394
222,127
528,568
156,793
410,659
231,898
86,478
124,216
566,483
53,212
752,166
57,350
240,906
682,305
612,101
9,451
706,254
689,289
726,229
230,126
268,901
378,776
820,106
881,76
402,754
683,210
439,653
668,166
100,491
541,539
419,673
24,378
153,748
189,896
757,189
173,657
392,766
121,526
268,862
359,799
806,111
21,403
630,355
632,126
154,187
246,120
597,90
501,634
582,75
743,207
124,215
126,215
308,30
827,144
613,378
614,376
9,452
707,253
33,478
234,124
36,266
683,203
759,124
101,492
524,39
615,102
672,184
711,249
454,665
860,79
492,49
589,82
661,325
25,373
833,107
742,111
122,537
339,21
178,727
853,88
711,142
817,132
418,668
271,98
55,284
771,128
21,412
149,796
153,614
350,34
294,842
607,388
721,235
102,212
301,49
50,294
360,797
413,663
671,182
416,708
273,890
680,198
419,58
419,625
516,596
538,44
754,117
567,481
824,140
601,401
585,79
712,140
54,335
57,473
848,129
5,468
117,516
102,493
581,448
47,356
374,779
214,129
159,181
489,51
769,129
715,243
716,136
419,687
166,626
152,189
334,831
405,640
355,813
283,79
213,130
677,307
699,177
773,149
702,261
23,385
298,55
723,128
337,16
631,353
156,185
721,236
765,176
362,40
401,755
382,47
20,408
186,896
354,821
654,140
289,70
237,904
183,716
370,43
521,38
651,333
600,94
28,479
449,664
158,879
600,403
198,893
641,343
509,41
398,761
130,574
716,135
132,846
536,549
663,322
137,592
616,371
688,283
747,110
587,434
368,786
165,675
21,430
493,651
602,96
195,714
160,179
31,261
123,825
401,756
434,644
861,107
592,86
20,423
437,649
22,391
395,51
394,764
549,520
179,744
271,859
783,122
147,796
737,150
222,885
403,646
116,514
652,332
211,132
302,45
432,60
527,572
642,342
74,180
348,827
23,237
229,894
50,320
857,112
140,596
14,479
325,5
844,141
735,115
720,131
872,94
191,717
178,156
177,729
784,122
840,103
20,430
202,892
700,166
353,821
155,794
63,189
723,127
598,408
214,886
358,38
270,900
269,900
363,41
876,90
164,174
311,834
609,100
497,642
5,463
6,471
133,847
564,485
211,887
506,621
13,447
727,123
751,113
509,614
734,219
171,779
540,542
188,720
409,741
673,187
550,52
57,283
57,206
312,13
440,653
168,668
572,468
120,523
173,639
525,576
123,823
125,551
682,202
834,148
152,613
388,49
390,768
45,475
138,207
66,183
728,121
797,139
380,46
400,52
183,731
610,101
60,473
24,234
186,723
208,135
27,256
136,590
223,127
320,833
668,152
793,118
432,639
346,29
151,867
796,116
530,40
858,112
822,106
418,699
590,427
43,273
64,186
412,55
675,257
415,719
417,625
182,718
678,195
627,111
555,506
866,99
576,458
351,34
61,195
188,896
172,663
227,890
531,40
161,789
661,250
662,248
276,856
630,123
153,869
668,151
496,644
84,478
46,216
11,477
156,616
138,857
144,603
697,206
698,196
151,717
23,248
388,769
173,736
669,176
28,229
763,128
178,749
32,224
303,45
413,732
90,481
490,49
698,183
130,840
589,430
131,843
689,280
798,138
543,536
364,791
700,262
40,271
26,373
134,583
154,795
708,147
854,86
140,205
175,643
306,37
162,885
638,131
876,71
879,74
24,248
316,833
135,586
561,492
869,96
764,154
156,615
691,234
785,145
15,442
696,223
697,215
76,180
518,39
336,831
23,241
116,216
667,149
173,164
618,102
760,124
50,356
268,870
413,725
586,79
659,143
797,116
698,190
801,113
112,506
55,335
38,269
240,122
770,150
779,147
181,149
553,513
625,361
643,342
39,219
39,358
556,506
299,54
834,106
284,79
360,40
175,648
16,442
855,85
877,72
736,158
536,43
609,384
277,88
445,60
762,181
47,216
582,445
161,621
697,216
165,173
149,739
168,745
738,170
29,227
503,44
196,706
162,622
507,41
290,68
698,185
511,609
168,888
746,205
177,766
162,788
180,894
675,308
453,665
679,254
292,844
373,44
48,216
249,118
122,819
357,802
123,541
270,875
180,151
753,115
771,150
755,166
295,59
667,242
849,93
389,50
870,96
194,705
49,319
11,448
233,125
175,774
252,116
564,61
692,234
529,568
698,266
681,306
132,799
153,694
151,728
117,216
669,155
134,851
372,781
653,140
50,278
196,713
526,572
688,300
128,569
510,41
789,119
165,626
776,148
26,479
724,231
29,365
177,759
751,197
292,843
664,255
539,544
168,782
408,659
578,454
65,185
190,896
48,356
356,805
581,75
88,187
749,111
753,116
419,671
850,92
27,229
49,304
450,59
568,63
515,600
92,191
151,721
649,335
425,629
482,53
724,127
835,148
671,239
507,618
551,517
680,253
825,142
458,58
719,132
150,714
208,888
119,519
172,739
460,668
412,735
143,601
678,230
385,48
39,269
538,547
774,127
44,275
371,782
810,109
756,191
760,186
124,545
860,109
736,163
864,104
701,261
651,138
300,52
174,639
49,297
709,144
12,448
691,275
289,845
253,116
215,886
273,94
842,102
572,67
790,142
152,696
426,59
596,412
281,852
650,334
174,163
525,574
765,153
583,445
417,702
128,567
681,250
129,213
520,589
23,479
176,771
528,40
871,70
267,867
508,616
754,166
129,838
684,240
542,537
778,125
139,595
85,184
854,117
51,328
345,829
799,138
18,438
690,276
36,358
54,280
535,554
370,783
737,215
761,166
300,51
176,732
157,875
875,90
107,500
17,441
269,861
604,97
127,564
608,100
694,231
495,48
518,591
500,45
745,205
504,627
67,473
621,365
344,28
677,230
218,128
254,905
57,339
676,232
170,632
150,708
320,5
486,662
378,775
485,662
508,615
749,201
271,880
881,81
679,226
862,77
167,628
404,749
573,465
705,150
411,629
194,895
212,130
431,638
799,115
713,246
182,147
864,102
419,690
827,106
684,305
98,204
738,214
207,137
355,816
411,738
108,501
718,240
314,833
133,582
265,105
746,153
763,179
565,62
503,628
180,743
513,40
765,171
57,340
185,143
682,250
520,38
865,74
595,417
8,453
229,126
47,475
747,170
52,473
736,217
455,59
737,112
591,85
189,704
668,168
685,240
709,250
752,157
52,328
489,658
128,803
258,113
297,58
225,888
852,89
122,532
174,656
446,661
30,259
110,504
148,608
699,173
21,393
812,132
740,172
262,109
63,473
157,750
156,794
528,569
748,156
86,479
743,209
752,167
53,211
185,144
457,667
795,117
706,255
689,288
268,902
269,102
146,605
402,755
312,834
683,213
439,652
668,167
172,777
541,538
580,449
435,60
419,672
828,106
24,379
191,140
268,863
359,798
677,256
163,679
491,655
21,402
494,648
632,127
501,633
748,155
547,525
288,846
58,348
151,611
150,745
279,85
613,377
137,209
234,125
53,333
36,267
184,713
738,112
683,202
101,491
672,185
46,356
711,248
661,324
419,681
792,141
559,499
339,20
875,70
159,683
329,832
418,669
19,435
807,111
702,259
153,613
45,357
301,48
279,855
50,295
69,473
123,810
125,215
415,56
127,215
273,889
410,738
416,709
413,662
681,223
516,597
567,480
824,141
10,450
174,892
339,831
505,43
585,78
712,141
199,140
255,115
517,39
848,130
42,217
5,467
117,515
159,180
489,50
715,242
398,759
716,137
419,686
167,745
166,627
152,190
403,53
405,655
355,812
477,667
123,216
213,129
52,212
878,88
699,176
23,384
73,474
310,834
20,409
682,222
592,421
354,818
155,185
654,141
603,397
803,136
289,69
164,748
787,121
184,727
573,67
669,314
672,183
600,404
130,575
536,550
132,847
403,753
171,739
170,889
406,656
408,634
616,372
688,284
165,674
21,429
167,887
493,650
722,234
831,107
816,107
615,373
687,301
50,473
251,117
31,260
162,680
123,824
305,39
490,656
861,106
437,648
20,416
274,858
22,388
700,168
702,156
482,665
179,747
236,904
643,133
403,649
652,333
642,343
167,671
223,887
23,236
408,54
172,636
409,739
617,371
50,321
140,597
142,860
858,111
533,559
844,142
384,47
440,60
720,132
735,114
443,658
300,838
33,264
177,728
286,74
159,791
74,474
553,511
20,431
700,167
500,634
598,409
358,39
505,625
714,138
363,40
497,641
539,45
5,462
334,12
423,627
849,127
564,486
727,122
30,478
13,446
509,613
720,236
151,702
171,778
188,721
540,543
172,635
409,740
673,186
766,130
253,906
15,479
57,282
57,205
256,113
312,14
168,669
576,69
440,654
120,524
173,638
572,469
872,70
543,533
216,885
123,822
514,602
125,550
841,103
554,510
294,61
594,418
134,586
728,122
680,306
183,730
367,787
24,235
223,126
574,68
668,153
426,630
793,117
376,777
448,662
850,126
782,145
567,63
59,345
151,866
647,338
743,147
139,858
429,636
674,236
215,129
418,696
532,559
58,204
497,47
153,189
64,187
318,833
247,906
413,627
179,154
415,718
182,719
346,828
627,110
555,509
96,486
97,488
595,89
61,194
576,459
389,768
338,18
139,207
175,645
140,796
750,157
381,774
661,249
276,857
630,120
153,868
496,645
135,588
46,217
599,93
144,604
15,444
696,217
697,205
272,896
93,194
698,197
732,117
694,270
151,716
173,735
49,356
413,731
303,44
31,363
34,221
587,81
698,180
130,841
589,429
131,842
704,152
461,58
851,91
795,140
689,287
798,139
767,151
861,78
661,145
700,263
495,645
499,638
26,370
462,668
407,638
122,814
743,110
124,542
175,642
140,206
306,34
414,724
472,668
854,87
879,85
732,221
611,382
736,152
24,249
426,632
49,215
450,664
785,144
696,224
697,214
473,668
55,473
23,240
760,125
190,718
173,163
407,657
268,871
103,493
196,708
413,724
797,115
857,83
698,191
656,328
112,507
240,123
167,784
770,151
170,666
157,687
181,148
551,53
553,512
625,360
39,218
98,488
206,889
62,194
834,107
760,166
433,642
175,651
877,71
736,159
295,61
847,133
559,58
562,490
50,214
161,620
165,172
94,194
149,738
738,171
79,476
29,226
196,707
857,84
677,193
91,482
290,69
199,893
695,230
511,608
60,197
168,889
154,692
466,57
601,95
177,765
162,789
180,895
750,199
182,720
148,864
560,58
122,816
357,801
123,540
179,725
109,214
474,56
210,888
389,49
817,107
49,318
194,139
599,407
106,498
252,117
142,204
814,132
764,169
593,87
153,693
867,71
99,209
669,154
372,782
174,733
526,573
50,279
688,301
657,328
306,835
420,680
113,509
165,625
776,149
119,521
409,634
156,687
177,758
767,130
127,803
187,707
168,783
296,58
169,889
226,890
65,184
406,638
581,74
356,806
683,243
88,188
478,667
578,455
859,111
672,309
419,670
406,745
26,254
850,93
761,155
49,311
329,7
810,133
151,720
868,70
743,172
671,238
30,226
551,516
92,482
680,254
825,141
150,715
27,479
119,518
208,889
725,231
323,5
804,135
491,49
455,666
663,145
665,255
335,831
523,579
618,370
124,546
200,892
736,164
438,60
97,203
284,850
49,296
691,274
838,104
415,626
56,283
152,697
596,413
650,335
544,48
765,152
583,444
417,701
397,52
291,68
185,713
789,120
422,627
115,511
333,12
150,706
794,117
282,852
851,124
28,368
176,772
267,866
531,561
144,861
397,762
508,617
679,228
41,272
187,721
684,241
171,635
762,154
139,594
690,277
710,143
36,359
97,204
739,214
578,72
544,531
139,796
604,98
17,440
39,476
504,628
621,364
676,233
750,112
833,148
550,518
241,906
130,213
369,43
519,589
170,633
150,709
137,855
118,516
703,154
815,107
51,291
749,200
415,665
162,175
398,52
54,353
881,80
404,750
349,827
411,628
212,131
799,114
713,245
90,189
864,103
419,693
738,215
314,8
98,205
207,136
82,476
174,654
216,128
839,104
418,625
475,55
21,399
719,237
23,383
44,475
133,581
650,138
867,99
763,178
394,51
565,61
275,857
865,73
520,39
595,416
8,454
150,732
137,856
668,314
47,474
528,39
641,131
736,218
455,58
591,84
685,239
668,169
758,122
135,210
710,249
52,329
161,681
126,831
452,665
489,657
714,244
366,41
384,771
297,57
761,183
444,658
122,533
174,657
852,90
674,188
568,476
164,786
842,144
148,609
699,172
21,392
149,195
812,133
743,208
48,474
528,570
728,226
566,481
416,712
471,56
414,626
755,117
20,397
457,666
278,855
795,116
172,891
689,295
269,101
641,132
56,473
683,212
668,160
464,57
172,778
338,831
484,52
191,896
580,450
802,113
783,145
125,806
24,380
297,840
761,184
35,265
472,56
163,787
163,678
491,654
569,475
21,401
494,649
387,49
443,60
354,36
405,749
318,6
102,211
266,104
250,117
632,128
655,141
87,479
288,847
501,632
547,524
58,349
20,404
592,424
847,95
613,376
137,208
286,848
747,155
53,332
184,714
683,205
46,357
375,778
144,200
125,831
147,197
243,121
371,44
559,498
676,190
569,476
878,86
19,434
293,63
807,110
607,390
759,156
279,854
156,873
50,292
195,139
526,39
410,739
416,710
127,214
54,210
273,888
681,222
516,598
259,112
313,834
10,451
501,45
617,102
856,84
505,42
267,903
34,477
487,661
54,333
255,114
754,194
404,642
848,131
5,466
117,514
337,831
321,5
588,432
148,196
152,191
405,654
355,815
52,213
699,179
315,7
775,126
562,60
821,135
182,736
681,199
20,410
147,607
22,386
354,819
702,154
592,422
740,147
157,617
138,208
603,396
452,59
164,749
271,860
183,718
184,728
274,93
186,708
534,41
517,596
787,120
669,313
600,405
158,877
305,836
145,200
588,431
130,572
148,195
183,895
403,752
460,58
406,657
408,635
522,582
210,132
536,551
616,373
688,285
587,436
239,905
493,649
21,428
722,235
305,38
285,850
468,57
434,642
490,657
752,196
20,417
700,169
22,389
500,636
636,129
156,750
391,767
505,623
270,899
671,311
179,746
58,473
169,743
403,648
150,866
560,496
428,59
449,663
29,478
126,834
145,863
662,324
167,670
223,886
23,239
408,55
405,656
172,637
617,370
140,598
142,861
269,875
550,51
533,558
571,471
766,152
207,889
634,128
407,54
300,839
176,893
409,659
818,132
178,154
286,75
751,157
753,195
20,424
63,191
500,635
86,185
505,624
714,139
788,120
183,732
169,744
539,44
5,461
334,13
7,473
192,716
849,126
564,487
13,445
347,828
720,237
171,167
498,640
522,584
673,185
819,134
253,905
586,80
57,281
57,204
202,140
256,114
168,670
493,48
576,70
120,525
173,637
440,655
28,256
793,141
216,886
514,603
125,549
841,102
753,196
554,511
682,200
594,419
72,180
787,143
844,100
367,786
24,236
426,631
6,460
546,49
448,663
731,119
567,62
697,203
59,344
522,38
302,838
301,838
178,752
12,447
547,50
215,128
429,635
418,697
821,106
366,788
59,201
497,46
153,188
64,188
742,147
84,183
413,626
126,558
287,73
415,713
346,829
627,113
678,193
555,508
96,487
576,460
595,88
829,107
823,139
338,19
227,892
139,206
157,184
175,644
449,60
731,223
414,722
822,138
272,882
381,773
661,248
662,254
844,99
95,486
205,140
425,59
481,54
630,121
502,630
599,92
67,183
694,271
696,218
697,204
698,194
143,796
93,193
272,897
149,735
732,118
151,719
171,891
736,113
679,307
735,219
738,150
124,825
413,730
31,362
656,141
587,80
676,192
698,181
704,153
445,660
851,90
136,853
751,168
861,77
661,144
348,32
756,165
132,578
224,126
352,35
26,371
122,815
124,543
175,653
306,35
732,222
736,153
740,148
352,824
665,147
24,250
758,165
762,168
232,125
12,478
105,497
637,130
696,225
697,213
277,856
23,243
387,770
335,13
190,719
268,864
857,82
656,329
552,53
326,832
698,188
220,885
59,199
170,667
264,903
689,279
157,686
177,763
182,734
551,52
679,195
313,11
169,782
683,305
98,489
244,120
433,641
175,650
458,667
665,148
295,60
847,132
758,188
669,239
562,491
50,215
52,279
142,202
310,22
94,195
149,737
341,831
677,192
454,59
347,31
420,674
113,507
60,198
166,784
280,84
704,151
744,110
601,94
747,203
177,764
270,100
626,110
148,865
556,56
244,906
133,212
27,369
462,58
560,59
122,817
179,724
324,833
513,606
278,87
356,37
49,317
11,450
673,237
817,106
599,406
362,793
309,835
515,40
401,53
698,264
421,58
593,86
153,692
351,825
99,208
669,153
45,276
193,139
134,849
196,894
763,169
858,82
420,681
113,508
281,83
119,520
409,633
138,594
602,95
177,757
486,52
751,199
187,706
296,59
350,825
556,55
245,120
406,639
683,242
648,336
356,807
124,548
584,440
654,330
141,600
180,152
859,110
672,310
739,171
80,476
155,615
49,310
466,668
529,567
35,359
37,477
594,87
151,723
170,741
170,168
315,833
65,473
868,71
759,165
802,136
340,831
675,234
507,620
92,483
185,711
114,509
645,340
80,181
150,712
281,84
724,232
725,230
233,902
657,142
748,201
143,603
678,228
187,142
538,545
832,148
124,547
51,325
200,893
257,905
736,165
97,202
498,638
49,303
818,106
160,790
838,105
417,707
56,284
475,56
38,476
224,888
152,698
596,414
155,749
725,126
446,60
174,161
158,618
393,765
565,485
417,700
164,885
127,835
93,484
185,712
77,181
115,510
333,11
150,707
467,668
856,114
144,862
397,761
553,54
521,586
131,575
171,634
99,489
684,242
707,147
512,606
803,113
586,438
18,436
676,308
54,286
147,863
81,476
544,532
744,172
374,44
670,180
304,40
874,70
718,239
61,473
62,473
154,614
742,209
321,833
759,187
31,225
142,796
750,113
550,519
311,17
369,42
150,730
778,147
118,517
379,775
51,290
488,51
415,664
271,882
590,84
404,751
683,217
349,826
510,612
688,236
579,453
676,307
327,6
419,692
314,9
82,477
120,216
174,655
355,818
744,147
110,503
867,98
150,610
596,89
723,233
411,661
357,38
160,750
503,630
435,645
682,248
8,455
150,733
668,315
218,885
826,142
511,40
829,147
685,238
668,170
831,147
689,235
580,452
52,330
161,680
487,51
588,81
622,364
714,245
384,772
297,56
188,140
761,182
463,58
122,530
249,906
444,659
674,189
673,309
568,477
164,787
843,101
842,145
699,175
629,119
149,194
494,647
701,159
728,227
68,473
33,361
416,713
438,650
20,398
151,612
689,294
230,125
158,750
197,140
197,711
269,100
234,902
112,215
678,256
756,157
683,215
575,461
668,161
689,236
580,451
484,53
619,367
125,805
419,674
24,381
557,504
406,54
45,217
121,216
410,630
177,158
322,833
666,317
159,684
569,474
146,198
143,861
183,896
21,400
626,358
315,8
387,48
354,37
243,906
405,748
174,776
266,105
868,98
670,312
547,527
796,140
692,272
20,405
383,772
866,72
849,128
279,87
707,254
727,227
160,619
175,733
286,849
747,154
53,331
163,624
826,144
184,715
404,644
683,204
232,899
144,201
125,830
147,196
419,683
242,122
188,719
355,809
579,73
674,258
676,191
182,895
878,87
365,790
276,90
350,33
294,841
593,421
465,668
796,139
176,158
50,293
195,705
156,874
177,894
583,77
416,711
54,211
419,626
20,412
538,43
22,392
313,833
459,667
614,374
154,749
501,44
447,661
856,85
267,902
566,62
197,894
162,176
345,29
487,660
754,195
404,643
5,465
133,849
870,95
859,81
588,433
715,244
166,172
355,814
282,82
122,216
411,55
410,632
52,214
200,140
471,668
570,474
699,178
571,472
167,888
23,386
631,354
685,304
706,256
675,189
655,329
343,27
681,198
40,218
20,411
147,606
22,387
242,906
480,54
682,220
702,155
722,128
157,616
592,423
517,595
184,729
186,709
6,472
651,334
726,124
600,406
808,110
130,573
536,552
662,322
171,741
408,636
522,583
210,133
853,119
688,286
50,324
436,60
21,427
739,112
155,873
407,743
319,833
305,37
285,849
434,643
752,197
55,209
682,199
20,418
700,170
636,130
391,766
484,663
394,763
671,310
749,157
165,887
41,358
169,742
403,651
755,193
423,628
560,497
563,489
581,447
302,48
145,862
169,631
479,667
23,238
776,126
465,57
160,681
269,874
533,557
571,470
863,75
480,666
634,129
191,718
818,133
178,155
358,800
821,136
125,555
804,112
75,474
754,157
202,891
700,161
865,102
63,190
159,619
548,522
697,267
309,26
367,788
574,67
5,460
6,458
7,472
192,717
713,139
751,114
92,192
169,632
791,141
171,780
647,136
171,166
498,641
793,140
120,526
137,797
155,871
28,257
376,45
543,535
33,263
412,736
180,722
325,833
273,859
785,122
695,269
682,201
20,432
772,128
259,111
134,584
563,61
161,750
605,394
181,739
420,58
477,55
666,318
850,124
560,495
686,238
762,167
598,92
104,496
713,140
731,118
697,202
53,473
54,473
163,175
59,347
756,118
613,102
429,634
800,114
178,753
674,234
141,796
366,789
58,202
59,200
95,195
43,274
167,171
64,189
158,684
837,105
126,559
287,72
567,479
805,112
627,112
76,474
624,362
132,580
829,106
260,110
823,138
157,183
545,531
51,355
175,647
731,222
414,723
91,191
328,6
272,883
382,772
205,139
25,234
481,53
666,242
687,237
502,631
11,478
67,182
34,360
159,750
696,219
697,211
272,898
93,192
698,195
149,734
168,169
151,718
23,245
153,795
171,890
718,134
649,336
800,137
124,826
413,729
656,142
532,560
19,479
131,844
646,135
445,659
715,137
136,854
862,106
348,33
495,647
132,579
97,487
352,36
577,458
154,870
122,812
175,652
469,57
291,844
736,154
183,145
845,99
666,256
631,125
7,455
194,714
85,478
105,496
175,893
696,226
697,212
149,743
332,9
23,242
667,150
763,154
50,355
433,60
416,665
326,833
420,676
698,189
155,689
172,164
28,366
157,685
264,904
177,762
470,668
871,95
634,350
182,735
689,278
664,244
313,10
169,781
845,139
206,138
244,121
62,192
133,799
855,86
123,537
341,23
71,473
663,245
758,189
499,45
49,315
393,51
530,564
599,408
836,148
142,203
571,65
310,23
368,42
149,736
475,667
170,167
152,795
669,159
813,132
230,896
543,47
741,172
160,881
341,830
162,621
507,42
838,148
347,30
420,675
241,122
442,656
60,199
166,785
280,85
511,610
154,690
635,349
747,202
177,755
326,6
127,804
552,513
625,359
665,243
133,211
27,368
317,833
29,258
285,77
123,542
377,46
413,56
270,878
513,605
736,168
352,823
813,108
483,665
212,886
49,316
356,38
673,236
764,171
309,834
401,52
627,357
698,265
149,745
151,725
81,182
351,824
45,275
763,168
196,895
281,82
409,632
177,756
751,198
665,244
683,245
591,425
648,337
663,321
246,906
63,192
124,549
584,441
654,331
141,599
414,719
868,97
131,577
850,91
26,252
155,614
27,230
49,309
781,124
529,566
694,232
143,201
532,40
623,105
495,47
151,722
518,592
744,206
746,171
620,366
802,137
657,327
680,224
185,710
131,213
331,832
80,182
150,713
479,54
706,150
645,339
729,226
233,901
748,202
162,750
271,879
143,602
678,229
39,270
523,581
410,55
618,368
323,833
51,324
736,166
96,197
97,201
757,165
498,639
27,255
174,642
49,302
670,178
160,791
874,92
417,706
307,31
842,101
38,477
151,747
100,209
390,767
393,764
725,125
565,484
164,886
127,834
93,483
436,646
77,180
132,212
333,10
8,474
150,704
422,58
523,38
856,115
638,346
267,868
531,563
804,136
553,53
734,116
510,610
205,890
187,723
521,585
48,277
139,596
512,607
690,275
803,112
18,437
54,287
181,722
808,133
295,841
336,16
544,533
374,45
49,295
304,41
764,176
361,40
342,26
606,392
127,561
166,674
296,840
721,131
759,186
815,132
157,793
193,704
504,43
31,224
451,59
765,175
748,169
516,39
681,224
311,16
519,591
790,119
43,357
150,731
379,774
158,182
486,661
839,147
510,613
683,216
668,172
688,237
411,630
