584,430
783,141
827,111
96,211
258,117
153,742
314,22
61,352
336,23
369,779
561,63
670,188
265,875
875,84
398,649
518,581
759,179
209,883
156,798
32,367
361,788
837,144
126,532
90,477
471,61
181,770
664,175
865,79
519,580
645,334
278,850
668,308
156,192
747,175
179,651
167,622
187,148
542,526
101,486
619,361
161,687
309,830
808,115
497,633
684,299
133,571
265,876
378,50
711,148
108,495
677,260
569,464
146,204
570,462
188,892
405,738
101,216
301,59
266,111
209,884
285,844
692,266
125,525
128,543
145,599
185,738
185,149
129,829
288,842
328,828
866,78
778,130
707,248
268,897
33,473
288,79
146,600
550,508
736,211
753,189
629,349
189,726
323,829
624,115
805,130
56,330
792,137
97,213
314,24
648,142
684,290
739,207
109,496
571,461
606,381
203,887
275,98
807,115
150,200
443,651
704,170
155,712
45,361
246,124
228,885
601,99
305,49
726,129
125,219
126,219
53,217
54,217
220,132
141,854
234,895
240,901
415,60
25,402
438,642
703,179
119,509
137,214
174,888
162,182
199,144
255,119
184,151
402,745
61,282
668,185
541,528
579,443
375,772
600,393
829,140
126,815
586,427
716,141
132,836
684,281
740,206
833,111
411,714
430,629
201,709
163,794
239,901
511,597
570,464
424,623
60,280
225,130
350,38
771,132
155,705
717,234
156,190
191,722
250,122
160,185
601,100
362,45
73,470
182,751
220,131
419,62
147,600
663,259
25,411
703,184
722,134
775,144
63,345
389,763
747,146
88,192
394,758
803,132
401,655
54,323
58,469
573,71
539,532
43,222
651,328
564,65
711,242
489,55
489,650
769,133
641,338
714,239
147,204
129,553
132,835
554,59
210,139
852,113
857,106
585,429
202,145
19,445
720,137
276,98
60,279
207,885
572,459
831,111
155,710
773,145
759,151
49,469
156,866
526,44
602,101
53,299
678,219
25,412
27,384
546,518
505,612
487,652
237,900
401,640
737,145
631,131
581,437
47,361
374,774
602,391
145,206
715,236
167,739
404,634
171,785
188,145
171,171
405,661
282,90
283,88
860,86
142,856
533,547
576,74
496,634
387,765
120,513
407,59
445,654
176,888
175,634
195,718
53,308
182,761
482,660
391,761
286,843
395,55
162,877
671,305
693,265
199,714
183,705
147,800
331,15
367,782
400,655
208,141
845,126
136,580
672,193
652,328
211,882
30,474
840,141
236,128
474,663
56,358
293,71
42,268
741,142
139,801
268,894
178,777
344,33
532,548
493,53
493,640
773,131
155,865
615,367
375,49
216,881
784,126
379,50
490,646
182,752
679,217
664,153
554,498
61,205
155,798
316,14
172,669
388,54
124,524
86,191
784,141
749,149
363,45
236,898
184,744
403,659
408,732
334,19
481,58
652,327
302,56
448,658
782,141
733,215
93,205
384,767
137,582
669,186
283,86
796,121
268,885
530,45
215,133
325,10
844,128
131,833
340,28
195,700
343,33
399,644
679,214
133,803
499,629
705,162
45,471
797,135
157,189
124,523
730,218
306,47
179,775
876,77
750,153
420,622
611,373
60,469
186,735
793,122
849,117
11,472
599,396
34,366
164,619
473,663
347,823
720,230
543,51
822,110
57,288
311,32
630,349
461,62
795,136
745,115
177,719
675,261
490,648
514,592
182,706
181,890
399,653
661,149
679,207
663,316
594,408
843,132
462,664
263,868
140,210
412,623
472,664
653,326
54,294
458,663
183,155
352,803
739,177
95,480
850,116
560,487
265,859
637,135
326,828
473,664
76,185
756,126
24,431
617,363
176,661
139,852
232,893
32,228
312,31
58,210
167,788
166,740
404,58
728,220
746,199
415,688
567,471
399,650
551,57
626,122
702,191
206,885
134,571
834,111
638,135
658,321
732,216
822,131
186,737
612,371
559,62
686,249
687,245
502,48
156,611
67,190
265,860
604,386
637,341
127,535
401,57
81,187
562,65
28,248
174,726
177,165
303,54
33,227
617,364
159,871
674,304
589,419
770,146
466,61
543,525
486,56
345,34
862,82
192,699
154,731
83,188
231,129
360,44
732,215
109,218
474,60
536,47
736,146
171,673
483,659
544,522
814,128
692,239
252,121
696,234
272,103
127,540
290,839
644,138
60,337
28,247
670,233
196,718
103,487
33,228
857,89
308,42
699,228
701,216
166,790
25,418
689,270
176,167
429,64
267,880
180,890
412,709
270,106
324,828
415,678
657,146
508,607
767,134
132,562
169,885
350,820
478,663
245,125
635,134
48,220
249,122
191,891
266,879
672,305
34,259
87,192
855,110
181,710
755,170
481,660
850,97
651,144
562,480
834,144
758,181
761,151
649,330
425,624
744,200
50,274
178,658
657,250
510,45
701,209
702,193
25,427
280,93
137,801
154,193
136,844
28,381
523,43
706,156
851,115
415,687
313,27
684,254
408,663
829,141
228,130
373,49
175,666
200,888
494,638
171,671
61,340
686,274
174,632
599,98
105,490
69,185
289,840
810,128
409,727
745,199
413,700
31,253
177,659
397,56
752,191
789,124
702,200
25,428
170,626
281,90
460,664
157,695
584,82
180,645
144,857
309,39
313,28
39,265
187,733
385,52
63,200
194,700
156,720
177,637
231,891
141,591
345,824
733,149
181,712
737,210
755,184
151,800
578,76
604,102
287,842
623,113
329,13
734,172
662,258
718,234
166,680
721,137
351,809
650,330
62,468
409,728
745,200
777,143
30,232
177,660
291,73
664,162
130,217
595,407
460,663
9,467
815,111
29,379
156,696
528,44
142,593
675,303
665,312
666,182
246,901
411,624
709,244
126,816
128,809
182,156
327,11
498,631
27,247
558,491
178,889
839,108
159,691
418,62
843,105
24,409
43,471
26,389
421,622
723,226
68,469
195,144
394,55
126,530
179,161
275,853
664,169
630,130
116,505
578,444
9,468
705,249
156,695
303,832
378,771
180,651
179,645
309,41
112,219
183,750
511,45
574,453
209,141
135,214
689,240
194,891
707,154
584,431
96,212
314,23
153,741
369,778
406,58
297,835
405,631
670,189
757,182
265,874
415,621
170,732
759,178
547,515
126,533
513,44
181,769
129,827
457,662
865,78
702,253
278,851
668,309
10,469
580,439
623,357
56,469
131,559
295,67
542,527
101,485
780,128
618,362
802,117
436,638
661,318
497,632
828,111
133,570
684,292
297,836
559,489
570,463
163,879
146,205
812,128
157,746
193,721
301,58
33,367
395,758
692,267
125,524
145,598
185,737
129,828
223,131
703,181
597,402
172,886
550,509
753,188
738,117
632,346
338,826
154,863
262,899
690,240
234,129
624,116
166,176
97,212
684,291
739,206
405,633
411,59
14,452
109,495
201,707
571,460
203,886
863,81
842,134
149,201
153,608
704,171
522,571
155,715
228,886
174,782
191,724
337,25
687,274
286,82
655,325
141,853
743,202
438,643
612,105
25,401
480,58
9,463
137,847
154,736
137,213
339,826
541,51
703,178
162,183
184,152
114,220
61,281
150,860
337,827
668,186
579,442
600,394
158,870
870,90
126,812
324,10
764,149
509,605
716,142
132,837
403,743
98,213
151,861
684,282
411,717
201,708
271,105
593,411
168,677
350,39
385,766
155,704
156,191
160,186
73,469
93,479
58,355
682,300
259,117
722,135
703,187
617,107
63,344
138,212
505,47
88,193
395,56
452,63
394,759
54,320
331,16
539,535
102,486
428,64
564,66
305,832
489,649
454,661
163,181
642,138
310,36
129,552
403,57
477,663
460,62
607,379
852,114
823,132
229,887
123,220
674,196
585,428
857,105
567,68
699,257
19,444
720,138
149,800
207,884
155,729
156,867
468,61
162,685
53,298
202,887
538,48
260,116
614,367
27,387
500,624
546,519
654,145
164,744
237,899
383,51
517,44
404,660
787,125
186,892
701,210
608,377
737,144
428,63
449,659
47,360
506,612
527,562
782,128
659,256
145,205
167,738
404,635
171,784
188,146
405,660
667,183
688,272
31,371
766,148
587,425
533,546
641,337
167,883
576,75
315,17
387,764
496,635
704,176
816,111
176,889
321,829
50,469
267,857
658,148
125,528
53,307
182,766
414,621
260,115
558,62
156,745
484,657
693,264
163,617
183,704
788,124
331,14
404,659
845,125
208,142
211,139
236,129
53,469
751,119
292,72
293,70
59,335
186,701
647,141
171,732
734,213
807,129
190,726
139,800
268,895
142,800
344,34
586,84
532,549
57,277
55,358
493,52
590,418
170,674
155,864
155,727
300,834
615,366
784,127
565,475
490,647
840,108
53,316
182,753
678,202
664,154
679,216
554,499
316,15
65,198
172,670
545,519
727,129
749,148
750,151
787,139
236,899
661,243
184,745
844,104
403,658
666,238
408,733
423,623
138,848
302,57
546,53
307,46
733,214
93,204
137,581
28,236
176,664
268,886
656,146
675,197
766,134
587,423
821,110
844,129
717,141
872,74
340,29
837,110
841,107
343,32
399,647
679,209
809,114
111,499
682,256
352,40
499,628
705,161
829,111
797,134
68,188
730,219
161,185
179,774
876,78
611,372
574,72
205,144
426,626
667,237
267,110
293,72
277,851
347,822
540,530
720,231
616,365
743,143
28,235
547,55
311,35
178,638
731,163
841,108
659,245
182,707
346,824
311,830
203,145
20,441
296,66
399,652
595,93
679,206
510,602
355,42
555,497
594,409
68,187
140,211
54,295
183,154
169,735
352,804
845,104
850,117
668,236
761,131
739,176
46,221
637,134
363,785
24,432
168,736
176,662
160,688
32,229
674,227
587,85
695,236
75,185
58,211
166,741
43,269
264,899
728,221
415,691
567,470
326,10
626,123
660,244
664,239
810,114
624,355
702,188
767,147
28,384
708,152
855,91
732,217
179,715
786,139
54,318
668,235
135,577
761,132
502,49
11,457
12,473
50,219
450,660
362,786
127,534
55,469
537,539
131,806
171,885
81,186
867,93
28,249
174,727
177,164
159,870
128,544
308,44
589,418
240,127
38,262
220,880
871,89
543,524
750,192
660,243
862,83
132,564
350,818
556,60
79,186
760,170
407,627
171,672
813,113
317,12
192,144
483,658
544,523
758,179
696,235
56,213
644,139
421,62
60,338
868,92
763,149
656,323
675,225
308,43
199,889
825,135
55,323
664,259
59,209
166,791
25,417
80,186
699,231
701,215
779,143
267,883
412,710
415,673
270,107
164,682
324,829
492,642
556,494
132,563
22,438
169,884
573,456
245,124
683,299
760,177
266,876
305,831
341,30
757,128
654,326
513,595
181,709
738,207
80,472
761,150
562,481
174,630
817,111
160,795
175,781
142,208
273,103
683,255
184,891
536,539
740,142
868,91
261,115
744,201
265,112
657,249
34,226
402,638
701,208
702,198
25,426
846,125
27,474
282,846
136,845
28,382
176,778
706,157
851,114
531,551
415,686
747,197
751,192
861,85
402,657
313,26
131,562
408,664
684,255
134,216
373,48
612,106
542,528
708,245
832,144
712,240
115,220
494,639
61,339
686,275
12,454
105,489
603,102
38,472
810,129
150,604
596,402
155,745
390,762
409,726
724,132
413,699
177,658
340,826
620,360
507,609
858,88
609,375
790,123
77,185
702,201
43,361
151,605
354,798
157,694
467,664
584,83
826,135
142,591
180,646
748,196
491,53
309,38
37,225
455,662
404,740
39,264
187,732
406,629
705,159
688,241
63,203
335,827
48,272
156,721
431,631
177,636
231,890
141,590
147,859
701,256
737,209
81,472
27,241
578,77
122,516
304,52
529,557
786,126
143,208
623,112
329,12
659,321
662,259
495,635
166,681
721,136
351,808
540,49
738,176
544,52
157,798
746,144
30,233
620,359
765,148
198,704
164,880
129,808
664,163
439,64
610,374
23,474
208,884
9,466
135,843
595,406
728,128
29,378
156,697
486,656
748,195
731,157
553,59
734,122
294,70
100,484
173,783
126,817
713,240
346,36
182,157
327,10
59,287
153,739
207,143
27,246
150,800
176,721
194,144
106,491
159,690
381,51
269,856
515,589
842,106
734,148
39,472
24,410
224,882
650,143
745,176
160,746
583,433
126,531
275,852
58,332
664,170
369,47
630,131
116,506
422,622
578,445
814,127
32,473
485,657
639,339
839,141
179,644
398,56
309,40
183,745
511,44
434,635
295,69
171,628
209,140
172,784
54,276
534,546
314,20
153,740
153,863
406,59
82,472
463,62
852,95
746,115
265,873
673,305
216,132
729,219
863,98
719,233
44,471
170,733
500,49
547,514
181,768
314,829
520,43
613,370
158,746
233,894
179,653
414,670
218,880
550,507
113,219
184,704
623,356
131,558
577,447
172,783
780,129
618,363
140,800
436,639
128,824
143,800
661,317
684,293
133,569
153,800
225,883
559,488
45,221
35,260
163,878
811,113
170,785
354,41
301,57
193,720
33,366
360,789
824,132
145,597
330,14
646,333
25,399
703,180
118,508
172,887
597,401
174,887
601,393
706,248
591,89
222,131
756,152
632,347
338,827
710,244
624,117
625,121
166,177
242,126
496,51
684,284
405,632
174,668
32,256
674,262
472,60
182,891
842,135
275,100
149,200
387,53
632,132
704,172
155,714
318,10
337,24
465,664
583,81
286,83
87,475
655,324
570,70
865,95
313,829
25,400
189,892
9,462
119,511
137,846
353,803
232,129
541,50
267,898
289,78
197,717
551,505
184,153
591,413
423,63
61,280
150,861
542,51
869,91
46,361
600,395
126,813
732,152
825,134
398,753
509,604
312,829
716,143
403,742
243,125
371,48
667,184
557,494
573,457
411,716
122,220
339,27
30,374
760,176
271,104
511,599
593,410
168,678
759,152
155,707
279,850
526,43
251,122
552,503
93,478
437,641
682,301
866,94
259,116
703,186
524,568
617,106
63,347
154,744
138,213
175,168
34,473
549,512
54,321
539,534
631,132
189,145
102,487
283,846
161,688
489,648
163,180
714,237
310,37
732,151
167,740
479,662
190,144
229,886
142,855
627,351
721,230
723,134
155,728
193,699
287,81
127,219
201,144
94,479
538,49
27,386
264,112
500,625
636,134
523,569
524,567
546,516
159,614
197,703
605,103
487,654
437,64
517,43
665,178
608,378
133,839
280,848
502,622
449,658
602,389
141,210
91,197
145,858
183,891
168,176
406,661
188,728
171,173
282,88
667,182
688,273
830,141
31,370
587,424
440,645
95,209
315,16
704,177
634,133
739,117
407,736
193,700
804,116
53,306
182,767
861,101
156,746
214,881
484,658
401,639
163,616
400,641
788,125
733,171
211,138
29,474
302,55
731,125
642,336
751,118
292,73
59,334
223,882
647,140
408,59
465,62
229,888
322,10
178,775
268,888
586,85
235,129
702,192
532,550
57,276
366,782
735,121
677,303
858,104
577,75
170,675
740,116
155,726
793,136
818,128
565,474
566,472
182,758
53,315
200,705
346,823
38,362
664,155
678,203
772,132
751,153
65,197
172,671
139,212
727,128
876,80
161,746
54,298
661,242
420,62
438,64
477,59
844,105
408,734
138,849
732,124
74,185
165,179
93,203
540,532
137,580
688,271
28,237
543,52
268,887
160,872
433,635
253,901
15,474
675,196
256,118
717,140
844,130
131,835
577,76
740,115
409,664
399,646
200,712
679,208
805,116
111,498
682,257
521,575
705,160
319,10
728,127
68,189
527,44
161,184
396,756
854,94
382,768
876,79
731,218
186,733
574,73
667,236
599,398
16,474
732,123
694,264
540,531
616,366
743,142
301,834
547,54
676,197
311,34
846,102
178,639
731,162
415,693
659,244
658,254
695,263
348,37
20,442
296,67
166,882
351,40
555,496
299,62
576,448
266,880
855,93
469,61
605,384
54,292
381,769
662,242
169,734
352,805
666,260
425,63
845,103
284,844
672,232
47,271
40,471
169,623
24,433
168,737
614,106
407,663
176,663
29,235
160,689
32,230
450,64
290,76
224,131
847,101
43,268
734,173
155,701
742,142
746,197
470,664
415,690
624,356
127,819
742,202
58,278
664,240
702,189
244,125
154,734
407,629
263,863
708,153
123,517
54,319
400,749
135,576
687,247
11,456
12,474
362,787
698,258
537,538
718,140
757,127
867,92
526,564
103,488
128,545
552,57
55,325
38,263
220,881
153,607
871,88
565,67
750,193
164,684
181,159
127,824
492,644
665,239
132,565
350,819
556,61
556,496
320,829
577,448
120,511
760,171
191,892
413,60
238,900
813,112
62,342
27,237
317,11
672,230
104,488
230,130
669,235
52,275
161,615
435,64
56,214
785,140
59,355
335,22
618,107
619,107
656,324
451,64
162,616
255,901
199,888
454,63
699,230
241,127
59,208
628,128
25,416
664,260
701,214
846,123
779,142
267,882
107,217
415,672
414,696
164,683
143,593
492,643
556,495
573,455
22,439
206,144
560,63
462,62
756,183
411,623
266,877
799,133
757,181
341,29
34,257
732,168
513,594
181,708
864,80
735,173
155,610
300,60
174,631
444,652
691,267
12,456
175,780
160,796
142,209
693,238
273,102
515,44
530,554
94,206
184,892
536,540
170,173
596,404
261,114
740,143
393,759
746,175
30,252
178,656
196,890
34,227
657,248
657,323
402,639
702,199
25,425
282,847
136,846
28,383
176,779
635,343
747,196
415,681
861,84
313,25
663,151
708,246
710,150
712,241
732,167
18,446
349,38
406,738
61,338
300,59
818,111
466,664
12,455
529,555
198,703
436,64
734,171
55,291
790,137
495,637
60,353
150,605
596,403
390,763
409,725
393,760
724,133
30,231
31,255
413,698
676,224
507,608
620,361
858,89
57,331
130,806
311,31
802,132
60,208
354,799
702,206
847,121
172,729
157,693
103,217
180,647
37,224
404,741
99,484
688,242
63,202
705,158
48,273
156,722
431,630
141,589
182,155
808,129
755,186
386,766
735,147
80,471
741,115
27,240
122,517
564,476
304,53
529,556
838,109
659,320
475,60
296,836
351,811
540,50
262,114
134,839
157,797
544,53
501,623
729,127
746,145
35,225
164,881
291,75
57,332
664,164
610,375
719,139
9,465
82,188
135,842
29,377
156,698
379,770
585,83
415,671
731,156
399,753
553,58
733,123
663,165
666,180
100,485
173,782
139,585
690,270
285,85
803,117
344,825
622,358
823,110
36,364
330,827
535,544
59,286
370,777
153,738
207,142
498,629
558,489
176,722
157,869
564,475
568,467
515,588
110,496
128,218
842,107
734,149
24,411
224,883
26,387
61,469
596,94
741,205
191,699
730,126
358,791
126,528
750,117
583,432
382,51
621,359
58,333
664,171
422,623
575,74
794,121
448,64
32,474
488,55
585,84
485,656
749,195
36,260
38,224
590,88
628,350
295,68
707,156
176,634
230,888
212,136
549,55
588,86
36,363
738,208
314,21
388,764
120,220
823,131
249,901
265,872
673,304
216,133
660,320
806,116
771,146
719,232
494,640
26,394
500,50
742,204
670,306
671,192
582,80
607,104
94,480
613,369
117,508
279,93
815,127
601,391
158,188
233,893
235,897
179,652
414,671
218,881
577,446
619,362
128,825
386,52
133,568
684,294
174,666
304,832
853,95
14,451
407,735
357,43
410,666
360,790
433,64
72,469
660,318
696,261
754,122
824,133
866,77
25,398
703,183
118,509
580,440
778,129
597,400
449,64
601,392
706,249
146,599
678,260
756,153
464,62
126,811
624,118
625,120
130,556
496,52
497,631
684,285
152,800
264,869
121,220
472,61
571,462
163,685
143,857
491,645
681,258
60,284
443,652
704,173
759,130
155,717
134,803
48,470
32,368
837,143
177,889
87,474
438,641
383,768
865,94
353,802
9,461
119,510
63,349
668,261
749,174
289,77
197,716
714,144
753,171
274,100
370,48
423,62
439,643
579,444
762,132
869,90
66,194
732,153
509,603
310,35
312,830
607,380
408,626
557,493
579,77
178,718
51,219
15,449
511,598
593,409
150,198
704,164
155,706
755,124
528,557
671,191
796,135
655,145
434,64
307,831
53,303
552,504
437,640
524,569
10,460
63,346
154,745
447,657
160,614
598,398
288,80
197,890
514,44
383,52
189,144
621,109
251,901
674,194
766,147
471,664
721,229
151,197
298,62
872,87
158,692
287,80
821,130
553,503
40,222
592,411
760,130
264,113
501,49
157,612
391,54
500,626
546,517
603,387
548,512
197,702
605,102
608,379
186,148
665,177
133,838
280,849
669,308
870,74
762,150
374,773
506,610
159,187
141,209
70,185
91,196
145,857
588,420
129,551
769,147
166,620
791,123
738,143
188,729
171,172
282,89
525,43
435,637
293,838
440,646
21,439
95,208
315,19
739,116
722,228
190,700
180,712
306,831
53,305
182,764
401,749
622,110
804,117
861,100
775,131
65,195
482,659
391,762
671,306
180,770
161,795
733,170
400,642
183,706
184,740
41,362
737,175
263,113
432,632
731,124
642,337
679,259
42,267
190,724
268,889
858,105
532,551
366,783
555,59
735,120
590,416
155,866
565,473
566,473
159,797
53,314
200,706
182,759
664,156
38,363
419,621
678,200
679,218
754,153
65,196
227,885
338,26
356,794
876,81
90,196
161,745
669,262
428,628
233,129
736,120
93,202
165,178
791,137
138,801
160,873
433,634
215,134
490,54
676,223
256,119
21,441
131,834
685,279
480,661
745,143
376,49
785,126
640,338
201,887
200,713
679,211
521,574
331,827
760,151
226,130
447,64
68,190
343,825
72,185
396,757
809,129
42,362
169,175
636,342
428,627
34,365
457,63
78,471
301,833
800,118
217,881
676,198
19,474
700,220
846,103
24,474
403,635
84,188
675,262
731,165
415,692
658,255
201,888
127,821
695,262
76,470
20,443
187,701
97,482
166,883
348,38
510,600
702,187
136,802
581,80
263,865
576,449
51,359
855,92
342,826
416,621
54,293
381,768
352,806
666,261
277,95
539,49
849,99
850,115
194,719
284,845
159,746
679,302
40,472
24,434
168,738
153,799
173,729
407,662
526,562
29,234
488,650
196,144
841,138
290,77
700,219
442,650
631,347
851,97
155,700
410,722
658,246
626,121
627,125
134,574
154,735
407,628
156,719
432,64
708,154
179,717
753,122
54,316
400,750
165,791
187,892
849,100
278,94
687,246
85,474
698,259
537,537
41,471
757,126
777,144
174,725
659,148
128,546
237,128
552,58
55,324
20,474
409,626
635,344
543,526
565,66
820,129
414,694
181,158
625,354
665,238
132,566
350,816
98,482
498,50
760,172
231,130
71,469
535,543
238,901
663,241
277,97
61,351
62,343
317,10
672,231
393,55
104,489
669,234
582,436
16,448
161,614
836,144
56,215
36,472
127,537
368,46
59,354
627,352
813,128
482,58
341,826
675,227
507,46
241,126
628,129
166,789
25,423
701,213
779,129
415,675
414,697
53,359
36,225
189,700
371,777
703,253
377,50
732,169
513,593
864,81
353,41
62,350
300,61
212,882
264,860
355,797
444,653
693,237
530,555
709,151
532,45
273,101
697,234
874,86
94,207
536,541
867,77
777,130
99,215
596,405
45,271
409,723
667,309
30,253
178,657
503,617
657,322
221,131
700,224
115,503
25,424
519,43
702,196
46,470
176,780
266,898
726,222
531,553
415,680
127,809
58,288
313,24
663,150
226,884
133,216
708,247
156,724
710,151
18,447
494,637
694,236
17,448
308,830
37,472
55,290
495,636
60,354
351,813
868,76
409,724
158,612
31,254
413,697
676,225
198,144
57,330
114,502
131,217
776,130
170,625
172,730
725,225
138,582
156,700
103,216
178,164
193,891
265,899
727,221
404,742
705,157
688,243
464,664
798,120
156,723
680,258
735,146
662,150
27,243
445,64
564,477
380,769
623,114
56,289
734,147
718,233
424,624
848,120
351,810
650,329
501,622
868,75
411,666
319,829
503,48
31,231
525,567
729,126
748,174
291,74
130,830
719,138
422,62
479,59
9,464
137,848
29,376
156,699
639,340
731,159
397,756
179,641
161,875
399,752
733,122
205,886
663,164
666,181
285,84
512,595
487,56
54,275
258,118
295,837
153,737
557,61
804,131
757,170
176,723
121,515
157,868
361,44
107,493
342,30
568,468
110,497
128,219
148,601
418,61
398,650
518,582
297,66
721,135
61,468
596,95
681,302
66,468
504,47
741,204
621,358
451,63
126,529
179,162
583,435
129,807
664,172
44,361
427,627
138,584
140,852
488,56
749,194
161,876
36,261
183,747
590,89
167,621
629,130
187,147
349,821
628,351
176,635
230,889
212,137
430,64
588,87
534,544
59,278
684,296
738,209
392,760
446,64
467,61
874,74
569,467
605,383
501,624
390,54
652,144
670,307
582,81
547,516
141,800
91,477
128,540
221,881
241,901
533,46
117,507
427,63
707,247
158,189
235,896
179,655
824,110
110,218
806,130
575,451
710,243
128,826
56,327
37,363
589,88
386,53
684,295
852,96
174,667
853,94
164,792
606,382
135,803
407,734
528,560
357,42
413,669
726,130
569,69
164,879
660,319
754,123
755,123
696,262
824,134
25,397
354,800
703,182
580,441
63,343
175,723
254,120
401,657
402,746
42,222
439,645
690,239
620,108
431,64
270,856
549,56
586,428
219,880
130,557
755,153
684,286
264,870
411,713
411,60
359,791
747,115
430,630
842,133
163,793
163,684
143,856
491,644
681,257
60,285
315,15
704,174
188,700
155,716
848,100
174,781
863,82
32,369
748,146
286,81
144,800
25,406
353,801
668,262
614,368
63,348
545,53
747,145
803,131
714,145
749,173
753,170
551,507
274,101
114,219
591,415
43,221
633,346
762,133
870,89
66,195
484,57
158,869
214,134
529,44
144,206
620,107
713,146
509,602
147,203
184,703
711,241
403,744
732,154
151,862
408,627
557,492
210,140
411,718
594,407
178,719
30,372
271,106
55,276
150,199
704,165
812,113
155,709
247,123
671,190
528,558
213,882
53,302
552,505
25,415
10,461
447,656
598,399
856,90
197,889
255,120
609,105
665,175
322,829
621,108
163,182
399,57
37,262
642,137
403,58
645,140
411,711
674,195
699,258
294,837
298,63
152,862
155,730
443,64
872,88
158,693
175,633
417,621
53,311
182,762
55,215
40,223
401,747
553,502
459,663
760,131
592,412
523,571
500,627
157,611
266,858
603,386
89,195
180,772
162,878
640,136
548,513
678,302
169,736
186,149
367,781
133,837
665,176
869,75
136,577
502,620
669,307
67,193
451,660
506,611
159,186
840,138
588,421
860,85
769,146
129,550
169,625
166,621
148,201
188,730
52,218
587,426
435,636
293,837
440,647
78,185
315,18
248,901
722,229
754,188
873,87
267,858
180,713
622,111
53,304
182,765
401,748
658,147
274,853
169,787
865,96
558,61
775,130
356,796
51,275
180,771
456,662
163,618
643,138
184,741
165,882
400,643
517,583
792,122
697,261
733,169
83,473
432,633
92,198
807,130
261,900
190,725
268,890
140,588
590,417
167,176
170,673
444,64
33,257
177,721
159,796
53,313
200,707
182,756
664,157
678,201
332,827
679,213
516,585
633,133
827,138
227,884
338,27
356,795
124,520
598,400
306,48
876,82
54,296
666,237
758,170
49,274
263,899
673,194
506,46
764,133
93,201
735,211
132,804
302,833
413,706
160,874
140,587
433,633
490,55
752,153
770,133
21,440
685,278
480,662
227,130
376,50
468,664
640,339
200,714
75,470
679,210
40,265
521,573
168,787
843,131
135,575
517,585
169,174
426,625
560,484
636,343
31,474
396,56
163,745
457,62
94,208
535,47
332,16
373,775
173,170
139,851
429,629
800,119
676,199
677,223
312,28
384,52
700,221
84,189
689,241
873,74
731,164
364,784
127,820
679,203
510,601
555,498
187,700
97,481
258,900
595,94
576,450
643,336
862,100
263,864
161,183
658,322
108,218
328,11
661,258
352,807
686,250
561,483
359,43
144,595
363,786
54,469
736,119
718,139
738,144
522,43
79,471
173,728
613,106
526,563
29,233
488,651
303,53
746,176
841,137
587,86
71,185
660,256
130,832
442,651
851,96
155,703
172,170
466,62
410,723
105,217
162,794
658,247
659,255
292,838
810,113
154,732
299,835
580,78
854,110
123,519
52,359
179,716
753,121
54,317
400,751
494,52
278,95
561,484
85,473
11,458
175,888
87,191
217,132
450,659
364,45
290,840
476,663
165,743
171,886
372,775
670,234
800,133
32,255
507,607
128,547
55,327
701,219
23,435
409,625
820,130
415,677
414,695
181,157
625,353
751,191
58,287
754,186
132,567
441,64
98,483
206,143
350,817
498,51
635,133
760,173
756,170
584,432
855,109
749,117
380,51
680,302
535,542
663,240
277,96
649,143
850,98
27,239
582,437
512,44
16,449
418,621
36,473
127,536
368,47
42,471
763,150
29,251
30,251
765,134
675,226
159,872
185,703
129,218
59,210
22,474
25,422
149,860
520,576
154,194
701,212
702,194
415,674
143,595
663,152
683,300
22,437
371,776
62,204
703,252
654,325
175,665
676,261
180,159
513,592
165,792
811,128
353,40
62,351
210,883
264,861
355,796
599,97
444,654
73,185
143,207
56,276
55,292
623,111
475,663
697,233
536,542
351,807
99,214
64,468
45,270
119,220
504,614
413,703
503,616
867,76
759,170
402,637
700,225
702,197
25,431
333,19
742,177
46,471
266,899
726,223
51,469
566,67
415,683
531,552
756,184
442,64
260,900
156,725
85,190
284,85
757,183
406,736
758,128
194,720
356,42
563,479
782,127
639,135
694,237
35,365
215,881
145,800
308,831
167,679
152,196
351,812
100,215
409,731
158,613
657,247
198,716
185,892
130,218
114,503
702,204
43,362
151,606
704,251
814,112
847,123
725,224
138,583
638,340
323,10
781,142
491,54
685,253
688,244
860,101
680,259
864,96
257,118
27,242
122,515
191,144
709,152
178,890
13,454
414,60
380,770
564,478
219,132
56,290
786,125
537,47
848,121
24,406
26,390
153,195
65,468
525,566
178,640
31,230
748,175
801,132
130,831
365,46
165,620
610,373
701,255
479,58
29,375
712,146
731,158
180,648
161,874
508,45
397,755
183,749
734,121
205,885
294,69
663,167
666,178
152,606
574,454
410,59
139,587
690,268
285,83
512,596
780,142
179,890
346,35
257,900
295,836
153,736
173,669
559,487
157,867
121,514
670,190
107,492
342,31
515,590
568,469
806,115
148,602
537,48
681,301
518,583
297,65
153,196
759,177
742,203
154,608
66,469
193,144
504,48
583,434
126,534
516,44
129,806
664,173
132,216
702,254
427,626
10,470
815,112
726,224
138,585
486,654
140,853
781,128
269,108
549,511
625,355
839,142
183,746
737,119
629,129
187,146
349,820
575,453
648,331
176,636
684,283
802,118
534,545
314,19
684,297
392,761
742,115
875,75
108,493
569,466
605,382
716,236
848,119
26,392
405,740
597,95
102,216
395,757
125,527
128,541
533,45
185,151
519,579
25,395
117,506
175,725
179,654
414,669
110,219
550,510
826,136
41,267
41,222
738,118
189,728
563,65
146,800
128,827
56,328
238,127
589,87
684,288
833,144
268,856
164,793
571,459
716,235
704,168
522,572
135,802
687,273
726,131
410,664
413,668
305,51
743,201
748,148
92,477
57,357
330,13
476,60
25,396
703,177
778,143
580,442
725,132
175,167
234,896
401,656
164,180
591,90
439,644
61,284
173,887
541,530
676,303
130,554
684,287
98,214
264,871
411,712
410,624
359,790
213,135
342,32
469,664
201,711
626,352
848,101
60,286
704,175
155,719
305,52
583,82
748,147
570,69
58,356
476,59
204,144
592,90
25,405
353,800
64,200
614,369
35,473
271,855
164,179
551,506
828,138
591,414
633,345
831,143
214,135
713,145
144,207
625,119
732,155
147,202
440,64
259,900
204,886
243,126
557,491
607,381
853,111
339,28
446,655
30,373
15,451
201,712
572,457
19,443
365,784
704,166
155,708
245,901
528,559
158,691
412,666
413,622
162,686
514,590
53,301
866,93
25,414
10,458
856,91
505,614
783,127
180,160
609,104
844,127
44,221
377,771
581,439
527,561
159,188
859,87
399,56
37,261
645,139
411,710
250,901
14,474
550,56
347,37
662,316
367,46
152,863
190,699
175,632
414,622
53,310
182,763
401,746
678,220
553,501
592,413
424,63
772,145
64,198
523,570
46,271
266,859
357,794
545,521
89,194
180,773
548,514
603,389
400,653
678,303
697,259
367,780
538,536
869,74
136,578
377,772
502,621
67,192
840,139
588,422
91,198
92,200
348,821
129,549
169,624
186,702
148,202
171,731
679,260
734,214
268,892
819,129
195,891
52,219
368,779
165,682
493,642
95,210
136,214
873,86
836,110
180,714
182,754
554,500
256,900
169,786
61,207
316,12
286,844
51,274
876,84
749,151
697,260
199,705
400,644
184,742
149,604
165,881
276,852
792,123
666,310
83,472
546,54
307,45
327,828
92,199
735,213
757,152
192,891
172,628
669,188
268,891
140,589
177,778
768,147
33,256
177,720
416,61
53,312
182,757
473,60
664,158
679,212
96,480
516,586
351,39
633,132
499,627
392,54
124,521
306,49
179,773
640,135
876,83
54,297
611,371
276,851
849,119
334,20
49,273
673,193
267,109
506,47
764,134
453,63
93,200
132,805
518,43
647,333
485,57
413,705
57,213
701,207
685,277
372,48
173,630
247,901
410,718
843,130
679,205
38,223
40,266
239,127
168,788
862,98
135,574
355,41
854,93
123,520
752,120
606,103
517,584
183,153
168,622
666,312
739,143
560,485
599,395
268,108
163,744
535,46
332,17
373,774
173,169
139,850
232,891
429,628
674,228
841,135
252,901
677,222
826,110
312,29
38,264
58,212
403,637
700,222
631,348
731,167
658,253
567,469
273,854
127,823
364,785
626,124
399,648
453,661
576,451
663,315
700,256
774,145
263,867
748,116
786,140
328,12
661,257
662,241
737,176
192,721
190,892
686,251
47,221
673,262
50,220
561,482
144,596
17,474
715,143
604,384
764,148
168,175
131,805
478,59
173,727
488,652
841,136
677,199
290,75
660,257
130,833
664,313
60,207
23,437
168,883
847,102
155,702
172,171
410,720
162,795
843,106
53,275
627,127
58,277
77,471
292,839
832,143
79,185
134,572
154,733
48,360
248,123
154,864
123,518
299,834
568,68
580,79
748,115
181,767
854,111
789,138
750,172
744,176
598,96
196,701
582,435
165,742
351,816
653,145
112,499
55,326
701,218
441,649
23,434
634,344
176,165
415,676
508,605
754,187
774,131
760,174
600,98
855,108
749,116
649,142
850,99
62,341
27,238
687,249
562,482
13,474
18,474
146,858
127,539
571,71
788,138
594,92
118,220
29,250
838,142
162,615
185,702
609,377
701,211
520,577
25,421
280,91
702,195
724,225
412,706
107,218
548,55
415,685
753,153
143,594
402,658
169,677
131,561
298,835
62,205
671,262
799,134
175,664
736,174
735,174
264,862
673,230
691,268
530,553
69,187
603,101
253,121
608,104
94,205
134,840
504,615
671,233
178,655
413,702
88,475
657,253
503,619
752,189
113,501
700,226
702,202
25,430
333,18
856,107
415,682
127,811
643,335
455,661
187,731
406,630
44,269
798,119
85,189
158,797
284,86
231,889
710,149
18,445
859,103
733,151
406,737
336,24
758,129
563,478
35,364
167,678
152,197
351,815
740,177
409,730
358,792
664,160
827,137
702,205
595,405
704,252
847,122
155,193
483,57
781,141
638,341
178,162
52,469
660,148
644,334
685,252
134,215
688,245
126,818
452,660
860,102
864,97
111,219
386,765
758,152
27,245
13,453
106,492
17,447
159,689
698,232
719,231
24,407
667,261
26,391
153,194
101,215
174,168
178,641
525,565
35,226
329,827
846,124
365,45
402,57
165,619
607,103
752,171
578,446
82,187
795,121
705,251
29,374
819,111
712,147
801,133
180,649
179,643
508,46
54,358
183,748
397,754
641,137
663,166
434,636
171,627
152,607
666,179
574,455
835,111
139,586
690,269
431,632
512,597
622,357
96,210
153,743
61,353
173,668
336,22
121,513
446,656
875,85
200,144
398,648
148,603
863,97
297,64
170,734
154,609
265,111
361,789
730,125
86,474
124,220
90,476
329,828
664,174
611,105
132,217
519,581
702,255
10,471
486,655
820,110
269,107
549,510
737,118
459,62
131,557
665,260
575,452
648,332
808,114
366,46
684,298
153,744
875,74
711,149
108,494
35,259
677,261
569,465
628,127
26,393
170,786
243,901
333,827
405,739
266,110
69,469
125,526
128,542
288,841
185,739
185,150
129,830
519,578
646,334
25,394
279,94
268,896
175,724
288,78
235,898
736,210
41,266
683,256
707,155
189,727
629,350
524,43
615,106
321,10
270,855
624,114
805,131
56,329
492,53
166,178
648,141
684,289
832,111
792,136
374,49
817,128
268,857
275,99
704,169
298,64
522,573
155,713
410,665
305,50
125,220
141,855
53,218
54,216
92,478
57,356
185,740
234,894
415,61
25,403
755,125
616,106
725,131
267,897
57,469
402,744
828,140
61,283
668,184
262,900
541,529
375,773
126,814
586,426
859,88
713,239
398,754
130,555
684,280
334,827
740,205
170,885
264,872
411,715
410,625
30,371
201,710
491,646
771,133
626,353
717,235
225,131
155,718
279,849
247,124
191,723
597,96
251,121
412,668
362,44
816,127
182,750
592,91
147,601
204,145
25,404
703,185
775,145
389,764
164,743
54,322
271,854
573,72
539,533
370,47
538,535
831,142
651,329
828,139
66,193
283,845
711,243
198,889
714,238
625,118
509,45
769,134
310,38
129,554
759,129
684,279
579,78
852,112
744,143
178,717
857,107
585,430
15,450
202,144
572,458
365,783
276,97
60,278
704,167
723,133
155,711
745,144
49,470
602,100
412,667
655,146
162,687
514,591
53,300
74,470
55,216
383,767
678,218
25,413
27,385
10,459
358,43
505,613
159,613
180,161
401,641
456,63
148,800
534,46
487,653
222,881
521,43
502,619
28,474
563,480
581,438
527,560
602,390
859,86
715,237
751,172
129,547
404,633
406,662
830,142
213,136
31,369
567,67
550,57
533,548
347,36
238,128
511,600
768,134
496,633
662,317
151,198
120,512
445,655
195,719
53,309
182,760
678,221
553,500
772,146
242,901
64,199
318,829
357,793
672,262
214,882
545,520
89,193
162,876
603,388
400,57
199,715
400,654
693,266
845,127
538,537
136,579
211,137
672,192
211,883
506,609
840,140
588,423
56,357
348,822
129,548
223,881
794,136
171,730
853,112
268,893
178,776
195,890
819,128
435,638
368,780
165,681
493,641
497,51
773,132
722,227
155,725
412,60
379,51
180,715
622,109
182,755
664,152
256,901
516,588
61,206
155,799
316,13
388,53
229,130
139,211
729,220
86,190
784,140
749,150
199,704
184,743
59,469
149,603
610,105
408,731
666,311
263,114
138,850
376,772
448,657
307,44
735,212
384,766
669,187
172,629
283,87
49,360
268,884
796,120
177,777
530,44
555,60
744,115
731,160
195,701
399,645
679,215
664,159
111,497
96,481
516,587
133,804
705,163
463,664
317,829
338,25
392,55
157,190
124,522
306,46
90,195
876,76
731,217
750,152
420,621
186,734
849,118
334,21
11,473
599,397
715,144
164,618
316,829
647,332
561,64
741,177
268,883
485,56
413,704
825,110
57,289
57,212
311,33
701,206
646,140
630,348
685,276
173,629
670,262
104,217
410,719
798,134
731,161
566,471
181,891
661,150
679,204
862,99
843,133
705,164
299,61
154,799
743,115
263,869
653,327
412,622
343,826
531,45
752,121
291,839
876,75
458,662
168,623
560,486
84,473
49,220
268,109
359,44
272,104
59,336
756,125
336,827
116,220
797,120
232,892
763,133
50,360
674,229
677,221
826,111
312,30
700,223
167,789
403,636
746,198
731,166
415,689
182,708
127,822
148,860
273,853
39,223
39,362
626,125
244,901
399,651
702,190
663,314
700,257
263,866
51,360
822,130
864,79
186,736
612,370
192,722
559,63
817,127
47,220
11,471
156,610
67,191
144,597
362,788
691,239
604,385
637,342
694,263
593,91
315,829
562,64
617,365
801,118
303,55
695,235
589,420
40,362
442,649
168,884
25,474
23,436
441,647
409,59
664,314
795,135
410,721
675,304
325,828
345,35
658,245
750,194
148,859
310,830
77,470
627,126
134,573
154,730
568,69
70,469
752,119
750,173
736,145
389,54
544,521
598,97
744,177
47,272
196,702
692,238
165,741
593,92
60,336
117,220
335,21
653,144
196,717
857,90
112,500
699,229
701,217
441,648
25,419
776,144
634,345
689,271
176,166
543,523
267,881
412,708
415,679
414,693
657,147
508,606
862,84
169,675
591,416
760,175
478,662
62,203
600,99
249,123
266,878
581,79
34,258
859,104
417,61
181,711
481,661
499,50
155,609
687,248
758,180
146,859
127,538
571,70
788,139
594,93
170,174
649,331
425,625
482,57
281,847
372,776
29,249
835,144
657,251
838,143
743,177
677,200
609,376
458,62
21,474
700,228
25,420
26,474
137,802
280,92
136,843
28,380
461,664
520,578
106,217
412,707
415,684
724,226
169,676
132,568
131,560
684,253
736,175
61,341
62,349
264,863
355,798
673,229
874,85
105,491
69,186
289,841
253,120
470,61
698,231
572,71
790,138
167,680
667,310
426,63
134,841
281,848
671,232
413,701
657,252
503,618
198,715
504,616
752,190
113,500
700,227
115,504
25,429
333,17
281,91
702,203
320,10
28,379
871,74
856,108
399,751
127,810
754,170
187,730
521,576
226,883
99,483
44,270
63,201
405,58
406,631
830,111
177,638
345,825
733,150
272,854
437,639
755,185
651,143
686,276
838,110
287,843
495,52
351,814
409,729
67,469
177,661
358,793
89,475
218,132
254,901
664,161
790,124
114,501
827,136
135,841
155,192
47,470
727,222
178,163
142,592
162,745
197,144
660,149
731,155
644,335
663,168
665,313
685,251
799,119
709,245
126,819
452,661
860,103
128,808
370,778
498,630
27,244
558,490
13,452
839,109
698,233
24,408
26,388
723,227
63,468
174,169
525,564
89,476
750,118
752,172
58,334
664,168
116,504
575,73
9,469
794,122
705,250
819,110
303,833
378,770
180,650
179,642
641,136
54,359
309,42
455,63
712,148
171,626
135,215
835,110
