177,421
18,121
129,26
40,22
203,63
206,24
36,34
59,131
131,187
207,59
171,231
155,33
173,247
194,28
160,148
207,381
10,97
177,77
134,198
156,394
49,139
89,12
171,79
84,273
33,34
88,265
181,303
201,417
205,409
171,220
120,335
138,82
180,38
111,19
132,193
207,378
136,132
10,104
125,179
38,31
168,415
24,132
193,70
49,140
175,265
86,267
21,46
65,12
84,280
105,117
177,288
198,352
92,149
103,104
59,14
166,413
80,137
109,18
96,248
166,170
169,214
155,391
84,295
12,81
103,16
181,305
146,373
209,403
103,97
15,117
109,122
130,183
187,74
151,32
158,146
114,214
140,134
108,325
12,72
197,68
199,352
209,404
132,190
80,135
100,317
84,12
161,151
72,129
116,74
26,133
181,77
94,251
96,246
78,10
72,127
92,309
169,81
167,191
209,58
136,358
209,397
106,322
126,204
130,348
144,373
185,34
168,38
167,413
172,419
65,127
39,24
169,201
16,121
167,180
209,390
30,35
69,12
15,64
20,125
82,137
90,306
18,55
97,153
118,332
63,14
86,302
101,157
11,109
167,173
78,135
101,238
141,29
179,291
189,326
149,30
221,49
183,307
98,243
98,316
16,119
92,258
167,170
10,86
229,34
106,226
179,296
94,14
108,222
90,260
82,10
159,146
72,12
200,65
165,167
149,136
55,135
101,16
152,386
227,29
157,143
148,377
149,32
205,376
177,287
164,409
165,160
117,210
105,77
142,368
79,10
153,140
10,88
197,352
109,73
151,83
191,423
179,423
217,24
122,336
199,418
165,169
167,192
151,138
104,160
122,22
103,88
130,204
95,313
134,81
138,28
211,395
195,69
116,20
94,313
115,212
206,61
173,257
110,18
57,134
118,210
103,81
197,28
203,368
207,408
66,127
174,260
150,381
154,391
191,30
32,34
204,411
16,59
34,141
132,351
103,78
124,177
214,55
126,181
141,365
158,399
191,333
197,347
162,152
20,46
91,147
43,20
122,176
58,14
171,232
108,18
219,49
203,366
191,330
31,139
25,38
193,421
14,64
22,128
187,323
195,342
204,24
116,330
207,61
171,225
137,81
173,253
105,18
183,36
185,317
96,315
10,103
86,143
111,125
99,16
227,39
163,153
129,25
40,23
127,343
93,14
171,230
155,32
173,246
194,29
207,380
87,12
127,181
134,199
156,395
107,73
163,158
84,274
11,82
29,36
105,115
88,266
181,302
201,416
171,223
190,73
138,83
103,114
17,56
184,34
38,141
111,18
166,411
132,194
188,423
10,105
123,23
178,77
110,222
38,28
24,133
132,81
193,69
175,264
110,73
172,79
84,281
123,206
105,116
196,69
94,150
121,335
103,107
62,14
113,214
120,128
195,421
175,273
92,254
113,167
96,249
169,213
28,136
84,288
12,82
178,422
181,304
209,402
103,96
129,347
113,126
148,30
163,36
138,362
174,420
168,200
28,135
12,73
197,67
199,355
209,395
123,77
37,32
132,191
161,150
39,141
116,75
181,76
75,12
96,247
92,310
169,80
167,190
209,57
136,359
209,396
104,230
106,323
126,205
162,81
130,349
198,419
181,36
201,363
111,167
167,81
156,83
167,38
169,200
53,139
131,132
167,183
209,389
178,290
20,126
153,32
45,18
176,276
90,307
18,52
201,364
220,24
118,333
213,55
86,303
76,132
183,309
147,83
167,172
141,28
179,290
202,26
131,26
42,22
205,63
189,325
108,224
126,78
159,148
76,131
221,48
183,306
98,317
12,109
55,137
190,30
10,87
102,236
229,33
194,69
106,227
179,299
173,79
108,223
90,261
101,317
122,335
161,35
162,403
73,129
165,166
189,32
30,138
105,75
125,24
142,366
10,94
139,363
113,20
152,387
227,28
157,142
107,121
147,136
148,378
202,415
205,375
177,286
161,36
164,410
184,312
61,14
151,140
105,76
142,369
129,204
184,423
24,38
207,405
10,89
102,158
125,130
191,422
94,311
122,337
177,279
124,77
165,168
115,127
167,195
104,161
103,91
110,326
118,75
211,394
187,319
173,256
122,175
57,133
165,81
103,80
179,77
126,179
159,83
123,339
88,303
16,60
111,327
203,411
171,242
124,178
158,396
170,38
191,332
67,127
197,346
20,47
77,10
67,12
105,321
157,146
134,354
122,177
171,235
158,34
36,141
185,315
61,131
134,202
13,113
14,65
22,129
187,322
195,345
126,341
145,135
116,331
207,60
171,224
172,242
211,57
173,252
105,17
106,161
125,206
185,316
187,32
10,100
139,133
123,24
111,124
223,45
175,261
14,72
163,152
129,24
40,24
44,141
117,22
46,18
84,276
194,340
93,13
59,133
83,11
173,245
128,79
111,20
132,196
171,419
38,26
170,418
93,149
208,59
84,275
105,114
181,301
129,130
81,137
117,128
171,222
103,109
184,35
132,195
123,22
38,29
50,16
175,267
169,211
150,384
84,282
175,77
146,376
94,151
95,250
44,18
103,106
163,81
130,186
132,202
152,83
186,318
136,28
195,420
175,272
90,146
92,255
165,159
96,250
169,212
28,137
84,289
178,423
199,357
182,423
154,140
209,401
85,270
103,99
195,28
159,34
200,358
114,212
170,415
99,15
62,129
138,363
174,421
84,296
12,74
68,127
90,12
199,354
192,334
161,149
160,400
53,16
181,75
182,75
170,220
92,311
22,46
167,185
209,387
119,128
66,12
47,18
104,231
156,142
201,362
60,14
117,75
118,331
197,419
169,207
25,133
124,130
53,138
167,182
209,388
20,127
18,53
191,71
157,83
86,300
129,79
76,133
183,308
98,246
121,130
175,421
167,175
78,133
102,234
229,39
179,293
182,306
205,62
189,324
108,225
126,79
146,136
48,16
104,77
12,110
143,30
55,136
75,131
27,36
10,84
190,31
102,237
229,32
179,298
108,73
90,258
148,380
176,77
139,83
161,34
165,165
30,139
161,403
142,367
76,10
10,95
152,388
210,390
107,120
70,12
148,379
205,374
45,141
177,285
164,411
167,197
103,93
24,39
102,159
177,278
221,26
115,126
98,154
167,194
103,90
51,16
110,327
209,22
137,132
215,24
126,24
202,63
104,320
198,67
187,318
133,353
193,30
118,208
102,318
103,83
203,370
177,38
154,389
14,116
181,423
88,304
16,61
34,139
128,204
21,127
117,171
124,179
158,397
180,77
104,319
108,164
168,81
114,328
157,145
199,65
134,355
171,234
119,208
145,30
219,51
185,314
61,130
108,163
139,28
88,143
14,70
84,270
195,344
145,134
129,183
171,227
173,251
211,56
105,16
175,38
10,101
139,132
105,161
86,141
198,28
227,41
175,260
163,155
188,324
117,21
84,277
93,12
59,132
99,317
117,331
83,10
155,34
173,244
113,73
132,197
207,382
10,108
215,53
38,27
114,168
170,419
134,197
137,359
175,269
106,75
107,75
91,309
84,284
174,79
181,300
44,20
138,81
103,108
184,36
132,204
110,220
175,266
86,270
143,134
115,128
169,210
150,385
26,38
63,127
84,283
56,135
146,377
44,19
100,240
123,177
103,101
130,187
132,203
37,141
174,419
175,275
90,147
74,130
165,158
169,219
84,290
12,76
142,134
199,356
209,400
103,98
153,83
114,213
166,81
99,14
171,38
138,360
142,30
169,220
84,297
12,75
144,83
130,26
207,24
89,262
160,34
161,148
144,369
160,401
94,254
208,24
69,127
167,184
209,386
104,232
106,321
34,34
130,347
201,361
86,298
97,246
169,206
53,137
167,177
189,330
155,141
90,305
86,301
164,36
128,344
183,311
208,22
121,129
12,112
128,130
167,174
102,235
29,137
229,38
106,230
179,292
107,323
202,24
42,20
205,61
136,81
192,30
108,226
162,406
130,79
98,315
48,17
176,38
12,111
76,12
10,85
193,339
90,259
127,79
148,381
204,370
116,169
85,12
177,283
110,124
165,164
76,11
148,83
10,92
193,340
132,132
152,389
227,30
109,222
205,373
134,132
177,284
144,30
164,81
186,34
167,196
211,22
103,92
24,40
207,407
211,391
140,364
125,341
55,14
120,75
144,134
35,34
174,38
177,277
201,415
221,25
98,155
103,85
77,133
140,363
88,12
104,321
160,83
14,114
70,127
110,166
189,73
118,209
102,319
103,82
158,395
186,423
197,351
183,75
64,12
121,77
14,117
114,20
88,305
16,62
203,413
187,423
121,175
33,139
162,36
73,12
222,26
119,75
191,334
108,165
114,329
102,16
157,144
42,141
22,127
150,32
171,237
219,50
185,313
61,129
198,26
164,158
112,167
20,48
133,202
134,200
88,144
14,71
18,122
187,324
84,271
218,24
171,226
173,250
104,159
10,98
111,126
224,45
223,47
227,40
175,263
163,154
149,83
117,20
84,278
88,262
133,26
173,243
216,53
131,204
207,377
10,109
110,218
38,24
114,169
170,416
175,268
107,74
225,27
84,285
68,12
84,140
229,31
103,111
108,122
110,221
166,36
115,329
138,359
213,23
169,209
225,28
84,292
175,79
146,374
94,149
208,382
100,241
84,139
103,100
130,184
187,73
63,129
212,55
223,26
175,274
91,258
74,131
169,218
84,291
12,77
178,421
204,63
122,77
205,24
81,10
106,18
26,134
138,361
199,26
93,254
100,16
209,383
184,75
136,355
19,123
144,370
201,359
160,402
152,140
145,83
128,181
22,44
167,187
100,238
209,385
193,335
104,233
216,24
82,138
135,355
18,56
201,360
86,299
112,327
169,205
54,14
167,176
105,230
189,329
155,140
196,28
128,345
183,310
96,152
97,14
98,244
208,23
121,128
12,113
183,423
100,156
229,37
179,295
91,12
202,25
42,21
126,77
135,27
162,407
164,407
114,73
116,210
48,18
226,43
100,155
10,82
193,338
85,297
124,340
179,300
142,83
38,32
23,131
116,170
120,173
177,282
107,18
218,51
128,343
165,163
30,137
142,365
10,93
124,339
106,120
107,122
203,24
205,372
199,417
167,199
27,135
103,95
19,52
24,41
207,406
102,157
211,390
140,365
107,226
79,135
120,76
185,75
118,172
154,32
173,260
140,83
177,276
221,24
131,349
154,83
103,84
110,325
173,38
43,141
150,382
28,36
14,115
110,167
132,26
16,56
130,80
115,73
103,77
52,139
197,350
64,13
46,141
161,83
71,127
16,63
179,38
71,12
203,412
203,365
190,32
199,67
153,389
134,353
120,208
195,341
180,423
148,136
171,236
112,73
185,312
206,376
198,27
112,216
20,49
134,201
210,22
138,132
88,145
14,68
18,123
195,346
36,32
80,10
171,229
173,249
194,30
169,415
10,99
139,134
223,46
227,43
192,71
156,392
175,262
178,38
163,157
121,208
47,141
122,206
84,279
88,263
176,421
205,411
99,242
83,12
120,333
173,242
103,113
180,36
207,376
10,106
215,55
159,399
110,219
112,214
38,25
168,413
170,417
151,385
156,391
175,271
225,26
84,286
105,119
177,290
152,32
84,141
229,30
103,110
89,305
219,24
112,126
196,419
141,83
146,30
213,22
86,268
175,276
109,165
169,208
26,36
135,81
84,293
122,208
175,78
140,28
105,120
201,26
146,375
100,242
103,103
109,124
130,185
134,26
63,128
83,139
161,152
96,14
97,315
87,143
90,145
221,47
169,217
228,39
12,78
199,358
132,188
173,419
107,163
188,32
26,135
213,24
124,24
225,45
209,382
157,395
112,20
22,42
167,189
136,356
209,399
35,141
126,206
60,131
132,187
103,234
217,53
144,371
201,358
160,403
109,325
94,252
167,37
169,203
50,139
128,182
131,131
22,45
167,186
100,239
209,384
193,334
104,234
130,130
82,139
190,423
90,308
183,312
169,204
54,15
167,179
30,36
189,328
145,373
147,377
119,333
48,141
121,22
128,346
113,327
96,153
98,245
116,212
206,409
172,38
137,28
16,117
17,121
92,256
201,63
115,20
100,157
229,36
106,228
179,294
90,262
135,26
191,73
162,404
149,138
116,211
169,79
133,81
10,83
193,337
124,341
111,73
116,171
120,174
157,34
177,281
165,162
96,151
132,352
126,130
54,16
10,90
23,42
119,22
191,421
57,14
205,371
122,338
201,65
186,32
167,198
103,94
87,303
24,42
211,393
128,24
190,330
120,77
118,173
173,259
182,36
95,151
98,153
103,87
196,346
150,383
200,417
116,128
16,57
130,81
132,349
171,241
102,317
86,12
49,16
194,421
197,349
224,26
64,14
161,82
141,134
146,83
228,30
203,415
124,206
203,364
212,22
114,327
14,66
200,26
199,66
22,130
115,169
187,321
195,340
126,342
171,239
119,173
173,255
106,162
96,313
127,130
112,217
20,50
131,81
14,69
104,114
36,33
147,30
189,423
171,228
173,248
58,133
10,96
52,16
40,141
227,42
156,393
163,156
127,24
118,128
84,272
122,207
88,264
205,410
171,221
120,334
103,112
180,37
143,83
132,192
207,379
10,107
215,54
74,12
112,215
38,30
114,167
168,414
24,131
193,71
49,141
175,270
86,266
143,369
84,287
105,118
177,289
92,148
103,105
166,412
80,136
195,419
86,269
160,399
169,215
150,83
26,37
84,294
12,80
181,306
92,147
103,102
109,123
187,75
120,22
220,49
108,324
74,129
169,216
225,43
99,155
12,79
197,69
199,353
41,22
209,405
103,159
132,189
133,132
72,128
217,51
116,73
64,127
108,323
94,250
225,44
22,43
167,188
209,59
136,357
209,398
188,73
156,34
217,52
144,372
94,253
167,36
169,202
16,120
128,183
131,130
167,181
226,28
118,22
30,34
127,204
56,14
20,124
85,141
90,309
18,54
122,130
86,297
214,24
87,266
167,178
78,134
141,30
20,123
189,327
155,142
149,31
135,28
51,139
128,347
98,242
16,118
92,257
167,171
102,238
229,35
106,229
179,297
135,132
191,72
159,147
162,405
185,423
149,137
193,336
54,137
93,311
152,385
210,395
120,175
32,139
177,280
164,408
165,161
114,126
169,38
132,353
167,200
163,407
170,79
10,91
192,421
158,83
41,141
210,57
205,370
118,171
104,16
122,339
199,419
201,64
165,170
186,33
167,193
151,139
103,89
98,14
150,138
211,392
149,381
103,319
13,72
31,34
92,12
94,312
173,258
57,135
123,130
103,86
165,36
203,369
222,47
207,409
154,390
14,113
180,300
110,165
95,14
16,58
34,140
125,77
132,350
171,240
103,79
158,398
126,180
202,364
197,348
133,197
161,81
186,75
145,136
203,414
171,233
155,83
16,64
165,411
203,367
191,331
89,145
20,52
14,67
111,218
22,131
187,320
195,343
126,343
116,329
208,405
171,238
173,254
211,55
106,163
185,318
96,314
10,102
86,142
112,218
20,51
