103,15
73,72
46,135
93,21
17,20
47,134
24,66
51,74
84,36
85,146
98,186
104,25
90,207
77,76
48,37
12,59
54,118
110,19
73,180
87,23
48,130
55,78
49,58
48,152
99,187
81,197
68,92
80,94
100,17
95,207
88,154
29,11
61,107
51,34
102,27
59,162
9,39
81,104
82,118
97,182
10,36
94,174
86,204
79,85
93,171
62,165
111,19
57,112
67,89
58,110
98,30
71,71
68,91
66,17
47,49
28,63
8,45
78,190
29,62
62,84
9,40
33,59
53,33
79,191
30,61
8,51
68,172
56,13
79,82
101,193
66,37
85,142
64,86
65,88
56,115
45,140
94,32
59,14
83,125
48,41
96,19
83,132
16,66
97,18
44,68
87,154
12,29
69,92
93,207
68,104
69,102
80,98
70,98
16,20
21,17
54,33
98,206
34,59
59,33
105,15
69,17
78,77
72,180
58,112
82,21
13,63
44,67
38,9
13,25
46,70
84,201
80,89
70,101
47,45
78,37
22,17
48,72
83,37
82,125
85,144
98,184
48,39
94,207
48,132
99,189
100,190
60,83
51,62
88,156
47,42
81,110
82,116
97,180
10,34
94,172
79,87
26,65
58,161
101,198
93,169
96,177
45,145
106,24
88,206
65,69
42,65
83,129
67,91
108,22
97,31
48,10
68,69
49,11
21,66
45,69
49,130
101,27
47,51
56,160
19,20
102,16
8,47
32,60
47,150
43,9
8,53
15,64
65,36
76,75
11,32
69,175
57,14
84,137
10,55
51,64
45,138
37,61
70,37
83,127
62,15
54,120
53,122
75,37
15,20
95,174
109,16
55,116
51,12
58,81
71,177
78,20
50,11
54,13
80,100
70,96
64,167
50,154
92,21
50,127
47,133
79,37
18,20
101,200
81,114
63,166
49,73
65,87
67,170
14,24
64,69
13,61
48,56
70,175
22,66
89,158
59,108
23,66
80,91
54,157
62,68
77,20
47,47
59,161
90,161
81,107
82,123
10,57
52,64
94,171
63,86
61,34
23,12
84,133
53,76
105,24
49,36
37,9
50,35
76,185
56,79
77,188
50,61
47,71
72,18
74,183
85,204
73,19
100,29
101,16
83,198
47,52
46,146
52,33
80,104
9,43
25,65
57,33
64,36
72,71
81,108
82,114
8,48
67,17
79,81
100,202
101,196
84,140
54,77
51,125
96,179
45,143
107,23
48,54
71,37
60,14
66,89
83,131
61,15
109,21
87,153
69,95
49,128
74,19
80,194
46,149
49,154
55,13
58,33
63,68
9,54
68,17
69,173
90,34
84,139
86,36
52,124
32,10
45,136
89,207
78,78
76,74
91,162
14,23
53,120
92,165
15,22
82,22
108,15
86,151
11,30
55,118
77,37
67,104
56,67
53,12
75,19
80,102
76,20
61,83
70,102
46,134
50,125
81,112
45,10
51,75
52,123
67,37
85,147
78,81
70,18
104,24
67,172
99,204
77,77
73,181
53,65
55,79
48,58
66,69
49,59
59,110
53,156
80,93
76,19
100,16
59,68
51,35
47,41
102,26
81,105
96,207
97,183
82,121
22,15
92,34
84,135
62,164
73,37
111,16
42,66
81,37
57,113
76,187
49,60
43,66
62,107
74,181
85,202
64,106
88,23
75,184
89,22
83,200
66,16
19,19
28,62
8,44
9,41
60,163
30,60
88,35
65,168
8,50
50,73
89,34
79,83
101,194
66,36
86,35
58,14
85,143
56,114
45,141
85,22
48,40
79,192
96,18
92,168
16,65
83,133
39,62
12,28
51,11
69,93
55,158
52,12
79,20
59,82
69,103
80,97
14,64
20,19
21,18
46,10
79,88
75,72
63,165
69,18
106,15
87,35
11,58
35,9
72,179
91,164
61,163
12,61
92,167
86,149
41,64
14,63
12,27
18,66
69,70
13,26
63,16
95,176
81,195
27,11
69,96
84,200
102,15
91,22
54,158
70,100
93,20
22,16
90,162
82,124
85,145
91,34
63,85
100,192
77,75
48,38
96,32
36,9
86,23
34,9
54,119
110,16
66,169
48,131
69,37
50,36
48,153
99,186
50,62
81,196
100,189
60,82
57,80
51,63
28,11
80,95
65,16
88,155
29,10
47,43
56,33
61,68
64,168
9,38
81,111
82,119
97,181
10,37
52,76
22,13
86,205
79,84
26,64
94,20
58,160
101,199
93,170
71,18
54,78
93,33
45,146
111,18
58,111
108,21
82,197
71,70
27,63
101,28
57,67
47,48
56,159
46,150
8,46
32,59
78,191
29,61
62,85
47,151
103,26
97,206
52,75
8,52
15,65
49,127
68,173
11,33
35,60
87,206
83,22
101,192
84,136
54,65
85,141
64,87
56,116
45,139
94,33
38,61
15,21
63,15
48,151
95,175
76,37
55,117
12,30
58,80
66,105
54,12
80,99
41,9
70,99
50,126
104,15
27,64
101,201
74,72
63,167
67,171
99,203
81,21
13,62
106,23
98,17
25,11
13,24
89,159
59,109
84,202
30,10
64,16
80,90
59,67
42,9
47,44
90,160
83,36
40,63
47,10
82,122
10,56
57,160
60,34
98,185
61,35
94,19
23,13
72,37
53,77
49,37
80,37
25,12
19,66
26,11
77,189
99,188
100,191
60,108
74,182
100,28
88,157
83,199
90,22
47,53
25,66
81,109
64,35
82,117
10,35
94,173
50,74
31,60
79,86
100,201
101,197
93,168
62,35
95,19
96,178
45,144
88,207
48,53
96,31
83,128
66,88
67,90
97,30
48,11
98,29
68,70
60,107
45,68
49,129
80,193
59,81
47,50
46,148
48,71
78,189
63,69
9,55
69,174
57,13
84,138
45,137
37,60
11,57
63,35
76,73
91,163
14,22
83,126
53,121
86,150
11,31
20,66
109,15
87,151
91,208
91,165
67,105
71,176
65,105
56,66
80,101
91,21
61,84
70,97
50,155
98,205
89,160
55,33
47,132
44,10
59,34
81,113
52,122
49,72
85,148
78,80
99,205
68,37
40,64
34,10
17,66
66,170
24,12
48,57
39,9
89,157
46,69
70,70
91,207
58,67
53,157
80,92
47,46
46,136
81,106
96,206
82,120
10,38
52,65
22,14
98,183
85,36
92,33
84,134
110,20
111,17
74,37
92,208
57,114
76,186
82,37
56,80
49,61
43,67
77,187
47,70
62,106
82,198
99,29
73,18
64,105
88,22
75,185
85,203
31,10
63,106
68,103
60,68
46,147
52,34
8,43
103,25
9,42
60,162
82,115
65,169
10,33
8,49
89,35
87,205
35,59
100,203
101,195
84,141
36,60
51,124
84,22
54,66
96,180
45,142
85,23
51,155
107,22
38,62
79,193
48,55
60,15
52,156
55,66
39,63
83,130
109,20
87,152
70,176
69,94
55,159
80,195
79,21
40,9
80,96
49,153
20,18
73,71
43,10
79,89
9,53
75,73
80,21
11,59
72,178
78,79
33,10
107,15
61,164
12,60
95,32
92,166
52,155
93,208
67,69
86,148
41,65
98,18
71,178
13,27
95,177
75,183
99,17
80,103
