85,78
48,112
20,25
71,111
42,10
86,90
95,101
14,108
11,90
9,62
127,120
57,20
6,54
47,9
45,9
60,39
43,25
58,19
64,41
88,86
35,15
76,66
146,118
6,72
37,13
70,53
71,48
51,22
87,82
41,108
152,105
11,103
16,106
73,111
149,118
93,116
85,87
156,119
13,101
63,111
97,113
10,85
86,93
80,116
159,121
49,109
156,109
139,102
43,30
112,99
77,69
45,28
79,115
24,21
83,116
60,114
58,110
30,111
115,115
28,107
153,102
110,102
8,94
143,102
54,18
36,108
52,6
34,108
154,106
155,104
53,7
62,114
9,70
136,121
87,94
84,76
162,115
100,102
63,114
46,30
20,21
53,33
133,102
42,6
95,113
158,118
43,23
58,37
7,37
56,13
65,38
99,114
76,112
9,50
6,58
47,5
45,21
62,39
15,108
27,110
69,50
65,114
7,80
89,116
152,119
75,57
54,21
121,119
80,76
85,89
147,104
83,73
161,118
82,78
84,75
93,96
41,10
97,101
46,33
54,33
158,121
159,117
56,20
5,62
14,107
55,36
18,22
9,59
12,32
34,21
19,110
79,65
89,91
51,109
27,20
51,19
10,100
75,62
13,25
28,23
84,116
76,57
80,67
37,108
92,99
77,60
10,78
129,102
69,111
82,73
84,82
156,122
13,106
55,7
131,120
118,99
151,101
45,109
159,114
102,102
8,33
100,114
135,102
136,98
11,92
44,6
9,60
59,38
75,64
6,52
139,99
88,88
77,112
144,118
109,115
65,42
61,36
139,121
14,29
6,78
89,92
45,33
15,24
37,11
54,110
75,55
28,110
147,118
148,104
40,112
12,105
53,18
8,89
123,119
85,85
94,96
13,99
111,99
18,110
69,114
9,67
10,83
30,22
158,107
162,118
56,34
46,21
105,114
42,29
138,118
6,47
82,116
88,95
101,99
67,47
56,8
135,117
126,117
77,67
66,40
90,93
45,26
69,45
56,110
26,107
59,11
27,107
72,49
53,113
85,116
7,85
92,113
89,113
90,97
12,96
9,98
27,24
62,110
117,119
150,101
157,118
154,104
55,21
9,68
132,120
131,102
81,77
38,108
54,10
123,98
66,111
162,113
41,7
97,98
104,99
9,46
10,45
43,9
7,39
32,18
56,15
14,102
9,48
25,110
6,56
101,118
5,68
72,56
47,109
73,53
11,28
7,82
33,111
12,31
13,30
148,100
83,75
98,113
96,97
118,116
40,13
39,111
81,70
78,62
87,81
94,116
41,8
84,85
55,8
160,120
71,114
161,110
157,105
134,117
72,115
145,99
131,117
17,23
100,117
5,60
46,9
44,9
59,35
9,57
11,89
6,51
12,34
103,99
140,118
63,41
14,24
48,34
89,89
36,13
49,35
114,115
70,54
35,16
91,95
74,61
38,15
71,55
53,109
110,118
49,5
39,14
67,111
150,119
52,22
76,59
154,122
83,80
48,30
29,20
152,102
10,76
119,119
49,31
82,71
117,99
150,105
98,98
61,110
10,86
138,99
21,24
95,97
86,94
145,100
8,35
99,98
11,94
74,112
47,21
45,5
60,35
43,29
67,40
113,118
79,72
6,76
103,118
26,110
50,35
40,108
36,18
64,114
32,107
92,116
110,99
8,91
50,23
97,117
161,120
9,65
10,81
122,119
136,118
86,81
156,105
162,116
50,113
160,108
11,87
53,36
12,95
42,27
16,26
6,45
133,121
134,121
58,38
7,40
68,42
25,107
6,71
60,16
69,43
63,37
78,71
59,13
68,48
72,51
60,14
25,20
115,119
29,111
7,87
153,106
12,98
9,96
51,9
49,9
64,111
147,103
155,108
9,74
119,99
40,8
39,112
149,101
19,22
93,99
157,110
100,98
133,98
70,111
140,99
124,120
125,102
75,112
158,122
10,43
109,99
56,17
11,34
126,98
9,54
33,17
140,121
146,100
58,11
15,104
5,66
6,80
72,58
88,116
114,118
73,59
78,112
128,117
38,10
71,56
28,20
37,111
52,9
50,9
92,96
111,115
81,68
72,111
87,83
159,107
85,79
68,114
138,102
122,99
45,112
159,113
102,99
5,58
11,91
104,114
77,115
9,63
133,117
6,49
81,112
88,85
60,38
34,17
58,18
109,118
61,39
76,65
113,115
146,121
6,75
54,113
51,113
73,60
22,110
70,52
90,113
71,49
128,98
84,112
83,82
155,122
61,114
53,21
59,110
16,105
121,102
13,102
111,102
134,98
51,35
10,84
125,120
30,19
86,92
80,115
52,36
156,108
22,21
135,98
9,32
127,102
10,39
43,31
101,102
106,115
79,74
20,107
59,16
24,110
66,45
90,94
45,29
67,48
70,47
79,112
57,113
143,121
37,17
147,122
7,88
42,108
48,23
90,98
153,103
96,113
8,93
143,103
120,119
34,111
94,100
91,98
48,109
9,71
18,106
158,111
87,95
52,35
162,114
31,19
46,25
160,110
105,118
140,102
42,25
64,38
82,112
10,46
158,113
7,42
56,12
65,39
44,23
9,51
127,117
57,9
6,69
45,22
15,109
114,99
78,69
68,50
69,51
11,27
85,112
7,81
74,55
38,17
117,115
86,116
80,75
85,90
55,17
11,104
161,119
9,72
68,111
98,114
151,119
123,102
87,84
159,108
94,113
41,11
122,102
10,41
32,22
5,63
11,36
55,37
18,25
9,52
113,102
103,102
101,114
34,20
108,115
112,118
9,30
5,64
10,29
139,118
35,111
26,24
74,62
48,5
90,116
12,27
148,122
10,103
75,63
23,107
110,115
13,26
80,66
130,117
89,96
29,23
53,10
77,61
96,101
55,110
117,102
82,72
136,102
121,99
43,108
85,77
41,12
13,107
47,34
145,103
86,91
95,100
159,115
8,32
107,118
11,93
9,61
23,21
6,55
64,42
75,65
88,87
43,24
145,121
65,43
106,118
20,110
35,14
76,67
14,28
6,73
89,93
37,12
35,20
153,122
57,110
39,10
52,18
152,106
116,119
49,19
129,120
130,102
123,116
85,86
44,109
13,100
63,110
10,82
73,112
158,106
99,102
56,33
42,28
137,121
6,46
124,102
102,114
65,44
141,99
126,116
59,18
77,68
103,114
45,27
114,102
78,64
70,45
26,20
32,111
148,118
48,9
9,99
8,95
49,20
157,119
50,19
154,107
155,107
53,6
9,69
119,102
38,111
81,78
19,21
43,112
84,77
50,109
162,112
53,32
9,47
42,7
57,37
47,30
137,98
86,79
10,44
144,99
58,34
7,36
56,14
99,117
113,99
109,102
9,49
144,121
62,36
52,113
108,118
141,118
46,112
88,113
25,24
8,96
31,111
29,107
142,102
7,83
74,53
9,100
75,56
17,109
130,120
13,31
85,88
111,118
118,119
132,102
116,99
40,12
81,71
123,120
82,79
84,84
39,108
120,102
157,106
161,111
71,115
124,116
125,98
159,116
49,112
106,99
5,61
11,38
14,104
9,58
33,21
126,102
6,50
12,33
107,115
79,64
146,122
89,90
58,113
21,107
22,107
74,60
153,119
27,23
51,18
10,101
39,15
115,102
80,68
52,21
76,58
50,5
83,81
87,113
150,118
77,59
10,79
119,116
67,114
54,7
150,104
84,83
44,112
50,31
154,103
98,101
105,102
138,98
21,25
80,112
8,34
104,118
11,95
74,115
137,118
6,53
81,116
45,6
67,41
61,35
79,73
24,107
66,46
47,112
6,79
45,32
52,109
15,27
83,112
30,107
128,102
28,111
48,20
12,106
16,109
8,90
120,116
93,113
94,97
50,22
134,102
9,66
10,80
125,116
30,23
86,80
52,32
156,104
50,112
31,22
46,26
127,98
42,26
57,34
6,44
95,117
101,98
67,46
7,41
56,9
108,99
112,102
68,41
6,70
69,44
78,70
24,24
72,50
60,13
25,21
73,51
7,84
155,119
96,117
9,97
51,6
66,114
12,97
17,106
36,111
54,17
150,122
143,99
147,100
86,113
55,20
9,75
132,121
116,102
81,76
151,122
54,11
93,100
46,29
107,102
47,24
21,21
158,117
10,42
7,38
32,19
56,16
11,35
76,115
18,26
33,18
9,55
6,57
14,103
106,102
101,117
146,103
58,10
15,105
19,106
112,115
5,67
72,57
10,30
15,23
73,52
78,115
152,122
23,110
13,29
115,99
121,116
148,101
83,74
48,24
96,98
9,76
129,98
40,14
81,69
78,63
94,117
160,121
55,11
105,99
16,23
47,33
138,121
54,36
122,98
151,105
17,22
5,59
55,33
11,88
59,34
9,56
23,24
6,48
88,84
34,16
63,40
79,66
44,32
14,25
6,74
89,88
36,14
15,28
49,34
35,19
91,94
71,54
88,96
39,9
91,116
48,31
29,19
10,77
149,104
41,112
118,102
51,32
132,117
151,102
73,115
43,6
8,36
99,101
70,114
6,43
47,20
10,38
108,102
135,121
141,102
20,106
44,31
59,17
106,114
66,44
6,77
70,46
142,118
50,32
92,95
71,47
36,19
54,109
128,120
37,18
7,89
32,108
60,110
116,115
8,92
49,23
130,98
157,122
91,99
18,109
9,64
131,98
122,116
158,110
162,117
56,37
46,24
11,86
107,99
160,109
124,98
16,27
64,37
158,112
145,118
102,118
17,26
7,43
135,118
44,22
68,43
126,120
57,10
6,68
66,39
56,113
63,36
141,121
142,121
59,12
68,49
46,109
60,15
69,52
142,99
85,113
7,86
74,54
38,16
12,99
129,117
117,116
149,122
80,74
154,119
42,112
98,117
11,105
161,112
9,73
40,9
82,80
120,99
19,25
157,109
55,12
104,102
137,102
75,115
144,103
143,118
10,40
43,10
32,21
22,24
46,5
11,37
9,53
57,19
62,40
79,71
9,31
5,65
10,28
58,114
21,110
73,58
114,119
31,107
35,108
33,108
55,113
38,11
12,26
59,114
10,102
65,111
87,116
52,10
50,6
91,113
89,97
132,98
78,61
43,109
