233,205
172,187
33,55
138,103
286,206
112,29
23,183
283,236
19,143
154,139
90,42
144,116
128,222
86,60
23,173
25,195
187,226
280,236
19,117
247,205
146,118
178,194
130,85
170,172
142,109
176,192
318,229
21,81
168,166
152,224
129,222
59,214
150,131
308,215
131,89
269,205
152,134
292,207
58,214
181,226
153,135
21,158
280,205
121,79
211,205
198,204
303,238
19,148
87,216
159,224
125,81
65,214
115,220
25,196
291,236
65,45
19,122
55,214
19,96
99,218
164,161
235,230
71,41
236,232
94,218
21,90
106,36
170,177
102,38
94,67
200,205
207,205
234,230
105,73
195,203
179,195
162,153
230,205
21,167
27,60
138,105
47,49
105,218
232,205
149,224
55,49
281,236
188,226
190,202
31,56
19,131
55,47
256,234
213,230
83,23
154,135
197,227
210,205
19,105
85,21
81,29
96,19
160,152
300,236
75,35
270,205
153,224
148,124
263,234
290,207
21,77
150,126
182,226
21,160
134,93
268,205
23,75
206,228
96,69
51,214
57,47
23,184
19,136
98,71
193,226
243,232
124,81
173,226
276,236
86,59
224,205
88,218
19,110
40,212
104,20
100,218
124,79
171,224
264,234
30,208
237,232
290,236
75,216
130,88
304,238
158,146
76,35
148,123
191,203
77,34
21,86
112,220
104,73
21,169
33,211
255,205
99,19
106,218
220,205
305,238
150,224
172,181
33,53
138,101
112,31
23,177
93,19
84,56
197,203
19,145
198,203
154,137
287,236
312,217
86,50
23,175
25,193
19,119
212,228
277,205
235,205
160,150
291,207
43,49
138,222
158,149
19,93
316,221
231,230
298,236
168,168
313,219
170,180
150,129
33,212
166,164
88,19
25,190
162,156
100,19
144,222
21,156
134,97
257,205
287,207
134,222
48,214
179,226
19,150
87,218
194,226
140,106
244,232
25,67
156,140
277,236
186,199
198,228
100,71
19,124
31,208
110,24
86,47
76,216
238,205
19,98
37,52
44,49
49,214
87,46
107,21
29,206
81,26
187,201
93,218
49,49
21,88
44,214
108,22
102,36
117,77
109,23
209,228
269,234
113,220
149,125
26,63
151,224
21,165
27,62
23,76
218,205
45,214
25,68
20,152
156,139
23,189
84,52
271,234
19,133
162,224
109,220
83,25
213,228
227,230
41,51
19,107
276,205
226,230
75,37
314,221
50,49
131,222
204,228
132,89
254,234
180,196
294,207
164,158
307,213
23,69
136,98
301,238
180,226
256,205
122,220
245,232
172,184
186,201
312,238
88,45
112,26
23,186
84,51
27,200
120,77
19,138
98,69
85,50
302,238
306,213
296,209
122,79
64,214
65,216
144,113
102,71
77,216
54,214
19,112
128,84
94,41
171,226
42,51
78,216
253,233
316,234
228,205
74,216
130,86
313,238
158,144
142,110
126,83
118,220
294,236
28,204
159,149
77,32
318,230
116,77
108,34
21,84
78,31
180,195
225,205
79,30
41,214
317,234
166,163
107,218
152,131
243,205
185,226
53,49
172,183
208,205
104,218
183,199
23,179
84,58
19,147
85,59
163,224
140,109
312,219
64,45
86,48
19,121
316,225
221,205
88,64
110,23
43,51
73,39
200,228
87,19
19,95
70,41
47,214
142,113
316,223
265,205
205,228
240,232
318,233
21,93
168,170
170,178
317,227
304,211
279,205
162,154
46,49
21,154
27,59
54,49
261,205
27,198
19,152
38,212
111,75
25,65
156,142
26,198
233,230
192,226
19,126
157,143
172,226
223,230
79,216
174,191
31,210
69,43
84,21
189,201
19,100
80,29
315,236
29,204
246,232
279,236
91,67
91,218
132,92
267,234
103,218
231,205
21,163
186,226
134,94
28,59
109,73
80,216
29,58
193,203
308,238
164,224
222,205
84,54
310,216
296,236
19,135
139,105
109,218
177,226
300,210
60,47
140,222
201,228
19,109
61,46
309,238
129,85
241,232
314,219
161,153
274,236
230,230
264,205
132,91
112,32
272,205
295,209
141,222
21,172
23,71
136,100
301,236
154,224
172,186
138,102
120,79
112,28
23,180
219,230
27,202
260,205
19,140
154,138
144,115
218,230
86,63
127,220
19,114
274,205
146,121
214,205
105,21
234,205
124,220
93,42
101,71
247,232
188,201
87,20
151,131
126,81
170,175
182,199
89,65
216,205
297,209
92,218
268,234
318,228
21,82
114,75
168,165
67,216
150,130
308,214
41,212
118,77
166,161
95,69
211,228
152,133
229,205
81,216
21,159
165,224
108,73
19,149
87,217
248,232
65,215
178,226
25,197
262,234
19,123
316,227
35,53
73,37
314,237
19,97
209,205
164,160
48,49
98,39
235,231
21,91
170,176
130,222
60,214
289,207
103,36
304,213
294,209
133,93
21,152
27,61
110,75
155,224
138,104
267,205
61,214
111,220
63,214
145,117
31,57
19,128
29,208
174,189
69,41
125,220
197,228
239,205
19,102
111,25
127,83
263,205
90,67
71,39
103,71
177,193
97,19
253,205
94,69
68,216
147,222
21,78
21,161
82,216
51,49
23,72
219,205
184,226
172,189
137,101
215,230
174,226
249,232
282,236
196,203
23,185
58,47
242,205
19,137
98,70
203,228
124,80
143,222
19,111
104,19
94,42
171,225
191,226
56,214
46,214
315,221
148,122
98,19
107,36
77,35
101,38
318,227
21,87
112,34
79,29
21,170
104,72
156,224
207,228
282,205
52,49
57,214
32,55
195,226
33,54
52,214
176,191
286,207
97,218
112,30
23,182
34,53
27,204
19,142
89,44
185,199
154,136
90,43
144,117
86,61
23,172
25,194
127,222
36,212
19,116
65,43
99,71
222,230
146,119
232,230
299,209
95,40
160,149
178,195
53,214
158,148
170,173
113,75
202,205
69,216
92,67
288,236
176,193
182,197
318,234
21,80
168,167
252,205
66,216
150,128
24,190
270,234
152,135
25,191
89,19
107,73
21,157
134,96
101,19
194,203
306,238
217,205
198,205
19,151
140,105
261,234
65,44
19,125
108,218
66,43
176,226
31,209
86,46
311,238
19,99
37,53
275,205
29,207
71,40
81,27
255,234
299,236
108,21
21,89
34,212
157,224
293,207
173,189
316,235
21,166
27,63
110,73
23,77
90,19
88,63
98,218
102,19
271,205
55,48
25,69
278,236
168,224
199,228
97,69
19,130
37,212
271,235
213,229
83,22
275,236
190,203
305,213
285,205
110,34
146,222
197,226
19,104
50,214
81,28
90,65
160,153
289,236
298,209
227,205
210,228
314,220
148,125
114,220
147,224
241,205
250,205
150,127
164,157
205,205
23,74
136,97
22,172
91,19
56,47
95,218
103,19
136,222
186,200
223,205
70,216
88,44
112,25
23,187
84,50
27,201
19,139
286,236
228,230
237,205
246,205
302,211
128,83
19,113
104,21
94,40
253,234
169,171
137,222
99,38
130,89
158,147
251,232
126,82
284,236
132,222
297,236
77,33
116,76
21,85
22,77
229,230
79,31
21,168
33,210
83,216
166,162
171,181
242,232
123,220
172,182
92,19
286,205
133,222
169,224
23,176
84,57
310,215
120,220
19,144
135,97
140,108
24,69
312,218
183,226
62,214
23,174
25,192
31,55
19,118
316,224
94,19
284,205
146,117
102,218
215,205
86,21
160,151
178,193
314,238
170,171
142,112
316,222
119,220
98,40
295,236
318,232
43,214
148,224
116,75
168,169
170,181
116,220
147,121
292,236
181,197
206,205
42,214
119,77
240,205
166,165
162,157
21,155
204,205
71,216
27,199
224,230
192,203
140,107
214,230
25,66
156,141
30,57
238,232
271,236
19,127
278,205
142,222
174,190
95,19
110,25
259,234
236,205
166,224
175,191
19,101
20,93
37,51
252,232
285,236
225,230
29,205
81,25
105,36
165,161
108,23
102,37
110,220
25,63
84,216
21,164
258,205
170,224
121,220
29,59
39,212
96,218
259,205
23,188
84,53
190,201
19,132
109,219
83,24
249,205
40,51
300,209
155,139
273,205
19,106
61,47
316,236
213,205
38,51
75,36
82,25
117,220
293,236
132,90
108,36
150,125
93,67
180,197
301,211
164,159
245,205
254,205
136,99
160,224
301,237
172,185
88,46
112,27
23,181
120,78
27,203
189,226
19,141
239,232
257,234
90,44
62,45
86,62
144,114
260,234
127,221
167,224
19,115
111,34
87,63
128,85
92,42
202,228
141,109
146,120
158,143
253,232
310,238
130,87
39,51
106,21
87,21
97,40
142,111
158,145
250,232
170,174
182,198
318,231
85,216
21,83
108,35
143,113
272,236
109,34
288,207
308,213
41,213
35,212
152,132
283,205
167,165
163,157
220,230
23,178
84,59
311,217
19,146
72,216
208,228
123,79
86,49
309,215
25,198
67,43
19,120
89,218
265,234
316,226
101,218
248,205
72,39
36,53
88,65
43,50
196,226
73,38
115,75
19,94
104,36
221,230
203,205
74,37
98,38
314,236
212,205
21,92
168,171
170,179
226,205
304,212
161,224
162,155
294,208
106,73
244,205
21,153
110,74
175,226
190,226
199,205
307,238
258,234
25,64
156,143
303,211
19,129
68,43
83,21
69,42
139,222
19,103
266,205
90,66
45,49
273,236
94,68
132,93
147,223
21,79
216,230
21,162
32,210
145,222
23,73
134,95
281,205
135,222
262,205
29,57
73,216
77,31
172,188
23,190
84,55
310,217
86,216
19,134
90,218
158,224
59,47
266,234
184,199
217,230
300,211
126,220
91,42
63,45
19,108
61,45
96,40
201,205
112,75
148,121
100,38
235,232
251,205
112,33
104,71
21,171
23,70
136,101
