305,232
343,272
516,325
313,152
372,256
264,137
46,12
311,248
315,253
351,321
302,304
86,22
268,141
274,228
280,184
232,145
13,20
184,137
20,58
518,274
28,10
312,248
347,273
166,184
313,161
319,256
22,12
395,321
289,265
94,57
243,139
280,191
411,321
177,70
507,270
181,193
192,80
300,132
465,323
32,68
303,137
166,179
313,170
243,114
584,299
340,319
197,82
454,323
59,14
433,258
159,59
163,60
276,261
278,170
490,324
309,182
501,265
323,262
147,52
573,272
27,65
176,159
251,120
69,17
401,321
131,63
10,26
445,323
183,190
187,187
278,173
461,323
193,80
182,114
474,254
311,175
538,273
551,325
235,145
247,116
335,268
300,303
234,106
364,268
311,311
167,89
278,164
375,321
267,120
503,268
182,117
309,184
114,32
294,292
315,161
558,272
135,65
563,272
174,100
432,323
292,282
251,118
585,295
219,97
276,216
496,260
116,34
151,54
278,204
487,254
290,268
205,159
495,325
14,48
306,140
326,262
491,325
511,325
100,26
449,262
235,143
272,147
382,242
402,321
313,311
573,315
225,149
172,193
178,152
585,296
489,323
278,199
178,107
286,263
307,190
18,55
369,262
63,14
192,179
268,120
71,62
521,274
78,20
170,192
480,254
144,69
317,256
179,150
128,62
239,112
45,12
304,138
393,321
35,10
476,323
189,183
580,278
374,253
501,325
268,119
309,147
311,179
523,325
581,305
534,274
148,73
22,61
304,306
270,145
278,209
303,203
231,147
307,140
290,281
107,30
508,272
201,85
296,298
577,274
407,238
467,323
527,274
215,155
180,111
327,264
297,128
445,264
399,321
25,65
10,32
303,208
322,315
415,321
290,272
513,325
164,86
533,325
388,321
48,12
360,270
529,325
549,325
172,165
389,238
176,160
55,13
518,325
354,272
136,67
245,116
10,43
173,66
285,115
305,202
303,217
180,148
157,57
68,63
357,321
308,187
456,260
207,89
155,79
193,176
373,321
56,67
19,57
112,32
184,120
133,65
249,137
201,161
301,134
303,230
305,195
433,323
569,321
180,147
182,139
449,323
468,323
287,265
311,151
563,323
184,127
438,323
492,325
77,18
322,260
305,196
298,301
427,252
140,69
233,106
363,321
541,272
321,258
546,272
158,58
506,270
125,61
237,110
274,248
278,261
299,128
395,238
307,241
308,144
54,67
58,14
97,57
559,323
177,193
195,171
432,258
274,243
52,12
537,274
276,159
146,72
540,325
154,56
176,101
219,153
225,101
274,234
280,178
579,310
184,131
20,60
168,93
77,61
203,161
443,264
337,269
318,313
448,264
397,321
181,111
364,321
372,257
264,138
437,262
241,141
115,33
315,252
299,301
302,305
285,263
268,142
291,119
274,229
368,264
386,321
280,185
401,238
184,138
20,59
274,116
497,325
530,325
347,272
166,185
175,69
219,151
137,67
355,321
122,60
105,28
290,118
152,75
181,192
448,262
102,57
156,79
32,69
303,136
57,67
313,169
315,157
211,92
442,264
467,256
218,153
271,145
571,317
368,262
62,14
175,160
159,58
515,274
166,88
520,274
278,171
212,155
485,323
490,325
473,254
309,181
555,325
501,264
345,321
143,50
246,116
361,321
69,16
111,32
187,77
153,77
544,272
10,27
123,37
187,186
278,162
350,321
580,307
182,115
311,174
174,98
358,272
235,144
271,118
292,284
456,323
482,254
175,193
257,135
421,321
259,122
278,202
426,323
304,230
235,107
364,269
576,274
25,12
278,165
233,145
182,74
239,143
294,293
315,160
174,101
90,22
19,14
292,283
227,147
585,294
219,96
276,217
278,205
84,20
290,269
95,57
169,191
14,49
127,39
363,270
272,148
382,243
178,153
431,258
276,224
260,122
278,196
31,67
178,104
550,272
555,272
378,246
434,260
200,84
168,189
277,261
170,193
144,70
169,66
83,59
427,323
488,254
270,143
128,63
24,64
279,114
45,11
303,205
142,69
189,182
309,146
311,178
260,135
46,69
108,57
274,154
310,179
76,18
148,74
304,307
195,81
20,12
535,325
120,59
10,38
465,256
390,321
231,146
307,143
290,278
223,99
480,323
63,63
320,258
230,147
378,248
201,84
454,262
385,240
296,299
206,88
281,263
524,325
412,321
215,154
73,18
553,325
274,149
170,66
499,264
359,321
10,33
542,325
67,16
303,211
290,273
497,262
136,44
164,87
293,122
348,321
297,127
61,14
154,77
360,271
231,105
531,274
536,274
172,166
356,272
158,81
181,144
55,12
403,321
354,273
245,115
10,40
50,67
285,114
305,201
303,216
397,238
180,149
325,262
569,319
419,321
95,26
519,274
408,238
28,65
157,56
584,284
33,10
14,20
514,325
473,323
386,240
207,88
262,136
184,121
462,323
91,23
42,10
478,323
301,133
502,325
303,225
305,194
217,96
569,320
436,262
279,263
309,246
311,150
170,172
274,254
159,83
409,321
117,59
548,272
469,323
553,272
539,325
262,122
559,325
216,94
509,274
237,109
274,249
331,319
299,131
307,240
218,96
575,315
428,254
583,299
16,51
383,321
133,42
334,319
174,164
416,242
566,272
571,272
274,240
440,323
221,151
223,151
269,118
576,313
146,73
238,110
63,65
65,63
176,102
282,114
219,152
314,252
225,100
499,325
302,303
585,287
287,116
568,321
274,235
280,179
410,321
180,193
199,167
184,132
20,61
203,160
77,60
337,268
372,258
264,139
583,281
565,323
115,32
529,274
268,143
324,316
291,118
274,226
368,265
310,310
371,260
280,186
109,30
305,231
308,308
182,111
114,58
313,167
207,157
319,258
484,323
103,28
175,68
177,154
509,325
316,254
26,65
190,78
155,56
122,61
12,44
250,118
324,315
531,325
400,321
152,76
243,141
159,60
295,123
82,59
45,69
448,263
247,137
362,270
308,307
57,66
313,168
315,156
110,57
176,154
12,43
368,263
535,274
70,63
163,62
203,87
166,89
278,168
407,321
374,321
470,254
309,180
423,321
338,270
266,140
216,153
328,264
93,24
521,325
481,254
316,313
47,12
86,57
396,321
492,256
537,325
276,212
187,76
81,20
579,277
10,24
119,35
123,36
450,323
343,321
74,61
132,64
278,163
466,323
526,325
214,155
182,112
294,291
242,112
556,325
319,313
174,99
292,285
274,256
455,323
336,319
381,321
23,12
278,203
123,61
303,305
235,106
569,272
364,270
14,47
72,18
239,142
168,176
441,323
457,323
353,274
61,65
585,293
276,218
277,212
446,323
13,47
307,187
290,266
55,67
60,14
500,325
135,43
127,38
476,254
560,323
103,57
380,244
272,149
328,317
371,321
178,150
324,262
148,52
276,225
278,197
32,10
178,105
378,247
75,61
168,190
179,107
144,71
169,65
281,114
224,100
24,65
45,10
303,204
414,321
70,18
189,181
272,116
309,145
312,171
410,238
528,325
548,325
381,244
237,143
274,155
148,75
204,88
539,272
195,80
252,135
20,13
10,39
303,213
307,142
290,279
129,40
223,98
378,249
168,172
97,26
405,321
372,321
172,168
66,16
450,262
91,24
303,210
394,321
490,256
92,57
182,191
132,42
497,261
228,102
121,36
85,22
505,325
14,18
273,116
293,121
538,325
370,262
297,126
231,104
145,50
554,325
165,63
240,112
205,88
79,20
172,167
419,243
280,192
245,114
10,41
303,219
305,200
289,118
180,150
28,66
161,60
362,321
165,87
311,152
262,137
179,71
236,108
184,122
470,256
91,22
384,321
59,65
23,63
301,132
303,224
305,193
18,16
384,240
422,246
523,274
528,274
267,141
345,272
309,245
255,135
498,325
176,193
411,240
306,307
108,30
274,255
241,112
353,321
391,238
197,171
109,57
369,321
552,325
277,116
461,258
298,299
427,254
358,321
583,301
217,153
71,18
313,251
559,324
265,120
174,162
509,273
237,108
274,246
134,65
299,130
317,255
421,246
339,319
434,323
142,48
326,317
575,314
16,52
313,252
118,34
137,46
564,323
195,173
412,240
286,116
274,241
223,150
280,173
579,307
342,319
496,325
149,75
150,75
372,260
63,64
176,103
310,246
130,63
266,120
585,286
15,18
274,232
280,180
199,166
184,133
77,59
276,160
64,16
504,268
307,193
372,259
174,68
583,280
565,322
315,254
178,193
214,94
413,240
324,317
37,10
368,266
274,227
310,311
280,187
134,42
435,323
203,88
426,252
305,230
306,236
308,309
347,274
114,59
313,166
352,274
210,157
430,256
327,317
150,52
12,45
360,321
366,268
204,159
152,77
243,140
342,320
126,38
295,122
543,272
303,138
468,256
513,274
398,321
57,65
166,182
315,159
16,16
578,276
176,155
174,193
512,325
51,67
17,55
532,325
571,319
420,321
10,30
230,104
203,86
367,321
278,169
107,57
470,255
490,323
550,325
309,179
577,313
191,179
266,141
478,254
44,10
479,323
138,67
356,321
276,213
579,276
10,25
119,34
229,147
255,121
132,65
217,95
182,113
21,61
184,74
274,257
292,286
522,325
481,323
373,256
585,291
162,84
275,226
131,41
276,220
188,78
278,200
245,139
119,59
106,28
470,323
96,26
191,80
376,250
486,323
181,74
475,254
510,325
168,177
333,319
263,137
346,321
276,116
227,149
585,292
219,98
94,24
239,111
276,219
264,120
177,103
290,267
256,135
135,42
11,24
194,175
144,50
417,321
380,245
238,143
561,272
484,254
547,325
178,151
111,57
276,226
67,63
398,238
168,191
200,165
169,64
170,94
435,261
329,266
220,98
303,207
87,57
184,189
493,258
223,100
191,79
211,155
272,117
309,144
292,120
188,185
26,12
145,71
274,152
295,295
489,255
507,325
20,14
574,315
278,212
460,258
10,36
303,212
290,276
418,321
439,323
227,102
454,260
365,268
330,318
168,173
459,260
43,69
173,164
321,315
559,272
428,323
564,272
303,221
567,321
404,238
497,260
447,264
85,21
14,19
293,120
297,125
100,57
430,323
292,288
165,62
331,266
342,272
415,241
273,149
55,14
183,117
419,242
329,317
280,193
408,321
249,118
303,218
289,117
424,321
28,67
72,61
207,90
12,20
179,70
184,123
517,274
522,274
27,10
344,321
314,312
318,256
303,227
160,83
182,142
384,241
208,90
338,319
284,263
323,315
36,10
309,244
382,321
170,170
274,252
81,59
197,170
307,307
418,242
404,321
545,325
307,237
458,323
186,76
11,43
583,300
474,323
534,325
313,250
261,122
174,163
509,272
274,247
310,148
317,254
463,323
512,274
141,48
421,245
298,128
307,242
315,313
16,53
93,57
137,45
392,238
195,172
274,238
280,174
464,256
49,12
293,291
168,89
425,251
305,235
146,71
39,69
313,155
429,255
508,325
494,325
585,285
457,260
274,233
41,69
280,181
379,321
184,134
113,32
168,64
222,151
276,161
425,252
303,135
305,236
451,262
307,192
308,242
313,156
278,116
85,59
429,323
196,82
583,283
565,321
115,34
291,120
366,266
280,188
229,103
106,57
295,124
99,26
166,188
313,165
243,113
422,321
207,159
175,70
122,59
12,46
536,325
111,31
561,323
342,321
254,120
247,139
166,183
315,158
191,181
323,261
16,17
147,51
477,254
176,156
380,321
571,318
574,274
10,31
119,36
453,262
38,10
183,189
276,257
53,12
552,272
533,274
538,274
333,268
577,312
546,325
276,214
187,78
123,38
486,254
507,272
255,120
259,135
278,161
217,94
309,187
311,171
444,264
174,97
505,270
292,287
275,116
370,321
585,290
162,85
91,57
131,40
276,221
278,201
151,53
210,92
235,108
325,317
280,263
135,44
320,313
376,251
392,321
181,73
312,152
168,178
37,69
256,122
227,148
483,254
506,325
585,299
341,319
239,110
264,121
173,97
451,323
307,189
18,56
166,64
377,321
139,46
71,61
164,62
380,246
366,321
517,325
151,75
339,270
178,103
312,311
132,63
82,20
374,254
104,57
157,81
305,307
516,274
442,323
406,238
22,62
170,95
79,59
62,65
435,260
329,265
278,210
460,260
297,299
303,206
251,137
582,305
493,257
167,64
575,274
540,272
191,78
545,272
504,325
107,29
272,118
39,10
296,295
387,240
180,108
274,153
383,242
195,82
489,254
414,240
452,323
116,59
153,55
460,259
10,37
303,215
288,116
307,144
290,277
403,238
454,261
330,319
168,174
242,141
190,181
47,67
411,239
180,107
101,28
314,311
153,56
226,149
213,94
303,220
251,135
350,274
443,323
176,70
85,20
370,260
297,124
388,240
44,69
193,179
231,106
15,51
184,117
292,289
197,167
415,240
568,272
368,321
280,194
64,63
249,117
303,229
289,116
180,144
199,84
185,75
186,187
424,322
139,67
232,106
551,272
556,272
406,321
12,21
198,167
184,124
30,10
394,238
201,165
420,244
520,325
314,313
303,226
305,199
18,14
182,143
384,242
185,76
441,263
409,238
104,28
29,67
309,243
170,171
558,325
274,253
278,262
317,313
197,169
487,323
183,74
495,259
161,83
307,236
21,12
441,264
423,247
466,256
583,303
313,249
578,311
122,36
174,160
143,69
274,244
299,132
141,47
74,18
421,244
276,156
60,65
500,264
306,193
171,95
68,16
16,54
165,64
137,44
195,175
69,63
341,271
162,60
452,262
274,239
280,175
579,309
464,257
101,57
354,321
400,238
532,274
202,86
184,128
168,90
276,155
425,250
357,272
305,234
182,144
313,154
278,114
429,254
118,59
585,284
34,10
417,242
73,61
274,230
24,12
280,182
489,256
184,135
303,134
166,186
313,163
85,58
583,282
311,247
334,268
310,309
366,267
42,69
280,189
229,102
305,139
126,61
31,10
114,57
166,189
243,112
313,164
171,66
207,158
197,84
12,47
549,272
554,272
111,30
138,46
305,140
247,138
166,180
498,262
191,180
447,323
323,260
16,18
90,57
143,49
147,50
573,274
176,157
296,124
209,91
10,28
229,104
485,254
567,272
436,323
572,272
276,258
187,185
208,157
283,263
75,18
311,173
333,267
172,66
266,139
171,193
276,215
209,92
579,278
300,301
141,69
166,87
278,166
416,321
236,143
127,61
309,186
471,254
58,65
294,294
505,269
167,189
585,289
52,67
220,151
276,222
278,206
151,52
525,274
530,274
290,270
475,323
352,321
99,57
320,314
263,122
156,80
376,252
503,267
14,50
181,72
519,325
355,272
175,101
360,272
272,145
147,73
573,317
314,161
464,323
250,137
178,154
431,257
585,298
181,191
438,262
264,122
156,56
307,188
18,57
290,265
572,317
557,325
405,238
213,155
41,10
169,93
482,323
185,189
286,264
471,323
189,185
374,255
429,256
127,40
311,177
330,266
387,321
193,175
581,307
112,57
494,258
22,63
173,193
329,264
278,211
231,145
251,136
254,135
493,256
258,135
211,157
375,252
107,28
296,296
26,10
47,69
196,171
215,153
180,109
274,150
499,263
88,57
153,54
10,34
248,116
284,114
303,214
290,274
565,272
570,272
168,175
170,191
154,78
411,238
327,263
437,323
101,27
158,82
453,323
349,274
354,274
136,65
173,68
543,325
213,93
303,223
198,84
57,14
95,25
309,309
370,261
193,178
51,12
184,118
292,290
336,268
393,238
201,163
419,244
367,266
280,195
544,325
249,116
303,228
180,145
129,63
185,74
149,52
424,323
53,67
311,149
189,78
581,279
12,22
105,57
125,38
179,72
184,125
302,134
201,164
77,20
503,325
305,198
18,15
182,140
402,238
441,262
121,59
583,305
288,265
309,242
170,168
560,272
262,135
431,323
274,250
455,260
278,263
246,139
282,263
197,168
35,69
270,118
495,258
209,157
301,303
307,239
423,246
583,302
110,30
130,40
313,248
388,238
174,161
359,272
180,72
274,245
275,257
385,321
24,63
98,26
378,321
141,46
493,325
276,157
92,24
515,325
172,96
526,274
16,55
491,256
570,319
221,98
80,20
195,174
341,270
274,236
277,161
280,176
579,308
464,258
146,50
184,129
168,91
294,122
439,262
425,249
305,233
234,145
313,153
459,323
278,115
172,95
583,284
226,102
391,321
274,231
280,183
502,266
184,136
20,57
446,264
525,325
166,187
313,162
541,325
319,257
85,57
311,246
222,98
244,139
524,274
341,272
346,272
280,190
305,138
507,271
349,321
332,319
32,67
89,22
365,321
166,178
313,171
48,67
283,114
197,83
462,258
83,20
215,94
425,323
335,319
178,70
433,259
163,61
276,260
460,323
279,196
50,12
309,183
40,10
166,181
78,59
501,266
566,321
143,48
573,273
66,63
176,158
69,18
163,85
98,57
209,90
10,29
433,260
183,191
458,260
276,259
278,172
63,16
33,69
311,172
538,272
333,266
36,69
115,59
314,156
128,40
562,323
300,302
30,67
87,22
255,122
278,167
376,321
182,116
309,185
239,141
294,295
351,274
577,311
171,168
65,16
29,10
505,268
292,281
152,54
479,254
251,119
585,288
488,323
162,83
131,42
276,223
278,207
120,36
290,271
320,315
156,81
503,266
14,51
272,146
348,274
573,316
280,114
431,256
585,297
56,14
185,187
278,198
389,321
160,60
178,106
307,191
472,254
183,138
261,135
63,15
377,250
71,63
248,137
469,256
514,274
54,12
382,244
167,178
17,16
128,61
185,188
463,258
286,265
344,272
189,184
374,252
124,38
268,118
309,148
347,321
311,176
581,306
170,93
304,305
270,144
435,262
203,159
440,262
278,208
337,319
49,67
212,92
307,141
290,280
399,238
510,274
40,69
169,172
211,156
378,250
124,61
201,86
296,297
80,59
577,275
26,11
47,68
180,110
274,151
499,262
477,323
244,114
10,35
374,256
303,209
290,275
96,57
117,34
164,85
330,317
577,276
154,79
140,46
327,262
275,155
172,164
101,26
158,83
34,69
136,66
228,147
10,42
173,67
213,92
285,116
305,203
303,222
95,24
448,323
157,58
340,270
379,246
252,120
291,281
193,177
12,24
413,321
184,119
202,161
76,61
292,291
390,238
194,80
415,242
201,162
557,272
280,196
562,272
582,280
180,146
182,138
240,141
311,148
581,278
12,23
184,126
224,149
113,57
77,19
495,260
279,173
84,59
305,197
253,135
182,141
257,122
423,248
298,300
444,323
427,253
140,68
583,304
253,120
170,169
321,259
274,251
299,129
542,272
547,272
88,22
179,193
424,248
206,159
102,28
89,57
307,238
575,313
140,67
511,274
388,239
321,260
581,280
274,242
223,149
304,203
361,270
396,238
276,158
265,139
38,69
258,122
43,10
172,97
483,323
269,143
225,102
527,325
274,237
280,177
579,311
472,323
199,165
184,130
168,92
332,266
425,248
337,270
