162,135
234,158
146,66
143,62
253,140
180,156
190,127
166,155
283,157
139,71
153,81
261,140
143,85
230,158
137,61
243,130
287,153
149,140
211,129
184,137
239,130
149,118
265,159
225,158
167,155
142,82
261,159
204,122
222,157
189,129
206,157
151,121
252,159
188,132
270,159
288,148
289,145
250,137
231,133
140,125
137,69
143,91
281,157
191,125
199,122
159,132
217,133
186,157
161,133
233,158
186,135
152,148
207,123
190,129
275,159
149,98
188,131
182,157
167,137
140,116
151,74
271,159
141,112
152,88
153,78
142,104
171,156
164,155
285,140
274,159
142,61
178,140
228,134
252,139
169,139
167,156
140,73
267,140
243,158
143,87
211,157
256,141
149,138
148,104
278,158
149,116
263,140
147,66
207,157
181,138
151,88
194,123
195,123
170,139
142,80
240,158
143,92
152,76
159,153
202,122
144,63
143,96
207,124
212,157
236,158
187,133
278,139
151,123
150,95
288,150
264,159
140,127
197,122
192,157
191,127
170,156
151,146
286,140
141,79
142,103
205,123
174,140
186,133
287,151
149,134
147,106
148,100
247,134
224,157
284,140
260,159
215,133
149,96
188,157
212,130
181,156
273,139
266,140
227,158
213,131
156,130
143,61
250,158
150,72
157,131
251,159
140,118
226,135
155,129
141,110
244,130
220,157
140,76
257,141
245,131
262,140
286,153
246,158
149,143
150,119
148,99
284,139
273,140
163,154
192,124
226,158
241,130
251,138
142,79
140,75
271,140
223,135
149,136
260,141
277,159
143,101
162,154
135,67
210,128
209,157
193,123
147,68
273,159
151,90
149,70
257,159
254,140
143,94
218,157
203,122
160,133
205,157
148,113
249,158
189,157
143,98
237,131
150,93
193,124
148,69
166,137
279,158
288,142
140,121
151,73
176,156
219,135
245,158
289,143
141,115
152,85
281,139
141,77
142,101
161,153
152,123
150,145
134,63
209,126
246,133
135,62
147,108
148,102
277,139
133,65
153,149
172,156
272,140
162,134
270,140
141,108
153,82
268,140
208,125
261,141
142,108
137,62
210,127
138,61
149,141
164,135
184,136
145,64
149,119
135,68
202,157
238,130
266,159
196,122
147,130
148,133
158,153
141,127
153,125
174,156
198,157
148,116
284,156
262,159
134,67
189,130
234,131
253,159
289,146
250,136
142,84
140,124
137,70
201,122
143,88
281,158
139,72
267,159
159,133
217,134
287,140
232,158
161,134
148,115
284,155
186,134
222,135
285,154
165,136
175,140
150,121
147,105
247,133
190,128
248,135
276,159
235,131
149,99
188,130
263,159
136,69
228,158
155,150
191,157
140,123
138,71
151,75
145,128
141,113
254,159
152,87
153,79
256,159
142,107
223,157
152,125
184,157
286,154
239,158
147,110
139,61
154,127
214,132
165,155
275,139
216,157
235,158
228,133
252,138
203,157
253,139
182,137
251,137
283,156
230,133
153,80
143,84
256,140
287,152
149,139
211,128
148,111
199,157
149,117
238,158
276,139
149,95
150,71
147,67
157,152
181,139
225,157
151,89
176,140
142,83
255,140
143,93
283,139
204,157
152,75
146,129
171,139
204,123
164,136
221,157
144,62
172,140
145,63
143,97
163,135
150,94
288,149
177,156
289,144
231,132
201,157
144,128
140,126
143,90
151,147
185,157
160,153
142,102
185,135
173,156
150,146
172,139
149,135
152,149
147,107
197,157
242,158
214,131
274,139
149,97
212,129
181,157
156,129
142,128
140,117
269,140
226,134
141,111
153,77
245,132
258,141
168,156
142,105
185,136
198,122
150,143
141,61
163,155
146,65
156,152
179,156
264,140
154,150
216,133
240,130
169,138
140,74
269,159
200,122
229,158
143,86
175,156
149,137
148,105
214,157
278,159
156,151
210,157
151,91
195,122
149,71
179,139
142,81
194,157
258,159
241,158
143,95
168,138
151,148
152,77
218,134
148,112
248,158
143,99
190,157
224,135
187,132
151,122
237,158
150,92
148,68
141,128
288,151
288,141
244,158
180,139
140,120
282,139
158,132
141,116
191,126
220,135
152,84
242,130
141,78
161,154
233,131
150,144
246,132
259,159
135,63
149,133
147,109
148,101
133,66
153,150
187,157
215,132
213,130
150,73
157,130
167,138
225,135
251,158
140,119
182,138
219,157
155,128
141,109
244,131
153,83
183,157
208,124
136,62
233,132
210,126
149,142
247,158
221,135
215,157
145,65
206,123
177,140
227,134
178,139
192,125
279,139
282,157
147,131
153,84
195,157
148,132
158,152
173,140
153,126
146,130
259,141
134,66
143,100
272,159
150,91
289,147
200,157
178,156
217,157
280,158
229,133
148,131
143,89
158,131
139,73
183,137
268,159
287,141
148,114
236,131
285,155
196,157
165,137
237,130
150,120
248,134
143,128
213,157
249,135
148,70
289,148
136,68
155,151
288,143
140,122
154,128
138,70
145,129
169,156
219,134
231,158
141,114
152,86
193,157
280,139
255,159
232,132
141,76
133,63
142,106
152,124
209,125
208,157
147,111
148,103
154,126
133,64
140,61
249,136
265,140
