479,316
296,206
273,136
379,314
418,253
499,316
285,168
323,269
287,196
393,245
281,248
537,318
574,302
324,270
295,260
362,312
366,314
299,276
325,271
460,267
426,314
328,273
524,318
350,281
544,318
408,245
574,304
283,157
340,279
574,282
306,163
280,146
298,196
508,318
291,256
525,281
452,271
281,147
578,289
316,264
296,137
453,270
298,238
454,269
356,312
304,249
365,275
488,263
509,281
576,287
566,312
330,273
378,314
512,281
294,223
475,262
449,271
308,253
285,161
552,318
576,299
283,229
455,316
304,174
302,244
305,251
372,271
377,265
475,316
299,269
373,270
485,316
436,269
281,235
513,318
296,225
338,312
385,314
438,271
267,131
520,318
268,132
304,154
281,148
554,279
316,263
298,233
416,251
267,127
287,172
504,279
294,214
381,259
425,261
420,255
563,279
287,202
275,124
303,247
449,314
317,265
285,212
403,314
281,236
300,184
461,316
296,232
451,316
379,260
334,277
481,316
285,206
299,280
510,281
363,313
305,168
310,258
293,133
371,272
302,292
412,247
304,247
388,247
542,281
302,151
431,314
274,138
283,221
283,256
333,310
355,281
503,318
360,279
561,316
287,179
298,141
272,136
428,314
381,255
489,316
562,315
296,201
306,253
290,131
389,314
510,318
281,245
300,183
283,233
327,310
361,312
294,133
425,314
490,264
299,273
373,314
404,245
457,316
290,256
323,306
306,166
314,261
432,314
572,308
529,281
302,180
380,314
556,279
490,316
406,245
578,292
355,312
364,277
391,246
369,275
505,318
385,250
455,269
295,210
312,260
377,314
515,318
287,184
356,281
407,314
300,144
301,286
395,245
275,138
307,298
294,218
418,251
500,275
285,166
287,198
279,144
291,131
281,254
304,169
302,243
295,262
501,316
377,262
299,278
269,134
279,142
337,312
378,261
506,318
284,123
408,247
401,314
288,126
496,269
306,161
298,194
572,307
506,280
291,258
287,125
530,281
296,139
565,279
298,236
408,314
495,316
533,318
304,251
466,316
568,311
517,283
311,301
326,271
300,143
383,253
424,259
446,271
294,221
442,314
512,283
308,255
527,318
576,301
297,265
363,278
318,267
283,231
498,272
577,296
313,302
285,217
299,271
349,281
373,268
281,233
460,316
294,137
296,227
375,266
438,269
472,263
335,277
359,312
491,265
570,310
299,239
309,300
428,265
483,261
387,248
565,314
384,314
434,268
555,318
285,158
471,316
287,174
464,265
527,281
294,212
427,314
381,257
336,277
439,271
468,263
488,316
287,180
354,312
542,318
318,306
414,248
338,279
319,267
293,260
360,312
285,210
430,266
281,242
300,186
285,204
299,282
456,316
289,256
523,281
492,265
427,263
335,312
302,179
507,281
567,279
331,310
321,306
302,149
283,223
277,141
287,189
391,245
467,316
301,291
296,203
539,281
306,251
343,279
290,129
464,316
286,203
518,318
281,251
500,316
538,318
296,209
336,312
284,217
299,275
486,261
298,191
467,264
437,314
283,152
323,308
306,164
524,281
422,259
286,124
303,296
271,135
578,290
444,314
541,281
321,267
508,281
369,273
576,284
521,283
405,314
405,245
308,257
287,186
330,274
402,314
300,146
441,314
568,280
275,140
307,300
294,216
419,253
470,263
367,275
285,164
445,271
287,192
297,262
279,146
281,252
283,224
328,271
304,171
376,265
282,123
283,123
353,281
316,304
486,316
269,132
476,316
514,318
463,266
344,280
349,312
398,245
496,271
298,192
422,314
413,314
531,318
281,151
502,277
423,259
457,269
296,141
305,297
298,234
273,125
370,273
420,314
522,283
556,316
424,261
383,255
420,256
294,211
451,271
353,312
494,267
559,279
287,201
417,314
328,310
271,126
318,265
414,247
275,123
296,223
426,263
285,215
354,281
281,239
300,189
441,271
296,229
451,315
379,259
289,127
462,316
288,256
482,316
570,308
292,133
281,152
447,271
569,281
560,279
312,302
371,271
398,314
300,241
553,318
478,261
303,292
317,305
382,314
287,168
540,318
396,314
503,317
473,263
287,182
298,142
562,316
283,254
301,243
333,275
296,198
338,277
293,258
285,208
564,314
281,240
327,309
294,134
322,306
299,284
551,318
487,261
523,283
492,267
528,281
314,262
287,256
297,198
458,316
570,281
286,123
302,177
443,314
545,281
371,314
272,125
491,316
529,318
306,159
287,191
391,247
516,318
301,289
536,318
534,281
296,205
273,137
319,306
307,253
418,252
573,306
287,197
347,281
281,249
282,233
315,304
324,269
322,269
295,261
299,277
402,245
328,272
348,312
461,267
283,154
306,162
422,257
291,257
341,279
547,318
370,314
481,261
325,308
407,245
453,271
503,277
578,288
546,281
488,262
419,314
330,310
304,248
365,276
576,286
480,316
534,318
489,263
477,316
577,287
552,279
443,271
352,312
357,280
294,222
475,263
281,123
285,162
358,279
287,194
363,277
450,271
512,318
283,226
576,298
304,173
302,247
348,281
299,266
373,271
296,224
447,314
375,265
267,128
438,270
557,316
560,316
548,279
304,153
281,149
296,262
418,314
411,247
335,310
432,267
416,250
310,300
387,247
479,261
286,168
395,314
287,173
556,318
351,281
504,278
453,316
420,254
473,316
505,279
287,203
426,261
564,279
448,314
275,125
298,266
563,314
285,213
281,237
296,231
379,261
334,276
285,207
299,281
403,245
286,256
423,314
366,275
371,273
300,243
303,294
394,314
332,310
287,170
302,150
547,280
283,218
446,314
270,127
303,151
287,176
365,314
361,279
562,314
296,200
306,252
290,130
561,279
314,304
281,246
300,182
341,312
424,314
549,318
372,314
299,286
347,312
467,263
304,151
550,279
323,307
369,314
324,308
540,281
399,314
578,295
504,318
558,316
385,251
376,314
383,314
401,245
274,125
306,157
312,259
358,312
493,316
287,185
500,274
301,287
275,139
276,123
296,207
307,299
501,275
276,140
285,167
287,199
308,300
279,145
352,281
574,303
324,271
304,168
322,267
575,302
377,263
299,279
574,305
279,143
400,314
463,265
374,267
339,279
408,246
487,316
288,125
283,156
525,318
545,318
574,283
306,160
298,197
572,306
456,269
290,127
281,146
509,318
316,265
296,138
453,269
434,314
298,239
532,318
519,318
304,250
568,310
533,281
566,313
452,316
327,271
448,271
512,282
294,220
513,283
308,254
285,160
576,300
297,266
363,279
394,245
271,125
283,228
282,254
304,175
313,303
351,312
302,245
318,266
377,264
299,268
373,269
435,269
281,234
282,152
294,136
296,226
485,261
334,275
375,267
267,130
399,245
490,263
345,281
285,256
578,287
463,316
315,263
304,155
575,283
271,136
483,316
521,318
553,279
359,279
306,298
393,314
346,312
428,264
387,249
554,318
284,158
410,247
484,261
285,159
287,175
380,259
383,251
294,215
295,223
381,258
400,245
421,257
287,181
469,263
514,283
313,304
338,278
299,190
285,211
340,312
281,243
300,185
270,134
296,233
285,205
299,283
363,312
279,123
346,281
310,259
506,279
544,281
469,316
302,178
459,316
320,306
417,251
428,263
268,127
302,148
502,316
305,155
283,220
492,316
530,318
277,142
297,141
287,178
301,292
429,314
296,202
290,128
326,308
281,244
283,232
511,318
296,208
490,265
299,272
436,314
384,251
298,190
462,267
465,265
497,316
467,265
313,261
283,153
397,314
306,167
311,259
555,279
413,247
422,258
302,181
433,314
368,275
578,293
303,176
381,314
477,261
515,283
369,274
576,283
385,249
459,267
306,155
312,261
440,314
308,256
537,281
287,187
478,316
300,145
382,255
498,316
415,249
294,219
568,279
285,165
471,263
287,193
297,263
281,253
294,260
283,225
414,314
304,170
523,318
476,261
377,261
526,281
269,133
463,267
329,273
288,127
284,256
283,158
344,279
412,314
507,318
298,195
466,265
496,270
497,271
301,182
502,276
506,281
574,281
296,140
305,298
298,237
345,312
516,283
409,314
568,312
311,300
299,143
538,281
424,260
383,252
396,245
294,210
416,314
475,261
454,316
297,264
304,296
426,262
271,127
283,230
474,316
339,312
498,273
576,302
285,216
299,270
373,267
300,188
390,314
437,269
576,296
285,123
296,228
409,247
442,271
535,318
267,132
309,257
519,283
292,132
374,314
388,314
468,316
300,240
303,293
434,269
317,306
287,169
302,147
547,279
283,217
294,213
381,256
494,269
390,247
287,183
474,263
283,255
292,258
357,279
414,249
392,314
543,318
293,259
430,267
285,209
517,318
557,279
281,241
300,187
277,123
278,123
435,314
285,203
299,285
496,316
363,314
550,318
300,286
292,131
511,281
492,266
310,257
493,267
300,239
566,279
302,176
528,318
578,296
392,245
297,233
559,316
531,281
283,222
543,281
277,140
306,158
343,312
287,188
301,290
342,279
296,204
273,138
280,123
281,250
431,267
296,210
322,268
539,318
299,274
574,306
411,314
494,268
283,155
571,308
472,316
526,318
306,165
298,198
546,318
286,125
502,275
271,134
344,312
320,267
457,267
578,291
482,261
520,283
445,314
365,277
488,261
576,285
532,281
566,314
330,275
300,147
568,281
357,281
294,217
444,271
439,314
285,163
576,297
287,195
283,227
304,172
302,246
299,267
410,314
344,281
267,129
298,193
387,314
304,152
281,150
549,279
457,268
334,310
535,281
494,316
305,296
484,316
298,235
335,311
465,316
458,267
416,249
522,318
433,267
571,281
357,312
311,302
430,314
421,314
556,317
383,254
269,127
420,257
331,275
504,277
567,312
420,253
558,279
495,269
287,200
498,271
329,310
415,314
440,271
285,214
281,238
300,190
301,147
296,230
451,314
573,281
569,310
397,245
295,137
386,314
570,309
438,314
300,242
303,295
386,249
470,316
429,265
434,267
572,281
317,304
367,314
287,171
547,281
283,219
342,312
503,316
364,314
541,318
406,314
499,273
332,275
278,142
298,143
287,177
337,277
480,261
296,199
362,279
430,265
389,247
548,318
281,247
327,308
404,314
450,314
304,176
294,135
562,279
391,314
523,282
368,314
375,314
314,263
306,168
350,312
551,279
302,182
578,294
536,281
306,156
518,283
287,190
500,273
301,288
