32,54
65,24
48,112
46,42
25,82
34,52
93,21
27,68
80,12
83,9
60,29
5,126
98,7
77,55
101,10
16,106
100,17
47,40
39,127
43,120
49,109
56,32
83,40
92,5
72,67
30,58
71,19
52,105
82,9
54,99
69,73
8,120
36,134
11,114
28,63
18,140
50,108
7,134
31,56
26,74
68,21
40,48
15,108
14,138
46,115
45,47
56,89
97,18
53,102
88,31
5,131
70,72
44,120
61,87
25,79
45,116
27,65
65,81
20,96
56,96
17,103
76,57
42,121
12,114
101,15
44,119
33,53
25,80
27,70
84,38
35,134
48,39
47,113
71,20
49,38
50,37
53,104
21,95
97,6
77,53
23,89
57,87
76,14
7,122
51,36
30,56
34,136
36,49
19,98
38,130
32,138
8,122
6,125
23,86
78,13
41,125
11,116
29,60
24,82
26,72
39,128
45,45
56,91
40,126
68,76
24,141
75,59
5,129
89,28
59,87
90,27
64,26
13,111
89,6
29,140
90,5
27,67
20,141
95,6
20,98
39,48
73,62
80,47
74,61
81,46
68,75
98,8
9,118
101,13
83,39
58,31
63,86
35,51
59,30
85,37
67,78
82,10
61,28
21,93
63,26
15,139
55,96
72,18
75,15
79,13
77,13
101,16
95,18
64,83
19,100
38,128
85,8
86,7
33,137
22,92
87,6
37,131
30,140
71,67
17,105
18,103
78,53
28,140
29,58
21,141
79,48
24,84
92,24
73,64
54,34
67,22
17,139
69,20
28,64
87,33
38,48
66,80
56,93
87,31
11,137
99,8
42,122
32,53
65,25
92,23
93,22
19,140
17,140
27,69
94,5
80,11
81,10
60,28
50,38
81,44
12,137
82,43
100,10
5,127
70,71
101,11
16,105
100,16
46,44
47,41
43,121
49,110
52,36
83,41
72,66
85,35
52,104
84,8
69,74
22,91
36,133
55,98
6,126
30,139
71,68
10,117
73,17
11,115
28,62
52,35
91,24
62,87
7,135
53,34
26,77
86,35
15,109
64,85
46,114
48,40
96,18
54,101
45,48
56,88
53,103
31,139
5,132
88,30
74,17
18,101
90,28
79,50
24,86
90,6
45,117
65,82
13,137
51,106
23,141
56,95
74,62
76,56
12,113
44,118
32,55
48,113
46,43
25,81
93,20
14,109
55,34
27,71
84,37
35,135
63,85
59,29
83,8
67,77
49,39
96,6
82,41
97,7
76,55
6,133
77,54
16,107
7,123
51,37
66,23
91,5
56,33
94,20
52,106
19,99
44,48
69,72
8,121
80,48
6,124
71,70
23,87
48,111
50,109
91,26
29,61
26,75
68,22
86,33
45,46
56,90
40,125
66,79
5,130
89,29
90,26
64,25
88,6
13,112
25,78
94,6
10,136
20,97
73,63
80,46
85,7
74,60
98,17
62,27
68,74
82,44
76,58
9,119
101,14
7,124
46,41
33,52
34,51
84,39
58,30
31,55
26,71
94,19
43,48
67,79
21,94
63,27
55,97
9,120
10,118
23,88
76,15
41,123
77,14
30,57
93,5
9,135
26,78
34,137
36,50
95,19
19,101
32,139
54,102
33,138
26,141
87,7
37,132
58,87
41,124
18,102
78,52
50,107
29,59
79,49
24,83
73,65
22,141
67,23
9,136
26,73
69,21
45,44
21,96
56,92
40,127
68,77
75,58
99,9
5,128
75,16
13,110
92,22
14,110
19,141
55,33
27,66
42,48
81,11
81,45
82,42
100,9
6,134
70,70
60,87
101,12
66,24
49,111
57,31
72,65
70,20
35,50
85,36
47,114
61,27
22,90
36,132
15,138
27,141
55,99
72,19
71,69
10,116
23,90
73,18
79,12
28,61
78,51
91,25
62,86
53,35
57,32
26,76
34,135
86,34
64,84
37,49
38,129
54,100
22,93
56,87
37,130
17,104
88,29
5,133
74,16
28,141
79,51
24,85
45,118
16,139
15,107
41,48
65,83
28,65
87,32
8,135
46,116
38,49
13,138
51,107
66,81
56,94
98,18
11,136
75,60
25,141
42,123
12,112
99,17
