45,204
82,236
68,115
71,111
96,211
55,168
37,217
38,217
57,163
19,252
106,170
70,257
98,148
49,276
104,168
106,180
92,219
84,232
85,230
62,269
92,120
17,261
67,118
66,264
87,226
100,154
94,132
77,244
102,196
53,175
22,247
57,164
59,152
100,206
61,144
88,105
65,121
51,186
78,242
29,234
61,138
92,119
66,119
35,223
96,139
41,275
104,196
32,270
33,271
29,268
59,145
24,266
26,239
25,267
31,229
63,133
102,160
47,198
90,106
33,224
83,234
41,276
37,273
68,260
17,255
99,149
86,228
71,112
100,150
53,177
55,173
98,206
76,246
59,150
101,202
102,200
60,145
21,251
27,236
25,268
49,194
21,265
58,159
63,130
104,163
90,117
49,190
17,258
50,189
67,115
68,259
69,258
45,202
82,234
100,157
54,276
75,106
44,276
23,266
55,170
94,131
71,254
74,251
57,161
92,129
19,254
24,243
98,146
106,178
97,143
84,234
51,183
92,122
61,143
103,163
73,109
66,262
69,114
97,210
80,239
77,105
28,268
59,154
21,247
106,189
22,266
94,216
23,243
51,188
78,240
29,232
61,136
96,141
72,253
86,227
34,272
39,213
81,103
53,182
31,270
59,147
90,223
64,267
65,266
46,276
51,276
31,231
44,205
104,190
84,230
88,225
85,103
101,157
72,109
68,262
56,167
98,210
54,275
93,129
55,175
37,220
76,105
21,249
27,238
95,137
49,192
19,251
106,175
70,258
79,105
45,276
79,240
50,276
104,165
92,216
43,208
90,115
62,270
92,125
91,117
17,256
67,117
62,272
45,200
94,129
74,249
57,167
40,274
98,144
106,176
94,215
105,169
23,244
51,185
61,141
87,103
104,193
33,272
94,136
59,156
100,202
25,242
106,187
43,206
93,216
65,125
78,105
47,197
61,134
90,111
33,227
96,143
42,276
48,276
63,126
81,238
39,215
53,180
59,149
90,221
70,254
27,235
26,268
63,129
83,103
41,211
98,208
38,274
45,205
75,105
96,210
55,169
37,218
74,252
19,253
106,173
70,256
104,167
90,113
106,183
92,218
64,125
62,268
92,127
17,262
41,212
34,223
67,119
100,153
80,103
94,135
102,199
57,165
59,153
54,175
100,205
25,239
61,145
106,190
88,104
94,213
65,122
23,246
51,187
92,118
29,235
61,139
96,138
104,195
39,216
29,269
59,158
20,251
25,240
47,276
52,276
106,185
102,163
47,199
79,103
78,244
90,109
91,220
33,225
37,274
102,159
58,273
71,113
100,149
53,178
76,245
59,151
80,240
27,237
49,195
21,266
31,227
63,131
90,116
49,191
17,259
41,209
18,264
68,258
45,203
82,237
100,156
71,110
74,107
75,107
96,212
55,171
94,130
74,250
75,248
57,162
92,128
99,206
19,255
106,171
56,274
98,149
104,169
106,181
84,233
62,133
98,143
92,121
89,105
17,260
52,183
66,265
39,274
100,155
69,115
94,133
95,212
80,238
70,113
102,197
59,155
30,231
106,188
43,205
65,120
51,189
78,243
29,233
61,137
35,222
96,140
84,103
72,252
41,274
53,276
86,226
63,125
30,270
53,183
33,270
76,248
90,222
64,266
35,272
25,266
31,228
63,132
102,161
27,268
90,107
88,224
17,264
37,272
102,157
68,261
48,195
86,229
100,151
54,274
53,176
55,172
98,207
76,247
37,221
102,201
21,250
57,159
27,239
40,213
49,193
21,264
106,174
104,164
90,114
43,209
49,189
92,124
17,257
73,252
63,268
73,107
86,103
18,255
45,201
82,235
60,272
74,248
57,160
106,169
98,147
106,179
94,214
103,196
89,224
23,245
92,123
61,142
32,227
73,108
66,263
69,113
104,192
59,157
36,221
25,243
106,186
43,207
78,241
29,231
61,135
90,110
42,209
96,142
36,272
72,254
63,127
58,274
53,181
59,146
90,220
64,268
20,264
31,230
65,119
47,195
90,224
104,191
90,105
84,231
105,190
88,226
33,223
82,238
71,109
59,272
82,103
55,174
37,219
21,248
106,172
79,104
104,166
90,112
106,182
92,217
61,272
62,271
92,126
28,235
17,263
41,213
67,116
66,266
45,199
43,276
100,152
55,167
55,274
94,134
102,198
57,166
100,204
98,145
106,177
88,103
94,212
65,123
46,199
23,247
51,184
92,117
61,140
35,221
96,137
104,194
57,274
94,137
39,217
29,270
59,159
100,203
19,264
25,241
106,184
102,162
65,124
47,196
61,133
90,108
33,226
102,158
86,230
58,272
39,214
53,179
76,244
59,148
102,202
70,255
63,128
92,220
67,262
41,210
98,209
