178,45
98,102
107,119
130,150
129,60
144,116
192,30
130,59
194,28
164,69
134,138
133,56
196,26
111,157
134,55
168,61
117,70
145,45
135,54
156,89
139,51
127,61
188,30
128,153
99,103
98,91
181,19
113,136
123,65
177,19
192,21
160,78
174,50
146,113
133,142
194,23
162,76
134,141
180,38
184,33
161,33
111,154
136,132
111,128
114,164
118,69
126,156
150,103
163,29
107,79
109,77
177,20
115,165
167,25
182,19
178,19
174,53
140,125
179,42
99,88
166,65
113,160
97,101
121,67
97,95
112,145
183,19
122,65
109,122
182,38
111,150
152,100
138,128
178,43
108,77
130,148
132,144
144,118
155,35
152,95
168,25
164,71
120,167
113,74
154,93
121,166
103,82
168,63
186,30
148,104
111,133
128,155
166,27
105,114
113,142
143,47
146,111
194,21
103,109
156,35
99,85
162,74
150,41
142,122
157,34
184,35
136,134
111,130
105,79
141,48
150,101
163,31
105,81
158,82
165,29
109,75
97,98
112,134
113,135
167,27
101,108
140,127
175,50
149,43
99,90
109,127
186,32
124,161
158,85
178,46
121,65
97,93
119,168
182,36
195,28
117,166
109,128
143,118
135,53
140,128
168,64
104,81
130,146
132,146
113,139
155,37
146,114
194,24
134,142
115,72
160,33
154,91
111,153
125,63
169,60
148,106
170,59
127,156
176,48
105,110
111,75
105,112
113,140
174,54
146,109
153,94
164,72
99,87
108,122
162,72
141,122
142,120
117,168
185,32
136,136
166,66
101,85
133,55
161,31
119,69
124,164
173,23
113,163
158,80
165,27
97,96
101,106
112,158
113,159
153,39
149,41
180,41
109,125
118,168
131,58
151,39
195,25
137,53
111,149
124,163
139,128
147,108
152,97
176,46
113,164
178,44
132,143
131,146
160,80
107,116
129,61
113,144
144,115
164,68
169,23
133,57
154,94
196,25
144,47
111,146
103,81
168,60
117,71
145,46
135,55
186,19
156,88
146,45
128,152
159,80
172,56
106,79
191,30
113,137
192,20
160,77
146,112
194,22
123,164
123,63
134,140
169,24
142,119
184,32
111,155
125,61
156,87
187,19
170,57
111,129
126,159
150,102
172,55
176,50
110,75
164,29
173,54
177,21
120,67
147,44
107,120
174,52
140,124
165,68
99,89
151,40
136,138
166,64
101,83
171,23
173,21
188,19
113,161
158,86
97,102
190,19
101,104
140,123
153,37
109,123
122,165
110,128
159,33
183,36
196,28
111,151
185,17
125,160
152,99
137,132
171,56
138,131
178,42
104,110
179,19
191,19
107,118
130,151
144,117
135,138
193,30
152,94
194,29
167,64
164,70
134,139
115,71
120,166
113,75
154,92
196,27
111,156
103,83
168,62
117,69
114,73
186,17
156,90
139,50
170,60
128,154
189,30
99,102
180,19
105,115
113,143
123,64
145,114
160,79
174,51
146,110
180,39
184,34
174,21
157,35
181,38
161,32
136,133
111,131
126,157
141,49
150,100
107,78
109,76
97,99
105,116
115,164
163,72
107,122
140,126
99,91
131,57
136,53
157,86
124,160
158,84
97,100
121,66
102,108
97,94
128,61
183,18
132,57
116,166
117,167
111,145
150,104
138,129
151,100
130,149
132,145
106,116
102,83
115,73
120,168
113,73
154,90
111,158
175,21
186,31
148,105
187,30
170,58
111,132
128,156
105,111
99,104
142,47
105,113
176,21
113,141
147,43
193,21
146,108
103,108
162,75
184,36
157,33
136,135
162,31
141,47
163,30
105,80
158,83
165,28
97,97
113,134
115,166
101,107
167,26
97,91
148,43
149,42
180,40
100,85
109,126
122,166
131,59
166,68
158,33
126,160
184,17
119,67
116,71
124,162
152,96
138,132
100,104
132,142
97,92
107,117
130,152
113,145
144,114
194,30
182,37
170,23
111,147
145,47
186,18
139,49
148,108
149,104
190,30
130,147
113,138
192,19
160,76
155,36
194,25
169,25
142,118
124,63
155,90
111,152
125,62
156,86
126,61
148,107
170,56
111,134
140,49
126,158
172,54
107,77
176,49
147,45
107,121
103,110
99,86
162,73
142,121
151,41
136,137
166,67
101,84
172,23
137,51
119,68
173,22
189,19
113,162
158,81
101,105
129,152
152,39
183,17
161,76
140,122
129,59
113,158
153,38
180,42
109,124
154,37
122,164
112,75
137,52
111,148
138,51
152,98
176,47
177,46
138,130
