345,510
273,617
483,328
623,132
551,235
683,51
464,363
683,64
276,618
226,685
316,559
427,398
588,195
706,18
503,296
565,221
329,541
256,645
479,336
578,203
253,648
362,497
472,337
257,635
277,616
260,634
300,575
304,570
439,388
5,970
45,926
135,796
110,828
429,400
33,943
656,92
326,536
336,536
28,946
567,223
146,793
93,852
261,632
85,868
438,384
68,901
641,123
627,142
684,63
225,678
688,58
392,455
107,838
197,712
590,177
169,763
385,470
495,311
216,698
485,333
17,959
125,822
369,492
425,402
267,615
246,645
69,884
195,713
200,721
316,563
100,842
564,217
520,287
631,131
209,694
244,652
577,195
299,581
678,67
424,402
621,139
32,934
161,774
199,714
184,737
476,333
387,452
596,174
230,676
576,210
153,775
266,622
124,814
514,280
456,368
511,298
499,306
232,663
344,517
309,573
642,116
154,778
525,265
306,577
76,879
54,914
275,611
595,170
580,190
211,693
584,185
399,450
580,205
512,293
489,324
608,158
220,684
133,803
688,38
108,845
34,936
471,349
570,214
186,735
650,110
234,675
328,548
178,750
527,277
259,627
255,637
200,717
588,180
259,640
333,527
356,496
446,374
412,418
545,239
655,102
181,747
702,7
61,901
208,711
192,732
448,374
601,176
285,605
152,782
342,513
531,266
18,971
517,291
540,251
544,254
239,653
476,337
114,834
321,548
454,376
553,241
165,763
643,115
41,933
376,468
283,608
639,125
456,364
463,363
441,393
666,82
50,911
269,623
571,211
510,285
699,6
519,275
480,336
689,44
508,294
42,926
258,627
367,493
560,223
318,547
628,134
423,412
522,279
264,635
220,688
121,813
471,353
440,395
523,272
394,452
626,133
703,27
602,170
603,159
398,439
492,310
82,866
446,387
564,226
532,256
492,325
243,653
706,15
302,578
248,656
455,369
44,924
174,747
322,550
87,874
625,135
338,528
677,65
610,164
187,733
334,540
406,441
667,87
274,615
331,538
528,270
526,265
549,232
553,237
643,111
511,285
352,506
67,897
323,555
14,972
158,763
432,401
115,826
465,351
158,778
417,412
128,809
594,180
63,907
671,72
223,689
90,870
180,740
557,226
688,31
561,231
46,921
450,382
694,5
287,593
327,548
345,509
273,616
38,936
483,331
551,234
310,572
555,239
683,50
65,895
494,312
164,756
518,275
706,19
565,220
655,94
329,540
353,503
134,810
409,438
563,213
472,338
257,634
260,635
101,851
210,698
687,60
304,571
439,391
5,969
415,430
633,123
135,799
110,829
662,84
33,942
361,489
656,93
336,537
615,157
567,222
146,790
695,5
93,851
85,867
560,231
641,122
225,677
155,778
315,551
392,456
688,59
590,182
60,901
169,762
385,469
495,310
206,703
428,397
216,699
369,483
425,401
579,193
200,722
347,517
100,843
564,218
363,491
645,103
631,130
692,6
92,858
40,933
244,653
577,194
252,636
424,403
481,326
634,132
218,687
32,935
161,773
199,709
184,738
596,175
118,831
624,144
573,201
576,211
704,24
266,623
619,151
124,815
343,527
514,281
456,369
609,157
166,752
499,309
232,664
123,821
213,699
309,572
453,364
115,837
633,128
154,779
249,655
175,755
54,915
275,610
580,191
211,692
584,186
203,708
462,359
561,222
108,831
90,862
220,685
37,929
224,680
133,802
688,39
108,846
34,937
471,348
461,358
307,576
178,751
527,276
259,626
599,166
255,636
588,181
333,526
545,238
412,419
655,97
35,936
659,98
181,746
61,900
151,774
208,696
282,595
448,375
325,543
672,70
654,90
342,518
517,290
352,514
559,219
667,74
476,338
314,565
294,583
634,122
549,243
454,377
643,114
41,932
131,806
376,469
124,819
106,834
639,124
456,365
349,510
538,247
297,579
289,595
202,704
666,83
269,622
519,274
390,450
237,671
42,927
168,750
628,135
301,575
177,753
220,689
404,440
471,352
440,396
670,70
394,453
103,853
413,423
55,918
117,829
575,207
703,26
602,171
492,311
82,867
47,919
564,227
532,257
616,146
9,964
706,12
678,57
377,476
467,350
322,551
87,869
625,134
338,529
677,64
610,165
478,333
667,86
27,951
359,506
288,601
219,687
36,943
274,612
528,271
526,270
236,662
553,236
643,110
511,284
317,563
67,896
193,717
323,554
14,973
19,953
432,402
72,889
128,810
699,37
594,181
63,906
671,75
395,452
474,343
112,840
379,478
90,871
270,611
661,82
647,99
688,16
372,473
462,351
561,230
46,926
651,100
385,456
29,953
674,78
38,937
233,663
555,238
65,894
494,313
21,951
316,553
683,66
100,848
616,142
706,16
565,219
655,89
696,38
255,645
654,99
436,400
479,338
668,75
134,811
238,655
409,437
374,479
691,11
114,824
101,850
210,699
576,200
5,968
120,820
444,376
415,425
629,125
662,85
361,488
567,217
167,751
665,81
81,874
641,121
315,550
155,781
637,119
590,183
60,902
428,398
216,700
254,648
369,482
603,169
579,192
290,589
347,516
363,490
645,102
61,895
388,465
460,364
339,517
393,445
692,7
30,938
92,859
40,934
173,758
209,709
252,637
481,325
144,787
75,877
79,877
199,708
387,454
118,828
624,145
53,911
573,200
704,25
343,526
609,156
166,753
137,793
123,820
213,698
303,568
453,363
535,253
115,836
249,654
175,754
475,348
395,447
275,613
168,755
278,616
203,711
372,482
462,356
561,221
651,95
180,733
37,928
281,598
660,86
461,357
324,547
55,909
366,482
521,281
12,960
622,147
536,250
262,632
159,768
215,696
290,593
446,372
565,226
35,939
208,697
325,542
672,71
654,91
342,519
352,515
421,412
182,731
610,158
667,77
540,245
445,375
544,240
677,60
239,655
314,562
114,832
204,706
294,580
634,123
549,242
131,809
317,558
690,8
106,835
349,509
405,443
289,594
202,705
477,345
666,80
513,291
571,213
614,149
508,288
237,670
132,798
168,751
367,495
64,896
102,840
423,414
301,574
177,752
94,859
220,690
121,819
217,684
589,188
113,835
523,274
483,337
103,852
413,422
55,913
117,828
575,206
398,437
130,815
96,861
351,511
616,147
706,13
268,624
400,440
550,245
678,62
365,497
156,780
467,353
97,861
27,950
359,501
288,602
219,686
442,387
236,663
700,6
317,562
690,44
193,716
585,194
19,952
340,516
72,890
115,828
214,688
547,235
699,36
242,649
395,455
474,340
145,796
112,841
292,581
524,280
661,81
688,17
372,474
651,103
197,721
493,314
392,445
29,952
273,622
26,942
263,635
233,662
310,562
555,225
683,52
155,767
21,950
226,680
316,554
616,143
706,17
696,39
368,488
654,96
109,831
436,401
578,198
529,266
348,520
409,436
227,669
374,476
563,215
691,10
253,645
606,155
148,791
300,570
576,201
120,821
118,832
415,424
680,55
629,124
45,923
123,811
642,111
429,397
451,365
665,80
81,873
171,747
68,896
684,58
637,118
485,330
17,956
125,819
459,355
425,407
7,965
603,168
330,540
195,714
488,320
649,98
388,466
393,444
491,321
173,757
209,708
299,582
430,399
621,136
144,788
75,876
312,554
79,876
387,457
596,169
624,146
704,26
176,739
266,621
124,809
619,137
343,521
166,758
137,792
303,571
344,520
642,115
535,252
76,874
395,446
271,611
168,756
595,175
51,909
372,483
335,537
462,357
580,200
651,94
90,860
180,734
489,329
37,943
281,597
108,840
381,476
570,213
660,87
186,730
646,102
650,109
389,455
55,908
521,280
12,961
536,251
159,771
255,638
356,499
446,373
565,225
655,99
702,10
235,659
325,541
152,785
531,271
18,966
421,411
559,229
607,169
610,159
478,343
540,246
500,299
27,941
445,374
544,241
587,181
677,59
239,654
114,833
204,707
549,241
165,760
317,557
690,9
534,254
405,442
202,718
477,344
543,245
513,290
571,212
390,448
671,81
508,289
132,799
367,494
64,897
102,841
423,409
426,399
522,274
94,856
121,818
307,561
589,187
113,834
293,590
523,277
483,336
670,68
626,128
55,912
350,512
77,888
602,169
198,724
398,442
130,812
96,862
351,510
407,440
375,484
492,320
243,654
302,577
48,928
400,441
497,303
501,303
678,63
365,496
455,370
44,927
156,781
433,400
691,49
610,163
97,860
187,734
359,500
24,945
331,543
442,384
247,643
526,268
468,348
149,775
352,509
317,561
585,193
605,158
509,297
662,79
250,647
361,498
72,891
340,517
71,887
115,831
465,348
158,777
699,39
145,787
292,582
223,690
524,281
379,464
90,869
180,743
661,80
129,807
557,223
688,18
450,381
604,158
197,720
287,594
493,313
392,446
125,814
273,621
533,263
26,943
483,332
233,661
401,449
551,231
310,563
555,224
683,55
130,816
256,635
21,949
226,681
316,555
636,124
565,217
52,908
696,40
255,647
109,830
353,500
578,199
529,265
348,521
611,149
563,214
691,13
253,644
58,914
257,639
80,874
210,697
300,571
304,574
576,202
118,833
680,56
633,120
45,922
453,373
642,108
136,793
429,396
361,494
326,540
515,279
615,158
146,789
54,906
241,657
171,746
443,385
85,864
438,388
556,223
684,59
423,417
155,783
392,459
590,181
60,896
495,307
485,329
125,818
117,834
425,406
398,451
488,321
636,128
35,945
649,97
339,519
319,549
92,853
491,320
244,648
577,199
678,71
634,131
621,135
218,682
312,555
681,67
540,258
596,170
118,818
240,652
153,779
176,740
266,618
124,810
166,759
499,310
344,521
309,569
642,112
633,133
382,464
76,875
571,203
685,63
271,610
54,918
275,615
132,804
591,181
298,588
211,697
51,908
638,112
536,256
90,861
180,735
489,328
220,680
37,942
224,683
281,596
108,841
34,932
570,210
381,475
186,731
389,454
422,406
575,212
178,746
91,859
259,631
255,633
356,508
446,378
565,224
35,941
655,98
702,11
285,601
152,786
658,100
18,967
559,228
607,168
610,156
39,940
500,308
435,387
383,473
314,560
643,119
41,937
317,556
376,472
396,445
297,576
289,592
202,719
358,506
547,241
269,619
382,460
480,340
390,449
399,445
20,966
42,922
367,489
318,551
102,846
447,385
628,130
423,408
522,275
593,174
404,443
546,252
293,589
670,69
394,448
74,892
626,129
350,513
77,887
378,470
398,443
95,855
96,863
243,657
212,704
302,582
592,174
612,161
501,302
455,365
554,230
174,751
377,481
322,546
87,870
539,247
338,524
691,48
587,195
610,160
97,851
277,607
496,320
466,360
36,938
274,611
24,946
331,542
247,642
526,269
236,657
352,510
67,901
690,42
585,192
14,976
509,296
605,157
19,954
432,405
250,644
361,497
451,371
71,886
245,655
279,613
547,237
128,813
699,38
594,176
145,786
292,583
90,866
661,95
557,222
688,19
281,611
46,925
604,159
327,544
385,461
189,735
392,447
674,77
125,813
38,940
697,5
401,448
551,230
43,919
506,295
256,636
494,316
100,851
518,279
503,295
565,216
655,90
696,41
255,646
458,356
469,356
529,264
611,148
701,10
227,671
691,12
253,643
472,342
257,638
114,823
80,875
210,694
304,575
490,326
439,387
266,631
700,36
633,127
45,921
135,795
232,672
453,372
295,593
136,794
429,395
361,493
451,367
326,541
296,576
615,153
618,143
567,218
146,786
241,656
353,514
438,389
345,515
155,782
392,460
590,186
60,897
495,306
543,256
485,328
125,817
369,487
117,833
425,405
7,967
398,448
579,197
69,895
290,584
636,129
48,922
35,944
363,495
460,367
339,518
30,937
325,551
92,854
40,937
424,407
191,719
218,683
496,313
184,742
540,259
118,819
240,653
619,139
124,811
456,373
137,798
232,668
84,869
289,587
309,568
633,132
382,465
685,62
54,919
275,614
42,935
132,805
591,180
211,696
584,190
638,113
141,797
37,941
224,684
68,885
108,842
34,933
381,474
471,344
449,378
366,481
521,286
178,747
394,444
12,963
527,272
255,632
356,509
431,397
35,940
702,8
61,896
208,700
105,836
285,600
152,787
654,94
87,861
257,644
667,78
500,309
383,472
314,561
420,421
41,936
131,810
376,473
690,7
196,716
639,120
396,446
686,43
289,599
487,332
676,69
127,805
543,247
358,507
547,240
269,618
480,341
390,454
548,238
20,967
367,488
419,419
628,131
416,427
694,50
593,173
485,319
217,689
369,478
670,74
394,449
55,914
350,518
117,825
575,203
378,471
142,786
198,714
130,810
95,854
96,848
276,604
427,408
47,915
532,269
616,150
9,968
212,705
302,583
592,175
612,162
550,232
554,231
170,748
174,748
377,480
305,579
322,547
467,354
87,865
539,246
338,525
277,606
36,939
331,529
526,274
236,658
690,43
585,199
605,156
19,957
158,764
432,406
451,370
71,881
245,654
547,236
128,814
510,290
594,177
474,339
661,94
688,20
281,610
46,930
341,530
107,848
385,460
29,949
38,941
437,400
664,76
233,667
267,625
555,226
464,353
195,723
506,292
679,61
494,317
316,549
518,276
692,47
30,946
126,807
255,641
458,357
66,894
469,355
397,454
668,71
238,659
701,9
227,670
472,343
148,786
687,59
490,327
439,386
576,204
120,824
135,794
157,766
232,673
123,812
642,106
295,592
410,422
361,492
451,366
296,577
615,152
618,140
567,213
54,904
111,841
665,85
81,878
353,513
443,387
85,878
68,899
345,514
423,419
155,769
392,461
688,48
590,187
60,898
369,486
459,356
7,966
603,173
330,539
482,334
579,196
69,894
195,719
290,585
48,923
363,494
569,207
649,103
229,677
319,551
30,942
325,550
40,938
190,720
305,570
424,408
10,977
191,718
144,791
496,314
355,497
583,201
183,735
184,743
387,458
351,517
53,907
516,277
619,138
343,522
456,374
166,757
137,797
232,669
84,870
289,586
59,913
271,620
168,759
595,176
51,910
584,191
638,118
141,796
462,360
335,538
281,602
68,886
471,347
660,82
646,101
461,353
650,104
449,377
366,486
521,285
65,905
673,74
482,338
262,636
568,207
215,692
122,812
356,510
161,760
470,354
208,701
192,722
282,604
235,660
325,538
397,445
574,199
654,95
658,98
87,860
531,272
18,965
563,227
472,352
182,735
610,154
27,942
544,244
587,182
36,944
435,389
454,370
420,422
196,717
534,253
349,505
581,190
586,196
676,70
202,717
543,246
513,295
269,617
671,82
548,239
237,666
64,900
102,844
20,951
419,418
628,140
423,410
301,570
416,428
613,161
546,250
121,823
217,688
307,562
640,123
589,184
113,839
369,477
150,784
523,278
103,848
413,418
117,824
575,202
198,715
130,811
95,849
96,849
351,507
47,914
532,270
616,151
268,620
400,444
365,493
156,776
305,578
433,405
87,864
630,138
406,435
331,528
468,351
236,659
442,382
690,40
585,198
373,471
652,108
158,765
361,503
72,894
629,134
214,692
128,815
510,291
474,336
524,276
379,469
180,738
270,612
129,804
688,21
46,931
341,529
450,376
493,310
29,948
533,260
664,77
138,796
263,631
233,666
267,624
623,141
310,566
555,229
464,354
195,722
679,60
226,676
316,550
57,902
30,947
368,492
654,100
397,453
578,194
191,725
529,270
348,516
238,656
611,150
563,219
58,913
148,787
576,205
120,825
680,59
157,765
642,107
175,741
515,280
146,784
54,905
665,84
258,642
81,877
171,751
353,512
443,386
85,877
163,771
272,618
684,54
423,418
155,768
688,49
64,891
637,114
169,764
495,316
86,875
459,359
425,411
330,536
69,893
195,718
488,324
530,272
569,206
612,148
649,102
229,676
319,550
30,943
491,325
329,546
40,939
244,651
577,196
173,753
190,721
305,569
539,256
430,403
681,55
496,315
79,872
355,496
583,200
199,707
183,734
387,461
351,516
118,817
53,906
516,278
153,776
266,617
343,517
609,151
499,315
289,585
228,682
571,204
475,339
59,912
480,331
689,57
548,244
168,760
298,587
595,179
51,913
141,795
536,259
462,361
90,856
94,864
133,812
281,601
68,887
108,836
34,931
507,305
570,209
660,83
461,352
389,451
650,105
324,552
55,904
366,487
422,405
521,284
65,904
673,73
178,745
693,6
622,148
91,860
536,255
259,632
482,339
262,637
568,208
215,695
207,711
122,813
446,377
431,399
470,355
208,702
192,723
282,605
635,121
325,537
397,444
597,173
658,99
350,503
559,225
265,619
182,732
610,155
544,245
435,388
454,371
643,120
420,423
317,553
106,844
196,718
396,440
349,504
297,581
581,189
586,197
127,807
202,714
477,340
543,241
699,31
237,665
399,446
20,961
42,921
367,490
64,901
102,845
447,386
423,405
301,569
177,747
694,48
94,860
613,160
29,943
546,251
640,124
254,634
113,838
293,586
589,183
150,785
413,417
74,891
77,884
378,469
398,446
351,506
337,536
47,925
532,271
243,658
9,974
400,445
501,299
49,922
365,492
455,366
648,98
44,923
322,545
433,404
691,53
587,196
606,160
677,74
406,432
466,359
359,496
274,606
528,261
526,272
468,344
680,64
442,383
67,902
690,41
585,197
509,293
185,727
432,392
250,643
361,502
72,895
71,883
205,701
629,133
279,614
214,693
443,377
145,791
524,277
379,468
90,865
180,739
688,22
450,377
493,309
189,732
674,72
566,218
328,532
38,931
533,259
664,78
617,146
138,797
263,630
310,567
354,511
256,639
226,677
636,120
164,755
57,901
207,703
282,610
696,44
368,493
191,724
529,269
611,153
701,7
563,218
253,640
606,156
80,878
210,693
576,206
266,626
680,60
633,124
260,640
45,918
453,369
175,740
89,867
515,283
336,528
119,831
504,294
146,785
54,910
241,661
258,643
498,316
171,750
85,876
163,770
272,619
452,364
684,55
613,151
64,892
637,113
590,185
189,736
86,872
73,883
425,410
617,142
697,38
403,431
482,332
320,543
579,198
488,325
530,273
569,205
460,362
649,101
339,523
319,545
329,545
244,660
173,752
190,726
139,800
305,568
70,888
402,446
430,400
308,564
681,54
312,559
79,875
183,729
294,594
596,182
118,822
516,279
690,30
653,106
499,314
84,864
344,525
535,251
477,335
228,683
382,468
475,338
571,207
480,332
689,56
275,619
42,930
132,800
298,584
591,177
278,610
211,701
638,116
536,260
426,404
372,488
462,366
90,857
94,865
37,938
133,811
108,837
507,304
381,471
660,92
389,450
449,383
324,553
73,879
178,742
394,443
91,863
259,635
9,977
356,504
446,382
431,398
631,127
635,120
105,841
285,597
325,536
397,443
597,172
559,224
563,229
265,618
478,344
500,304
420,416
131,815
408,424
317,552
376,476
396,441
384,465
297,580
686,46
585,185
289,596
127,806
477,339
279,605
547,245
699,30
93,867
332,541
390,453
194,730
399,441
20,962
99,843
318,555
423,404
63,893
694,49
94,861
217,694
293,585
670,73
74,888
350,517
77,883
320,552
378,466
142,785
398,447
407,439
427,413
47,924
375,483
532,264
9,973
501,298
49,921
139,795
311,569
365,491
455,361
554,226
648,99
170,747
174,755
467,359
433,395
87,866
630,136
338,520
677,73
606,161
97,855
187,725
277,603
406,433
359,499
288,592
274,607
24,950
331,530
528,262
526,273
680,65
700,28
690,38
509,292
185,726
19,958
228,668
432,393
250,640
451,375
71,882
205,700
629,132
245,651
279,609
594,172
443,376
486,318
145,790
180,748
141,802
688,23
46,929
327,540
493,308
189,731
650,95
674,73
566,219
125,809
273,608
328,533
617,145
263,625
267,626
195,724
506,291
679,62
164,764
57,900
207,702
696,45
255,642
66,893
201,706
134,802
529,268
182,746
701,6
374,470
657,96
362,486
472,346
387,467
80,879
490,322
444,375
266,627
45,917
453,368
136,798
410,421
33,934
89,866
179,736
119,830
615,149
618,139
504,295
567,214
54,911
111,842
241,660
665,90
498,317
261,623
447,372
345,519
452,365
698,5
684,48
613,150
590,190
617,141
603,174
398,452
697,37
482,333
246,658
579,201
48,926
645,111
460,363
339,522
601,163
325,547
244,661
139,803
598,176
70,889
402,447
424,411
308,565
681,53
312,560
387,463
596,183
118,823
624,136
704,16
690,31
619,143
653,105
286,594
558,222
581,199
84,865
289,591
344,526
382,469
685,58
275,618
42,931
591,176
278,611
211,700
51,915
638,117
426,405
604,172
37,937
25,945
281,607
381,470
471,340
186,740
150,779
670,82
449,382
575,211
673,79
482,337
262,627
159,777
9,976
356,505
446,383
431,393
161,765
470,353
313,554
631,126
393,450
105,840
285,596
170,756
563,228
39,939
500,305
420,417
131,814
408,425
376,477
196,712
286,590
509,287
384,466
585,184
676,65
6,968
279,604
465,362
214,687
547,244
89,858
269,614
93,866
332,542
548,234
20,963
116,820
318,552
419,423
522,284
63,892
56,902
121,820
301,584
217,693
307,567
670,78
233,675
77,882
320,553
142,790
198,718
130,806
95,850
96,852
226,671
427,412
532,265
268,623
49,920
139,794
550,236
346,518
455,360
554,227
174,752
467,358
535,265
630,137
691,55
677,72
187,724
277,602
288,593
24,951
331,533
371,480
321,543
526,278
514,294
700,29
690,39
509,291
228,669
451,374
162,767
515,289
205,699
245,650
279,608
11,974
618,148
417,427
510,294
594,173
484,325
486,319
112,832
180,749
141,801
661,90
360,489
327,543
189,730
29,945
17,969
125,808
328,534
138,795
233,671
267,629
623,142
401,443
697,8
555,230
464,357
195,727
679,57
21,959
100,856
434,404
164,765
57,907
207,697
13,976
696,46
201,705
424,416
578,193
348,519
374,471
362,487
472,347
387,466
490,323
232,677
309,559
295,588
23,957
136,799
33,933
515,285
296,581
119,825
615,148
486,328
675,67
567,209
241,651
665,89
258,641
443,391
163,772
345,518
641,113
684,49
155,773
688,52
590,191
617,140
603,161
693,47
398,453
697,36
246,659
579,200
69,890
48,927
380,476
470,346
569,211
649,107
601,162
229,673
285,591
325,546
491,326
244,662
305,574
424,412
539,261
218,692
308,566
496,318
79,885
355,501
32,944
183,731
387,462
624,137
143,789
704,17
153,781
690,28
619,142
286,595
343,518
581,198
289,590
23,961
154,784
382,474
685,57
271,616
99,849
595,180
51,914
638,122
141,792
462,364
604,173
694,43
404,429
25,944
281,606
381,469
471,343
38,926
293,595
186,741
670,83
160,776
366,490
673,78
259,637
83,865
172,758
568,211
159,776
655,104
161,764
592,184
313,553
631,121
192,726
282,600
635,122
393,449
574,203
170,757
541,258
658,94
457,359
610,150
334,526
406,427
435,393
239,663
420,418
376,478
106,843
196,713
286,591
384,467
538,252
686,44
487,331
586,192
676,66
202,713
666,88
465,361
543,242
89,857
269,613
93,865
194,728
548,235
237,662
99,845
116,821
177,744
512,283
56,903
29,940
546,246
121,827
301,583
217,692
307,566
254,633
437,391
589,180
150,788
394,458
103,844
310,558
43,929
703,13
320,554
378,464
602,176
142,791
198,719
130,807
96,853
532,266
243,663
616,155
92,868
550,237
311,571
44,918
66,902
156,772
691,54
466,354
371,483
321,542
526,279
468,347
620,150
514,295
700,30
352,500
442,378
250,654
162,764
515,288
629,130
618,149
11,961
417,426
510,295
443,378
484,326
474,348
628,125
632,120
524,272
270,616
141,800
661,89
37,927
360,490
450,372
287,603
385,455
29,944
674,71
17,968
533,256
664,81
138,792
263,627
233,670
623,137
401,442
354,506
464,358
679,56
226,672
100,857
636,123
164,766
57,906
282,609
692,52
30,951
126,808
52,907
458,366
654,104
397,449
424,417
238,660
611,154
39,925
563,223
304,565
120,829
680,63
700,34
232,678
309,558
295,591
23,956
62,898
656,87
326,535
515,284
59,904
296,582
336,531
615,151
675,66
567,208
146,780
54,909
241,650
498,315
443,390
85,873
272,622
8,964
641,112
684,50
155,772
688,53
646,114
495,312
73,880
425,415
603,160
693,46
697,43
403,432
669,85
69,889
215,687
48,912
530,268
363,485
380,477
569,210
702,22
649,106
339,524
229,672
319,546
105,850
491,313
173,749
190,725
305,573
539,260
265,627
681,59
496,319
79,884
583,196
32,945
183,730
681,68
314,551
294,593
351,512
596,177
143,788
663,93
371,475
153,780
600,163
690,29
196,726
343,513
384,456
558,220
477,332
23,960
475,343
519,288
480,335
685,56
15,961
548,240
271,619
275,620
112,826
132,803
168,764
99,848
278,609
211,702
251,637
141,791
462,365
698,39
220,679
593,187
224,674
133,808
404,430
281,605
108,832
660,95
38,927
293,594
366,491
178,741
259,636
172,759
568,212
215,691
207,707
446,381
78,872
192,727
282,601
635,125
105,846
397,440
574,200
541,257
597,169
672,80
625,144
457,358
350,507
265,623
610,151
435,392
239,662
391,461
411,435
364,497
454,375
317,549
106,840
538,253
297,585
686,45
585,190
487,330
537,259
477,336
6,974
666,89
465,360
269,612
332,536
194,729
237,661
399,442
349,519
99,844
116,822
20,956
647,113
177,751
512,284
29,939
546,247
357,494
254,638
437,390
589,179
150,789
523,269
103,847
703,12
378,465
96,854
518,290
243,662
616,156
344,511
501,311
49,926
311,570
365,488
44,919
66,903
535,267
22,954
409,423
338,519
502,306
606,164
97,852
406,436
466,355
359,492
442,392
620,151
468,356
680,68
352,501
442,379
193,731
185,731
19,963
432,396
340,525
451,376
629,129
306,572
417,425
128,804
167,765
594,171
443,381
484,327
474,349
292,590
628,126
632,121
270,617
281,612
450,373
287,602
428,412
674,68
273,613
38,935
664,82
617,150
263,626
267,631
354,507
636,116
434,402
57,905
147,779
692,53
30,948
52,916
598,171
66,888
654,105
397,448
201,711
134,801
191,720
182,745
75,891
238,661
611,157
563,222
657,101
490,318
148,792
387,468
101,856
304,566
31,941
490,321
120,830
700,35
487,317
586,182
202,703
62,899
582,202
89,871
179,741
515,287
59,907
336,532
119,827
504,298
146,781
498,312
188,732
278,602
85,872
272,623
534,267
8,965
335,524
613,147
315,560
688,54
646,115
495,315
86,876
163,757
693,45
697,42
403,435
482,328
579,202
669,84
488,329
215,686
48,913
470,344
659,83
645,108
702,23
460,358
649,105
339,527
692,9
105,849
491,312
244,656
173,748
190,730
139,804
70,892
402,442
481,339
430,404
308,560
681,58
312,563
496,304
304,579
351,515
596,178
624,139
663,92
371,474
600,164
690,26
196,727
343,512
384,457
405,429
558,221
444,389
477,331
140,797
475,342
112,827
132,812
168,765
591,189
188,736
278,614
638,120
536,264
348,510
116,834
426,400
698,36
593,186
224,675
404,431
25,950
68,892
381,467
570,218
660,88
186,739
55,903
65,899
407,431
82,882
568,213
207,706
122,822
431,394
682,52
313,559
631,123
78,873
635,124
105,845
397,439
597,168
672,81
457,357
350,504
97,847
334,524
391,447
572,216
411,434
549,248
364,498
454,372
297,575
317,548
286,589
297,584
585,189
487,325
537,258
6,975
358,498
547,249
414,416
89,863
332,537
349,518
379,463
20,957
419,424
522,283
416,418
29,938
357,493
217,698
640,113
254,639
437,389
589,178
523,268
670,77
233,672
473,337
77,879
378,478
95,863
276,603
407,435
337,531
47,920
616,157
49,925
139,799
400,449
346,517
311,565
365,487
436,391
644,108
648,103
433,399
535,266
409,422
606,165
406,437
300,584
359,495
288,596
219,696
24,954
331,534
442,393
653,93
526,277
468,357
110,834
680,69
149,782
193,730
283,600
509,288
652,106
432,397
250,652
340,526
451,379
629,128
618,147
306,573
128,805
171,761
112,835
292,591
628,127
180,744
270,622
452,373
688,11
284,606
197,711
189,727
674,69
566,223
273,612
328,537
38,932
459,369
26,948
617,149
263,621
233,668
267,630
246,650
669,79
69,899
195,728
434,403
164,760
147,778
520,272
207,698
13,973
52,917
66,889
201,710
479,327
134,806
191,723
322,542
348,514
75,890
657,100
490,319
257,630
176,753
511,293
586,183
205,715
525,280
582,203
179,740
76,888
475,333
119,826
504,299
188,733
272,608
345,523
641,118
613,146
507,299
381,462
163,756
488,315
697,41
482,329
579,205
669,83
488,330
48,914
470,345
645,107
460,359
388,452
192,717
339,526
601,167
692,10
235,673
244,657
598,180
70,893
144,782
218,691
308,561
312,564
496,305
79,886
227,675
355,502
304,580
544,239
596,179
411,425
624,140
53,916
143,790
600,165
653,101
690,27
384,458
405,428
558,226
444,390
581,195
477,330
23,962
50,924
140,798
382,473
222,678
685,54
689,51
132,813
99,850
595,185
188,737
278,615
318,560
51,919
638,121
536,265
348,511
116,835
426,401
604,168
25,949
542,242
381,466
570,219
186,736
150,783
234,660
83,866
407,430
172,753
262,631
541,253
122,823
682,53
313,558
497,313
631,122
78,878
248,641
393,454
105,844
285,592
170,752
658,93
97,846
39,935
334,525
364,499
297,574
408,429
62,894
317,547
376,481
384,470
137,802
686,51
585,188
537,257
279,600
543,255
414,417
89,862
242,664
292,596
318,556
102,839
584,194
628,139
423,403
450,367
416,419
121,824
301,580
546,245
217,697
307,571
640,114
206,707
394,457
473,336
551,245
310,557
77,878
43,930
703,14
320,557
378,479
142,794
130,802
276,612
407,434
337,530
47,923
518,288
268,619
400,435
329,531
139,798
400,450
346,514
554,239
644,109
648,104
174,756
156,775
535,261
421,421
606,170
58,900
300,585
288,597
24,955
371,484
653,92
620,145
468,358
514,290
110,835
680,70
149,781
283,603
19,965
652,107
250,653
162,763
515,293
618,144
11,962
171,760
261,630
484,321
112,836
223,676
556,237
560,232
524,275
452,374
627,128
688,12
284,607
450,371
197,710
327,539
189,726
216,684
17,973
328,538
533,269
459,368
26,949
425,416
267,617
623,138
401,447
669,78
69,898
506,300
21,955
164,761
57,911
520,273
52,918
368,483
458,365
291,583
348,515
39,926
32,936
657,91
472,351
257,629
240,666
576,196
704,9
176,754
205,714
23,953
410,430
525,279
76,889
296,585
119,821
615,144
504,300
486,332
675,71
146,779
241,655
498,310
98,860
278,600
447,371
272,609
641,117
225,688
688,40
507,298
381,461
86,866
73,885
418,424
527,263
12,976
488,316
603,165
403,437
333,541
88,864
412,428
530,267
363,486
380,472
470,350
569,215
612,147
649,111
192,718
448,376
601,166
319,559
445,389
598,181
265,624
144,783
218,688
312,565
496,306
79,881
227,674
355,505
156,766
32,948
411,424
624,141
53,915
143,785
153,785
690,24
653,100
196,721
286,599
505,294
605,171
373,487
581,194
84,878
50,925
699,8
685,53
15,962
548,243
132,814
367,479
99,853
595,184
188,738
318,561
51,918
251,638
638,126
141,788
426,414
698,34
542,243
357,503
546,238
381,465
471,339
660,90
150,780
389,460
449,369
637,128
234,661
703,21
178,736
407,425
82,880
172,754
262,628
568,215
541,252
635,129
412,432
592,188
497,312
248,642
635,126
393,453
574,207
170,753
597,182
377,467
658,90
457,363
517,277
374,480
39,934
334,530
406,431
435,397
239,659
391,462
454,362
553,227
408,430
62,895
376,482
14,962
384,471
538,248
297,590
137,801
487,327
127,812
6,973
543,254
358,496
414,422
179,735
242,665
63,901
194,724
20,968
292,597
584,195
647,114
251,651
177,748
360,498
512,287
56,907
301,579
546,242
674,63
307,570
640,115
206,704
551,244
43,933
703,9
320,558
142,795
130,803
276,613
337,529
427,403
518,289
126,816
400,436
501,308
469,342
221,693
554,236
174,757
66,898
535,260
22,953
421,420
502,305
300,586
466,350
24,956
653,91
620,146
149,780
135,809
690,32
185,728
19,964
463,349
562,230
451,381
515,292
618,145
11,965
513,283
306,571
346,508
111,828
510,299
167,766
261,629
443,382
484,322
474,344
556,238
632,124
560,233
524,268
270,620
627,131
225,683
688,13
104,836
360,494
450,368
107,843
216,685
674,67
17,972
328,539
533,268
664,85
617,155
267,616
354,502
506,301
256,630
21,954
636,119
564,212
57,910
645,117
209,699
692,48
126,812
368,484
458,362
191,733
238,664
611,158
657,90
490,317
80,869
31,942
240,667
420,407
576,197
704,10
487,318
453,378
205,713
295,587
23,952
410,431
582,201
175,749
76,890
59,908
296,586
386,468
615,147
486,333
675,70
370,490
498,311
81,869
278,601
272,610
8,968
512,296
641,116
315,565
381,460
86,867
73,884
163,758
418,425
527,262
12,977
142,800
488,317
603,164
403,436
579,207
333,540
412,429
530,264
569,214
659,84
612,156
460,353
649,110
339,528
491,317
574,208
190,729
445,388
70,883
402,441
10,966
70,898
681,63
79,880
156,767
583,192
32,949
143,784
516,286
371,479
153,784
690,25
106,848
196,722
286,596
505,293
605,170
444,384
373,486
562,223
84,879
652,93
140,792
222,676
685,52
614,154
390,464
591,190
258,638
638,127
141,787
348,505
438,383
426,415
694,44
698,35
224,678
357,502
68,895
471,338
660,91
389,459
449,368
366,495
703,20
65,896
673,65
178,737
82,881
172,755
599,180
568,216
122,821
212,695
412,433
431,407
545,248
161,759
592,189
151,788
574,204
597,181
377,466
342,528
457,362
517,276
559,233
502,298
691,33
406,428
288,587
435,396
239,658
391,457
236,672
364,493
454,363
157,780
376,483
14,963
538,249
297,589
487,326
127,815
537,263
543,249
358,497
547,250
332,532
194,725
237,657
20,952
647,109
360,499
177,739
341,516
694,8
56,908
301,578
546,243
437,386
103,843
233,677
473,342
703,8
320,559
126,817
501,307
469,341
436,386
221,692
311,566
365,484
66,899
433,396
22,958
630,131
409,427
502,310
183,745
277,612
260,630
687,41
466,351
552,228
468,352
110,833
280,598
135,808
690,33
652,101
656,96
340,521
451,380
245,660
11,964
513,282
306,568
346,509
510,296
167,761
261,628
292,586
632,125
160,760
180,747
270,621
225,682
688,14
104,837
284,601
360,495
107,842
216,686
674,64
566,210
664,86
459,370
26,947
617,154
263,622
354,503
246,649
256,631
564,213
434,398
147,783
645,116
30,952
126,813
52,912
598,175
201,715
481,331
134,805
191,732
529,261
322,541
238,665
701,31
490,314
80,870
230,680
31,937
619,152
303,581
415,415
511,294
453,377
295,586
154,774
62,903
179,745
475,334
59,911
386,469
504,302
370,491
498,308
81,868
188,728
278,606
447,381
16,969
203,713
8,969
512,297
345,520
613,159
315,564
507,300
163,761
482,324
579,206
48,917
181,743
645,104
612,157
460,354
339,531
448,378
235,674
491,316
574,209
173,744
190,734
445,387
402,438
430,408
681,62
227,676
32,950
583,195
204,716
321,552
411,426
516,287
165,759
663,88
704,23
600,168
690,22
106,849
505,292
384,461
558,225
444,385
373,485
463,359
562,220
652,94
666,78
140,793
519,287
222,677
15,972
112,831
132,808
591,185
141,786
348,506
604,171
694,45
224,679
25,954
65,903
673,64
602,166
91,855
96,847
83,871
407,427
568,217
635,131
122,818
412,434
431,406
368,478
313,563
497,318
78,877
208,695
393,459
221,687
311,557
342,529
625,139
350,508
27,952
67,887
288,588
239,669
391,456
236,673
364,494
62,893
157,779
297,588
137,807
487,321
537,262
465,355
358,502
414,420
242,663
332,533
63,903
671,68
395,457
237,656
441,379
349,514
647,108
264,619
341,515
177,738
416,422
121,829
437,385
233,676
473,341
43,935
703,11
320,544
378,474
130,801
95,859
337,535
88,858
268,614
126,822
501,306
550,231
109,845
346,513
554,234
311,561
365,483
436,387
353,507
648,107
644,104
535,262
22,959
630,128
502,311
606,169
58,899
183,744
277,611
260,631
300,580
687,40
359,491
552,229
371,489
468,353
396,454
514,289
110,838
280,599
283,604
323,539
662,88
373,477
463,351
429,411
652,102
250,648
340,522
162,758
656,97
515,294
245,659
513,281
167,760
85,863
675,61
145,782
292,587
556,232
632,126
160,761
270,626
452,369
129,818
225,681
315,555
688,15
104,838
284,602
589,193
566,211
328,541
26,944
401,444
246,654
464,348
669,75
347,521
375,479
434,399
252,650
520,276
649,112
52,913
598,172
201,714
291,584
481,330
529,260
621,150
238,670
32,939
230,681
31,936
516,292
303,580
415,414
511,289
582,188
123,825
213,695
154,775
62,900
175,751
179,744
76,884
119,822
689,11
504,303
486,323
241,652
98,859
188,729
447,380
16,970
203,712
534,268
8,970
335,523
512,298
507,303
646,116
159,767
138,806
622,134
482,325
200,706
48,918
88,867
470,349
181,742
702,24
460,355
448,379
601,171
229,682
574,214
577,210
152,771
173,743
190,735
672,74
342,522
531,257
430,409
312,568
496,309
701,34
227,679
355,506
630,123
634,118
411,429
53,912
663,91
280,608
600,169
653,97
690,23
384,462
558,230
463,358
562,221
84,873
666,79
136,802
50,920
140,794
222,682
194,719
15,975
271,625
132,809
591,184
99,854
51,923
638,125
533,255
348,507
426,413
264,624
489,315
604,164
698,33
25,953
546,237
449,374
626,142
703,22
91,854
83,870
407,426
172,749
541,249
635,130
368,479
313,562
497,317
78,882
393,458
311,556
644,117
648,112
658,89
625,138
350,509
502,296
691,35
607,159
39,931
334,529
500,313
27,955
239,668
528,275
247,653
454,361
408,433
157,778
137,806
686,55
543,251
414,421
242,660
63,902
671,71
395,456
292,592
349,513
557,237
264,620
651,104
251,652
177,737
416,423
121,828
546,241
307,575
640,118
437,384
473,340
494,322
77,874
43,934
320,545
378,475
198,710
95,858
276,608
337,534
427,404
88,859
268,615
565,215
92,867
400,439
49,912
109,844
436,396
311,560
365,482
554,235
648,108
644,105
66,897
156,771
535,257
300,581
687,43
31,951
359,490
552,230
24,959
371,488
247,657
620,141
396,455
110,839
149,777
135,810
283,607
185,733
662,89
19,969
373,476
463,350
429,410
562,229
250,649
652,103
162,759
326,546
629,139
386,463
140,802
695,48
93,862
85,862
145,781
556,233
524,271
160,762
452,370
641,109
627,132
129,817
284,603
327,535
589,192
189,722
273,607
328,542
267,621
91,865
401,435
464,349
669,74
506,296
636,114
375,478
252,651
57,915
520,277
368,487
458,361
299,587
291,587
481,329
191,734
621,149
75,881
32,940
362,495
657,95
266,632
582,189
213,694
309,567
205,710
410,426
525,275
175,750
76,885
336,522
119,817
689,10
504,304
675,75
16,956
370,489
498,306
16,971
272,613
8,971
495,321
86,870
73,889
163,763
418,420
622,135
697,44
403,441
599,173
200,707
48,919
88,868
530,263
412,424
380,468
569,219
181,741
659,89
702,25
339,533
448,380
229,681
319,555
577,209
152,772
672,75
342,523
457,371
10,965
265,628
70,897
308,574
312,569
496,310
701,33
314,558
294,584
596,184
143,797
690,20
653,96
124,824
286,603
505,298
84,874
127,820
136,803
571,217
222,683
480,326
614,153
194,716
15,974
271,624
42,936
258,637
99,857
298,574
51,922
533,254
426,410
264,625
489,314
593,188
542,247
357,499
68,890
440,385
389,456
449,373
626,143
703,17
673,70
492,316
82,876
172,750
207,712
541,248
545,253
212,690
13,959
682,62
248,646
644,118
648,113
377,471
658,86
457,367
559,234
374,484
502,297
691,34
607,158
39,930
334,534
500,314
435,401
383,463
528,276
247,652
454,366
364,488
41,923
408,434
690,56
323,545
639,111
686,52
487,323
676,74
279,599
543,250
465,353
15,957
414,426
695,47
63,897
194,720
116,829
584,199
20,955
557,236
264,621
46,915
56,911
640,119
437,399
206,708
74,878
551,240
683,56
77,873
43,921
142,799
276,609
427,407
88,860
126,820
181,733
458,370
501,304
139,789
554,232
22,962
353,505
535,256
22,957
421,416
409,424
260,625
210,708
687,42
466,346
31,950
439,397
538,262
247,656
620,142
415,420
149,776
135,805
323,541
185,732
662,94
19,968
429,409
629,138
386,460
28,953
140,803
513,287
306,567
417,418
93,861
261,625
484,334
675,63
223,675
8,976
632,128
641,108
203,703
129,816
627,135
225,687
107,847
327,534
189,721
428,411
216,689
17,960
566,209
328,543
533,264
267,620
91,864
401,434
354,498
506,297
21,966
636,115
375,473
434,397
57,914
520,278
147,784
631,136
209,703
299,573
503,309
299,586
448,384
479,333
191,729
621,148
144,792
182,736
701,28
32,941
362,492
490,313
657,94
199,723
184,728
490,328
704,14
303,582
166,762
213,693
303,567
14,958
205,709
295,583
23,948
154,773
410,427
249,641
525,274
175,745
89,872
296,590
336,523
386,464
119,816
615,143
689,9
16,957
370,486
498,307
278,605
272,614
419,409
534,258
8,972
335,533
580,196
345,525
613,156
507,289
186,726
495,320
646,106
86,871
73,888
163,762
418,421
138,804
12,973
679,71
403,440
482,323
333,536
88,869
530,260
659,88
612,152
61,910
702,30
339,532
319,554
574,212
577,208
152,773
445,384
305,565
342,520
402,437
421,407
481,340
10,962
308,575
701,32
583,188
587,185
294,585
321,557
516,282
573,215
690,21
124,825
286,600
505,297
605,166
405,438
373,482
562,219
136,804
140,788
571,216
480,327
614,158
685,48
548,248
258,634
537,250
416,413
604,166
608,161
627,127
593,179
404,438
25,959
357,498
68,891
440,386
523,281
234,670
575,197
65,900
673,69
602,165
330,544
95,864
82,877
568,220
122,817
212,691
545,252
431,403
248,647
635,117
221,684
644,119
170,762
597,177
457,366
374,485
502,302
691,37
334,535
67,888
383,462
572,215
391,453
236,668
364,489
454,367
41,922
323,544
639,110
487,322
676,75
127,811
465,352
358,501
695,46
242,658
332,528
194,721
116,830
584,200
557,235
647,105
360,503
177,743
56,912
437,398
206,709
103,839
74,879
473,346
551,243
683,59
43,920
494,307
47,929
126,821
181,732
458,371
291,593
221,688
311,562
22,963
353,504
409,431
58,910
277,608
260,626
31,945
439,396
396,449
415,423
149,791
280,602
135,804
283,593
323,540
652,97
326,544
245,656
618,154
28,954
231,669
513,286
306,564
417,417
111,827
510,300
167,757
665,75
261,624
484,335
675,62
438,392
632,129
270,625
203,702
225,686
315,556
104,841
284,597
107,846
169,755
216,690
485,325
17,967
566,214
254,642
664,90
354,512
7,976
164,769
401,433
246,653
347,522
21,965
434,394
252,645
147,787
645,112
299,572
577,203
448,385
201,719
291,589
481,335
479,332
668,85
191,728
144,793
182,737
238,669
701,27
199,722
184,729
420,412
704,15
176,744
303,577
511,290
166,763
123,826
303,566
14,959
676,60
295,582
23,951
154,770
62,907
249,640
33,947
582,194
179,749
59,899
296,591
675,77
98,854
188,724
447,377
16,973
272,615
203,717
534,259
8,973
335,532
345,524
698,8
613,155
688,46
646,107
461,367
113,826
422,410
521,275
138,805
12,974
622,133
679,70
599,175
588,188
333,535
612,153
61,909
151,783
388,451
702,31
601,168
325,552
574,213
305,564
70,884
531,258
421,406
705,11
10,963
607,164
227,680
355,511
583,191
476,345
314,556
634,117
321,556
411,430
624,131
143,799
516,283
165,755
573,214
663,84
600,172
690,18
605,165
405,437
558,229
373,481
463,355
562,216
581,204
441,385
666,74
50,919
140,789
519,283
222,681
685,47
614,159
689,52
194,714
548,249
508,302
367,485
99,859
102,850
51,924
537,249
426,408
416,414
604,167
608,162
593,178
404,439
25,958
640,109
660,96
150,774
160,770
366,496
521,271
703,19
602,162
693,9
330,545
351,501
83,875
172,744
262,622
599,179
568,221
212,700
545,243
431,402
682,60
313,567
151,787
78,881
635,116
221,683
644,112
44,932
597,176
658,84
625,143
539,251
705,23
691,36
27,956
36,934
391,452
364,490
157,775
72,880
127,810
6,967
214,698
695,41
242,659
370,476
474,334
292,595
116,831
647,104
651,109
360,504
177,742
493,324
483,323
103,838
473,345
494,321
320,548
198,709
47,928
518,283
565,212
329,532
49,917
291,592
433,391
630,132
362,502
183,740
300,576
552,233
247,658
620,136
396,450
110,842
149,790
280,603
193,722
19,970
373,473
562,224
652,98
656,101
326,545
386,458
28,955
417,416
510,301
167,756
81,883
261,639
438,393
223,685
556,228
632,130
524,266
160,765
627,137
684,64
315,559
104,842
284,598
107,833
197,719
287,589
169,754
216,691
485,324
566,215
254,643
418,415
664,91
369,491
459,361
26,956
164,770
623,147
330,534
669,71
21,964
316,564
375,475
434,395
252,646
363,499
319,560
291,588
678,72
481,334
668,86
75,882
701,26
657,92
199,717
101,847
240,657
420,413
176,745
303,576
499,301
586,191
676,61
309,564
295,577
62,904
76,880
59,898
222,690
504,307
486,327
675,76
370,484
98,855
447,376
16,974
203,716
489,323
613,154
688,47
507,291
169,750
461,366
389,465
159,763
73,894
113,825
418,419
422,411
527,268
693,52
622,138
679,65
599,174
588,189
412,427
530,258
380,471
181,738
151,782
208,704
388,460
448,383
235,665
457,368
705,10
265,633
308,569
607,167
227,683
355,510
587,187
383,468
476,346
314,557
630,127
321,547
624,132
143,798
165,754
663,87
280,612
600,173
690,19
639,116
609,161
558,234
373,480
463,354
581,203
441,384
666,75
50,916
571,218
519,282
222,686
685,46
390,458
194,715
15,971
508,303
367,484
258,632
99,858
298,573
426,409
264,628
489,319
94,850
593,177
133,798
25,957
640,110
660,97
150,775
523,283
160,771
413,431
626,138
521,270
575,199
703,18
693,8
492,319
83,874
172,745
262,623
599,178
568,222
541,245
592,179
682,61
78,886
644,113
44,933
658,85
517,286
705,22
607,155
334,533
230,666
36,935
435,402
239,664
274,620
247,649
553,228
157,774
690,55
166,768
72,881
15,958
414,425
370,477
63,898
671,67
474,335
129,809
688,24
651,108
493,323
483,322
74,877
473,344
422,419
320,549
337,522
518,280
88,863
565,211
49,916
139,790
469,351
109,840
346,522
436,392
529,275
433,390
409,429
58,908
148,782
183,743
80,880
210,707
300,577
466,345
687,55
253,639
219,691
552,234
538,261
620,137
110,843
149,789
280,604
45,932
193,721
283,595
185,737
662,93
373,472
562,225
429,406
652,99
656,102
326,550
386,459
618,152
306,562
111,837
93,858
81,882
171,752
261,638
438,398
223,684
556,229
524,267
160,766
627,136
104,843
637,127
107,832
287,588
60,910
169,753
428,406
86,862
418,412
459,360
26,957
623,146
91,869
330,535
401,439
354,497
669,70
375,474
147,789
520,281
209,700
503,310
244,646
621,145
75,885
701,25
362,491
101,846
240,658
420,414
514,286
166,761
499,300
213,690
586,188
309,563
205,706
228,677
525,271
249,646
582,192
175,746
76,881
222,691
336,526
504,308
486,324
54,920
275,605
370,485
498,302
298,582
419,410
534,257
580,199
90,855
608,152
688,32
507,290
34,942
570,204
169,749
186,725
646,105
650,100
389,464
159,762
73,893
113,824
163,767
418,416
527,271
693,51
622,139
347,507
403,445
599,169
255,631
200,711
588,190
88,872
412,420
35,931
530,259
659,93
181,737
702,29
208,705
388,461
235,664
18,958
152,776
672,79
342,527
402,432
265,632
162,772
218,696
308,570
611,163
540,253
445,383
544,248
587,186
572,206
476,347
294,588
630,124
143,793
663,86
41,931
131,801
280,613
690,16
124,820
505,302
639,119
609,160
558,235
127,816
136,807
222,687
390,459
231,679
258,633
102,848
537,255
264,629
94,851
133,797
542,251
34,946
440,389
523,282
234,669
74,886
324,543
117,820
575,198
703,29
351,503
82,872
172,746
541,244
9,963
302,568
356,494
592,180
682,58
497,304
78,887
248,650
311,555
554,240
170,761
377,475
467,345
322,556
517,285
705,21
338,534
502,301
691,38
607,154
334,538
478,330
667,81
67,893
230,667
239,667
274,621
383,459
572,210
247,648
549,238
236,671
364,484
643,105
41,927
408,438
323,549
686,56
250,638
71,892
537,264
465,357
11,977
158,768
214,696
414,430
695,43
594,186
116,825
379,473
129,808
557,232
688,25
251,643
341,525
493,322
437,395
206,712
473,351
551,236
555,233
683,60
43,925
337,521
542,256
518,281
229,668
503,301
256,640
469,350
201,720
109,839
346,523
353,509
479,341
668,76
529,274
409,428
362,500
58,909
148,783
187,739
687,54
31,946
219,690
415,416
45,931
135,801
283,594
185,736
429,405
432,391
618,153
28,949
231,670
306,563
417,422
111,836
93,857
241,666
171,755
261,637
484,330
160,767
392,450
284,592
60,911
428,407
91,868
401,438
375,469
434,393
252,640
147,788
520,282
13,963
503,305
244,647
577,200
598,166
479,329
668,80
134,796
621,144
144,796
182,740
362,488
230,675
213,704
166,766
213,689
344,512
205,705
295,579
228,678
154,769
525,270
249,645
33,944
582,193
179,750
336,527
211,705
504,309
275,604
370,482
298,583
498,303
188,727
16,960
534,262
335,529
580,192
512,288
608,153
613,152
688,33
570,205
169,748
646,110
650,101
324,548
73,892
113,831
163,766
521,272
138,800
693,50
403,444
200,712
290,598
333,532
88,873
35,930
659,92
208,706
448,369
18,959
40,923
152,777
342,524
531,263
402,433
10,974
162,773
218,697
611,162
540,254
227,685
544,249
572,207
476,340
204,715
294,589
131,800
690,17
286,604
505,301
605,162
456,359
405,434
463,364
562,215
289,601
127,819
202,710
136,808
269,628
614,146
231,678
508,297
367,486
560,218
64,905
102,849
537,254
264,630
604,162
593,183
404,434
542,248
217,683
34,947
440,390
234,666
74,887
117,819
703,28
602,161
351,502
83,876
82,873
541,243
302,569
356,495
248,651
554,241
174,742
467,344
539,252
705,20
334,539
67,892
219,681
36,929
383,458
572,211
549,237
236,664
364,485
408,439
323,548
250,639
71,895
115,823
465,356
158,769
214,697
414,431
695,42
242,654
370,475
671,77
145,795
441,380
116,826
379,472
522,270
557,231
647,101
688,26
46,916
251,642
341,524
56,916
437,394
590,192
206,713
473,350
551,239
310,571
43,924
337,520
542,257
229,667
503,300
329,537
256,641
291,597
353,508
578,207
668,77
529,273
362,501
187,738
687,49
439,392
415,419
135,800
429,404
33,939
656,88
28,950
231,665
417,421
241,665
93,856
98,846
484,331
71,897
632,133
560,226
225,674
392,451
284,593
107,834
197,716
169,759
206,698
216,694
485,321
17,955
418,410
506,306
21,961
564,221
434,390
252,641
363,500
380,462
631,135
503,304
40,928
299,577
598,167
479,328
668,81
134,797
621,143
144,797
182,741
79,871
161,770
199,718
184,733
439,383
230,672
516,291
420,408
573,206
153,771
176,748
166,767
499,302
213,688
642,120
205,704
295,578
23,947
228,679
410,436
249,644
582,198
59,903
395,441
98,850
16,961
534,263
335,528
512,289
489,320
608,154
440,380
37,934
133,807
688,34
646,111
113,830
422,414
521,279
138,801
679,66
599,171
588,184
290,599
333,531
356,500
470,340
61,905
151,779
192,728
448,370
601,172
40,924
152,778
672,65
531,262
457,373
559,220
607,160
540,255
500,300
227,684
583,187
476,341
314,552
114,838
624,135
53,921
573,210
690,14
286,605
605,161
456,360
609,166
405,433
289,600
441,389
50,915
269,627
519,279
222,685
390,457
231,673
508,298
399,437
367,481
560,219
64,906
102,854
537,253
604,163
608,166
698,40
593,182
404,435
293,581
440,391
160,774
626,137
602,174
492,314
83,879
532,260
243,649
122,826
212,696
302,574
545,247
696,5
682,56
248,652
221,679
44,928
174,743
625,131
539,255
677,69
187,729
230,665
219,680
36,930
391,448
528,266
553,233
700,8
157,771
690,50
686,62
115,822
465,347
158,774
214,702
242,655
484,336
671,76
557,230
647,100
688,27
104,850
46,917
287,597
56,917
437,393
483,327
138,790
413,432
473,349
551,238
65,891
494,308
226,686
329,536
436,395
22,964
353,499
479,343
148,777
204,701
80,883
101,855
210,702
260,639
300,572
253,636
552,237
538,256
5,973
120,815
149,786
280,607
633,119
193,726
185,742
662,80
33,938
340,530
656,89
326,549
386,454
231,664
146,794
111,838
167,752
443,392
272,624
71,896
438,397
223,681
556,224
632,134
560,227
627,141
225,673
392,452
104,846
107,837
197,715
590,178
60,905
169,758
385,465
206,699
428,401
86,861
216,695
485,320
254,647
418,411
459,365
26,952
7,975
330,530
347,513
21,960
100,847
564,222
252,642
380,463
57,916
52,921
92,862
40,929
578,208
75,886
79,870
161,769
199,713
184,734
439,382
118,827
240,661
420,409
573,205
663,79
153,770
176,749
619,147
514,285
499,305
123,817
213,703
586,187
309,560
642,121
23,946
154,783
62,908
306,578
76,876
59,902
211,707
275,606
370,480
98,851
419,415
462,355
561,218
440,381
37,933
133,806
688,35
507,295
34,941
461,362
113,829
422,415
527,264
622,142
347,508
403,446
599,170
215,701
588,185
333,530
356,501
412,423
380,467
470,341
569,220
61,904
151,778
388,456
448,371
235,669
491,311
40,925
597,167
672,66
342,514
18,972
457,372
559,223
607,163
445,380
583,186
587,191
383,464
476,342
314,553
572,201
294,579
634,126
321,551
411,421
549,247
53,920
143,794
573,209
41,928
663,83
600,177
690,15
124,823
505,307
639,112
609,165
202,708
441,388
666,87
513,296
269,626
510,286
699,5
519,278
614,144
390,462
399,436
367,480
258,628
608,167
698,41
220,693
593,181
224,688
404,444
357,508
566,224
34,945
113,840
293,580
160,775
413,427
324,538
626,134
602,175
492,315
82,871
532,261
243,648
122,827
592,183
682,57
497,309
550,240
221,678
44,929
377,472
322,555
87,873
625,130
517,282
338,533
677,68
478,329
406,442
667,82
27,947
230,670
552,242
165,769
274,616
331,537
528,267
468,342
236,666
553,232
643,106
700,9
157,770
690,51
323,550
72,885
245,646
465,346
28,940
214,703
699,33
594,185
395,448
379,474
661,86
129,813
688,28
561,226
372,477
104,851
694,6
197,726
493,319
138,791
263,636
555,234
43,926
65,890
100,852
337,526
588,193
518,284
706,20
655,93
501,313
469,347
109,836
353,498
479,342
668,79
22,948
409,433
374,475
691,7
253,650
58,904
148,778
183,739
114,828
204,702
80,884
101,854
210,703
687,51
253,635
552,238
219,695
538,257
5,972
120,816
444,380
415,429
149,785
633,118
193,725
283,599
110,830
185,741
340,531
386,455
146,795
128,818
695,8
111,833
171,756
261,634
223,680
632,135
560,228
452,378
627,140
225,672
155,777
104,847
637,123
60,906
169,757
385,464
428,402
459,364
26,953
330,531
347,512
375,470
147,793
460,368
13,960
52,922
92,863
40,930
430,394
621,141
657,87
161,768
199,712
540,260
101,842
118,824
240,662
573,204
663,78
619,146
609,152
123,816
303,572
344,515
453,367
586,184
115,832
228,673
62,909
249,650
582,196
211,706
395,443
275,609
591,175
370,481
298,578
188,722
211,691
203,707
419,414
462,352
561,217
580,195
512,291
440,382
37,932
688,36
507,294
34,938
646,109
461,361
650,96
328,546
527,267
12,964
622,143
347,511
599,165
159,772
215,700
200,715
35,935
659,97
682,66
151,773
208,709
282,596
388,457
105,835
235,668
18,954
672,67
342,515
257,643
162,768
607,162
478,338
540,249
667,73
445,379
587,190
383,467
572,202
314,566
204,710
634,127
411,420
549,246
643,113
663,82
131,805
600,178
124,816
106,839
505,306
639,115
202,709
666,84
571,209
510,287
519,273
614,145
390,463
689,46
231,675
258,629
264,633
94,855
220,694
224,689
121,815
357,507
413,426
234,665
74,882
324,539
55,917
198,723
96,857
82,868
532,262
9,967
302,572
268,628
431,408
497,308
550,241
678,58
455,375
174,741
467,349
625,129
517,281
677,67
97,857
478,334
27,946
230,671
359,505
219,682
552,243
165,768
247,644
468,343
549,234
236,667
643,109
157,769
323,553
509,302
686,60
72,886
71,888
245,645
28,941
158,772
358,492
699,32
332,527
395,451
379,477
661,85
129,812
522,269
557,228
688,29
372,478
561,225
104,852
651,99
251,647
341,521
197,725
287,599
493,318
345,511
273,618
623,133
422,420
65,889
464,362
378,480
683,65
276,617
316,558
100,853
337,525
427,399
588,194
518,285
256,644
501,312
49,911
469,346
291,598
109,835
479,337
578,202
668,72
22,949
409,432
253,649
362,496
58,905
183,738
277,617
114,829
687,50
253,634
219,694
5,971
444,381
415,428
110,844
45,927
283,598
429,401
28,945
128,819
111,832
93,853
665,76
171,759
98,845
261,633
85,869
68,900
452,379
155,776
392,454
688,57
637,122
107,839
60,907
428,403
485,334
125,823
246,644
69,885
506,305
200,720
290,590
434,389
147,792
520,286
209,695
577,204
209,704
299,578
678,66
430,395
621,140
144,784
657,86
476,332
387,453
596,173
101,841
230,679
331,544
511,299
166,754
303,575
344,516
309,574
115,835
228,674
410,435
249,649
33,948
525,266
582,197
306,576
475,347
222,692
395,442
271,615
298,579
595,171
188,723
399,451
372,487
561,216
580,204
512,292
608,157
688,37
186,734
650,97
234,674
324,544
328,547
521,276
200,716
290,594
259,641
356,503
655,103
682,67
208,710
192,731
601,177
285,606
18,955
152,781
531,267
18,970
421,415
705,12
478,339
540,250
667,72
445,378
544,253
677,63
572,203
476,336
314,567
114,837
204,711
553,242
165,764
24,960
376,467
283,609
690,13
456,363
384,472
441,394
50,910
382,459
571,208
614,150
689,45
231,674
508,293
560,222
318,546
102,853
423,413
522,278
264,634
542,252
121,814
440,394
523,273
74,883
626,132
398,438
96,858
83,880
446,386
492,324
706,14
9,966
545,244
212,699
268,629
302,573
696,8
313,568
248,655
550,246
678,59
455,374
174,746
467,348
87,875
97,856
187,730
478,335
406,440
359,504
219,685
331,539
442,388
247,647
526,264
549,233
352,505
690,49
14,975
509,301
686,61
432,400
71,891
115,827
158,773
214,701
358,493
417,413
242,650
671,73
395,450
129,803
557,227
688,30
372,479
46,920
251,646
341,520
197,724
287,598
327,549
493,317
