187,1715
193,1714
283,1584
335,1515
657,1079
751,947
1234,299
1381,40
118,1816
567,1201
1026,575
286,1588
899,747
442,1374
946,690
477,1320
250,1634
214,1684
121,1804
1389,17
107,1825
287,1581
1123,445
1342,153
591,1167
1331,168
566,1207
792,900
281,1586
517,1267
793,891
706,1016
568,1205
91,1844
1270,248
1364,117
984,633
259,1617
1056,541
1014,597
1187,357
1025,578
1349,136
626,1125
962,663
87,1850
1216,322
362,1482
105,1827
491,1302
18,1946
924,718
945,685
842,831
1047,548
690,1039
1149,414
981,636
985,633
325,1528
1079,503
534,1252
499,1293
500,1294
1334,163
1408,33
808,877
798,892
528,1259
964,659
769,923
1161,393
1384,94
618,1134
1332,166
1336,161
175,1733
809,871
826,847
1087,493
333,1522
921,718
852,818
38,1929
1271,241
1203,337
449,1358
159,1755
1050,548
688,1041
1151,412
1378,104
316,1545
425,1398
1320,177
57,1891
47,1912
696,1030
1302,208
1231,298
715,999
771,921
871,792
1196,352
755,944
1400,59
540,1244
304,1564
1281,230
1198,349
924,722
411,1409
1082,506
846,827
355,1488
1070,522
1381,31
907,738
89,1849
919,719
232,1659
227,1659
419,1401
865,793
685,1038
50,1907
807,875
298,1565
773,919
537,1240
1180,374
315,1542
245,1637
757,942
818,866
1084,504
1236,291
617,1129
801,882
931,703
351,1492
1113,457
569,1195
788,899
61,1887
1217,315
393,1437
246,1641
592,1171
532,1252
65,1881
1250,276
588,1171
481,1317
707,1011
750,951
881,772
75,1869
312,1545
424,1399
502,1292
691,1031
802,884
621,1126
274,1597
1034,571
1382,27
1174,375
1305,196
989,627
266,1612
815,863
785,908
544,1237
1381,51
890,766
210,1692
300,1566
837,833
76,1865
1232,301
919,723
249,1631
1394,17
671,1059
1337,151
1105,467
1233,294
1285,223
116,1816
562,1210
440,1378
813,863
982,642
664,1073
1345,142
556,1218
1212,329
152,1763
1392,77
485,1309
356,1490
545,1229
523,1257
741,961
1221,311
138,1788
378,1461
970,657
479,1317
672,1063
252,1633
69,1877
1254,272
332,1525
707,1007
1226,305
209,1687
490,1312
1121,446
806,880
550,1230
759,944
466,1337
1235,291
1130,439
933,708
187,1714
1310,194
335,1514
359,1488
475,1323
657,1078
1381,87
567,1200
605,1149
145,1771
442,1375
946,691
843,825
171,1744
477,1319
666,1070
250,1635
205,1693
295,1567
214,1685
818,859
1170,388
107,1824
287,1580
590,1167
1123,444
591,1166
922,717
580,1181
903,743
1160,400
281,1585
517,1266
43,1911
375,1466
564,1203
706,1017
568,1206
91,1847
551,1219
1270,249
1274,244
259,1616
1056,542
1187,356
1025,577
164,1747
412,1409
1216,323
79,1861
780,916
362,1483
105,1826
610,1141
1325,176
924,719
690,1036
1239,287
981,635
985,632
514,1278
499,1292
500,1295
1408,34
786,906
808,878
1280,236
319,1535
429,1387
528,1260
964,668
292,1573
110,1828
1161,392
847,821
1384,95
618,1135
1332,167
1336,162
175,1732
661,1073
809,870
1031,567
225,1663
102,1831
90,1847
1087,492
921,717
852,819
1203,336
449,1357
159,1754
1050,549
688,1042
51,1906
347,1499
316,1546
593,1163
1273,246
696,1031
1137,423
403,1423
715,998
290,1575
492,1301
172,1735
1279,238
1131,431
1400,60
1259,259
764,931
1281,229
972,656
1051,543
993,619
850,820
1172,377
430,1392
967,655
846,824
1405,23
1070,523
1381,30
873,783
89,1848
620,1132
232,1660
696,1023
419,1400
1214,321
685,1037
804,877
860,801
807,874
773,918
1182,370
637,1110
1223,307
245,1636
128,1800
757,941
638,1108
723,994
561,1207
198,1708
231,1655
1402,20
801,881
1046,549
73,1871
61,1886
393,1436
35,1919
178,1734
592,1172
532,1253
682,1050
153,1768
683,1043
65,1880
311,1547
1250,277
481,1316
707,1010
191,1709
482,1315
75,1868
1092,487
424,1400
1220,316
502,1293
691,1030
635,1112
712,1003
802,885
621,1125
597,1164
989,626
901,752
266,1613
815,862
559,1216
1290,224
97,1835
421,1399
1039,559
136,1785
355,1487
544,1238
1381,50
890,767
300,1567
414,1407
567,1199
837,832
340,1512
1232,302
919,722
249,1630
317,1544
895,755
671,1058
1233,293
116,1817
562,1211
129,1800
440,1379
1237,294
386,1445
1111,461
664,1074
1345,141
939,700
345,1499
113,1815
770,930
1128,442
556,1219
63,1885
1212,330
1392,78
1093,490
519,1263
356,1491
545,1228
1146,420
1221,310
138,1789
858,812
1014,591
252,1634
69,1876
195,1705
1197,350
1254,273
332,1526
374,1461
265,1607
1038,566
943,694
1136,432
1316,188
1192,354
209,1686
587,1173
677,1051
1121,445
806,881
165,1752
326,1534
828,852
396,1436
218,1678
187,1717
277,1595
1310,195
1207,329
657,1077
535,1248
53,1904
199,1706
1381,86
439,1371
605,1148
899,749
916,725
946,688
1120,447
843,824
509,1284
666,1071
205,1692
1318,186
121,1810
1179,369
1009,604
26,1946
903,742
137,1783
372,1472
462,1350
235,1649
517,1265
1073,513
43,1910
646,1091
375,1461
706,1014
91,1846
1274,245
327,1523
577,1192
259,1619
1187,359
1025,576
1202,344
1292,218
377,1459
711,1010
1216,324
780,917
1005,610
105,1825
1027,573
690,1037
1239,286
19,1947
786,907
583,1175
808,879
1267,254
444,1367
1280,237
1404,44
429,1386
1081,503
213,1679
847,820
912,731
661,1072
809,869
1090,494
812,872
902,750
1041,562
1087,495
25,1927
942,698
125,1806
345,1506
399,1425
608,1148
1271,243
168,1741
258,1619
1275,244
347,1498
1378,102
316,1547
473,1332
146,1778
737,967
696,1032
710,1010
403,1422
448,1361
1166,385
1018,587
427,1396
40,1915
771,923
259,1615
1279,233
1248,275
244,1642
247,1633
712,1008
833,844
1259,258
1281,228
1101,475
148,1767
1051,542
850,821
411,1411
1082,504
846,825
539,1235
605,1154
36,1919
1070,520
1381,29
179,1725
620,1133
232,1661
227,1661
505,1283
1124,448
1214,326
1404,48
773,917
158,1755
537,1246
336,1513
295,1574
245,1635
604,1154
695,1025
128,1801
757,940
818,864
217,1675
251,1627
638,1109
969,660
46,1914
561,1206
231,1654
117,1811
1402,21
801,880
1069,524
73,1870
61,1885
649,1089
872,790
532,1254
683,1042
155,1757
1260,264
1350,142
311,1546
976,643
1023,579
1220,317
625,1121
67,1884
752,952
322,1531
1305,202
989,625
1328,165
1286,226
421,1398
1127,444
1039,558
84,1860
193,1707
355,1486
933,703
1381,49
210,1690
567,1198
340,1513
249,1629
895,754
680,1045
116,1818
886,770
279,1596
214,1679
361,1481
451,1355
440,1380
1111,460
1114,464
982,640
718,1002
318,1544
26,1927
1307,200
1128,443
63,1884
684,1048
599,1155
1392,79
1341,154
446,1370
523,1259
1190,353
1221,309
944,687
48,1908
138,1786
479,1319
579,1185
69,1875
195,1704
943,689
1136,433
1192,355
767,925
645,1095
958,674
209,1685
1044,551
587,1172
677,1050
30,1925
876,779
92,1850
550,1228
721,991
918,723
868,794
1235,293
376,1464
396,1437
218,1679
277,1594
187,1716
907,735
730,982
657,1076
475,1325
751,956
330,1528
199,1701
1381,85
605,1147
468,1338
899,748
352,1491
946,689
1380,98
744,964
1078,505
205,1691
709,1007
765,931
1170,386
1298,207
197,1708
271,1601
1179,368
168,1746
1024,579
1064,528
159,1760
740,965
137,1782
673,1057
389,1448
674,1062
1073,512
866,798
375,1460
706,1015
1317,181
1354,138
259,1618
1187,358
579,1181
1292,219
377,1458
711,1005
1192,351
79,1863
1352,133
780,918
1047,545
985,638
514,1276
19,1946
1177,376
500,1289
873,785
734,978
1357,127
990,632
41,1915
1280,238
131,1798
1404,45
429,1385
1370,109
817,859
1081,502
1161,398
882,771
298,1572
349,1502
538,1239
1332,161
1090,495
812,873
902,751
615,1140
489,1312
1087,494
333,1519
1167,390
1000,616
608,1149
1271,242
132,1789
617,1138
1378,103
1160,398
226,1670
1320,180
163,1747
1074,511
870,794
1059,529
710,1011
697,1028
1199,341
1076,512
1166,390
431,1383
966,664
1250,271
771,922
1163,396
1279,232
469,1333
1068,519
181,1725
244,1643
712,1009
802,879
1362,119
1259,261
1101,474
411,1410
1082,505
291,1580
1070,521
1381,28
89,1854
620,1134
1036,568
232,1662
227,1660
505,1282
1124,449
1214,327
364,1475
643,1102
1017,587
1404,49
604,1149
54,1902
1182,368
295,1569
1133,431
604,1155
395,1431
94,1841
695,1024
128,1802
757,939
818,865
1295,209
217,1674
779,918
561,1205
117,1810
224,1665
404,1421
73,1869
649,1088
872,791
178,1732
394,1433
682,1048
83,1857
221,1671
1052,541
1383,77
191,1711
313,1545
1013,600
1220,318
625,1120
759,937
928,709
752,953
1286,227
421,1397
84,1861
193,1706
933,702
1381,48
210,1691
300,1561
1115,460
747,960
340,1514
927,716
790,904
1228,308
629,1117
211,1688
736,969
642,1102
116,1819
188,1720
278,1598
886,771
104,1827
1309,198
652,1083
361,1480
982,641
1020,588
580,1188
770,928
1128,444
556,1213
1402,54
254,1625
1241,285
523,1258
1190,358
103,1836
1178,374
1146,418
48,1909
138,1787
858,810
401,1423
479,1318
579,1184
69,1874
1038,564
943,688
1136,434
1192,356
645,1094
958,675
209,1684
677,1049
1065,523
92,1851
550,1229
326,1532
721,990
1235,292
868,795
376,1465
396,1438
894,755
277,1593
730,983
1207,331
475,1324
199,1700
1381,84
269,1610
605,1146
468,1339
1210,332
1011,595
800,888
548,1230
1380,99
744,965
1078,510
453,1355
205,1690
709,1006
765,930
1318,184
1170,387
287,1577
1020,592
271,1600
168,1747
17,1946
1064,529
137,1781
462,1348
673,1056
235,1651
866,799
1317,180
1270,252
506,1281
1107,465
174,1740
1025,582
1373,110
1202,342
377,1457
711,1004
183,1719
625,1119
79,1862
406,1426
1329,170
1094,490
1027,575
611,1146
514,1277
873,784
734,979
1357,126
1323,178
41,1914
510,1282
1404,46
1081,501
343,1510
804,884
1109,463
1243,281
175,1729
812,874
902,748
637,1103
333,1518
942,696
1167,385
1000,617
1213,323
399,1427
608,1150
1365,120
372,1463
1064,525
1246,277
243,1646
1160,399
495,1304
1320,181
146,1776
413,1414
388,1448
1199,340
997,620
1076,513
1166,391
658,1082
602,1160
1004,612
398,1429
469,1332
655,1079
402,1423
181,1724
247,1635
712,1010
400,1432
540,1240
1259,260
1097,481
1101,473
411,1413
322,1540
539,1237
338,1518
1381,27
314,1543
1040,557
179,1727
219,1678
1036,569
227,1663
505,1281
1124,450
1143,422
1214,324
1404,50
54,1903
717,997
807,871
1182,369
85,1855
1045,551
1247,277
1090,496
1180,370
115,1820
295,1568
1133,430
94,1846
695,1027
206,1696
594,1170
217,1673
251,1629
486,1316
911,731
474,1332
46,1912
1104,474
117,1809
1402,19
617,1133
1021,583
460,1352
186,1717
872,792
1188,360
178,1733
682,1049
83,1856
155,1759
1350,140
1119,449
221,1670
1383,76
191,1710
923,722
313,1544
1220,319
712,1006
503,1285
692,1036
1153,403
654,1088
752,954
109,1823
280,1589
176,1734
725,985
558,1211
421,1396
1074,518
157,1762
84,1862
193,1705
933,701
535,1241
955,673
1381,63
210,1688
877,784
899,754
595,1168
629,1116
686,1037
817,866
582,1186
1337,155
642,1103
127,1795
848,824
188,1721
278,1599
451,1357
150,1765
1237,291
1294,218
1020,589
718,1000
461,1345
665,1072
584,1184
822,858
770,929
366,1478
555,1213
1402,55
728,986
215,1684
254,1630
589,1171
446,1368
1241,284
523,1261
1190,359
1178,375
1146,419
48,1910
858,811
1035,563
69,1873
457,1347
996,620
1038,565
1192,357
767,927
645,1093
958,672
1406,34
1065,522
260,1624
648,1094
326,1533
721,989
1130,435
376,1466
308,1551
97,1844
277,1592
520,1263
1310,198
687,1037
1207,330
1338,151
1381,83
289,1575
605,1145
800,889
548,1231
343,1501
1390,82
99,1833
480,1317
744,966
1078,511
324,1534
1176,371
453,1354
205,1689
1129,437
709,1005
765,929
1318,185
1111,466
1170,384
486,1309
911,738
271,1603
168,1748
1275,237
1242,286
17,1945
342,1512
1064,530
575,1194
1312,192
462,1349
281,1589
235,1650
674,1060
1073,518
1043,558
1317,179
1302,201
1169,388
984,638
1354,136
40,1922
771,928
579,1183
58,1898
1010,597
1202,343
377,1456
932,708
1125,446
924,715
1027,574
1047,547
1149,409
239,1645
19,1948
1334,164
734,976
1357,125
41,1913
947,681
510,1283
1404,47
1081,500
343,1505
964,664
1124,446
298,1570
847,817
1109,462
1243,280
158,1762
1180,367
902,749
333,1517
942,697
1167,384
1000,618
1213,322
399,1426
160,1760
1246,282
679,1052
226,1668
392,1442
1320,182
146,1777
163,1749
866,800
870,792
1059,531
949,679
388,1449
1199,343
1076,514
1353,131
1283,232
398,1434
82,1857
469,1331
1248,278
841,832
181,1723
247,1634
400,1433
667,1065
540,1241
1097,480
411,1412
846,828
539,1236
32,1938
384,1447
1103,476
1162,398
179,1726
1036,570
504,1285
227,1662
1214,325
1143,417
166,1743
1285,230
54,1900
717,996
85,1854
1045,550
1247,276
1180,371
977,648
1133,429
94,1847
695,1026
367,1469
959,665
1295,211
251,1628
731,982
46,1913
839,836
1104,475
698,1028
1236,296
617,1132
1021,582
880,778
351,1491
1164,396
483,1311
788,904
844,828
649,1094
319,1542
1188,361
434,1388
233,1653
698,1021
155,1758
1350,141
1119,448
221,1669
707,1014
312,1550
1296,216
712,1007
625,1126
478,1326
759,939
1153,402
752,955
184,1719
823,858
109,1822
738,974
176,1735
725,984
785,903
97,1839
421,1395
520,1268
955,672
1381,62
210,1689
31,1925
629,1115
686,1042
1337,154
188,1722
278,1596
358,1490
361,1486
451,1356
1237,290
1020,590
718,1001
461,1344
822,859
1375,101
366,1479
992,626
152,1768
1402,52
728,987
254,1631
589,1170
446,1369
523,1260
1297,209
35,1934
831,846
48,1911
858,808
397,1436
693,1029
1397,17
875,779
996,621
332,1522
230,1657
265,1611
853,816
268,1610
767,926
1192,358
935,706
958,673
645,1092
979,646
1406,35
1065,521
648,1095
1101,480
1145,420
1291,217
283,1590
687,1036
820,855
1234,293
1381,82
1120,452
1210,330
1011,597
800,890
1390,83
324,1535
453,1353
642,1104
1129,436
1360,128
1170,385
287,1579
271,1602
206,1689
132,1796
1242,287
1024,582
17,1944
1064,531
1288,219
1312,193
673,1062
281,1588
674,1061
793,893
564,1208
1302,206
934,706
984,639
1354,137
1122,445
40,1923
1107,467
21,1948
854,816
579,1182
164,1752
467,1333
932,709
406,1424
530,1256
1325,171
1094,488
654,1081
842,825
1047,546
1149,408
185,1719
239,1644
182,1721
101,1831
873,790
734,977
1361,121
41,1912
194,1710
851,811
443,1369
1171,377
343,1504
964,665
769,925
1124,447
298,1571
1109,461
1243,283
175,1731
1071,513
1087,491
333,1516
234,1651
1213,321
324,1536
1246,283
951,677
1108,472
1355,129
226,1669
636,1112
392,1443
1320,183
57,1893
1269,252
163,1748
60,1896
870,793
1059,530
126,1797
953,675
458,1347
388,1450
1199,342
1095,481
658,1080
398,1435
191,1716
1248,279
565,1203
181,1722
100,1838
1030,578
400,1434
755,950
1196,350
667,1064
540,1242
975,645
501,1294
305,1555
476,1328
322,1538
633,1116
539,1239
338,1516
355,1494
544,1231
32,1939
1070,524
834,844
734,973
194,1714
1173,382
1143,416
50,1901
54,1901
717,995
795,889
85,1853
1045,549
71,1878
205,1696
637,1105
594,1168
869,794
1295,210
474,1330
1084,502
1104,476
1236,297
1021,581
880,779
55,1893
569,1197
788,905
844,829
1217,317
940,700
319,1537
246,1635
1188,362
233,1652
832,844
66,1888
407,1422
464,1344
252,1627
1119,451
221,1668
1363,117
312,1551
1092,492
313,1550
1220,313
503,1287
478,1327
759,938
1153,401
752,956
823,853
109,1821
828,845
785,902
1286,230
97,1838
520,1269
1074,516
136,1790
535,1243
606,1145
53,1895
1381,61
31,1924
249,1633
339,1507
317,1539
629,1114
686,1043
582,1184
585,1180
1337,153
1105,469
278,1597
886,774
799,885
129,1795
37,1930
647,1089
1237,289
830,841
1294,216
1020,591
714,1006
1375,100
366,1476
992,627
272,1608
555,1215
974,647
727,981
879,782
536,1248
849,815
152,1769
1398,62
1402,53
684,1044
728,988
1351,140
896,760
589,1169
1297,208
207,1687
831,841
77,1870
858,809
693,1028
702,1022
793,898
1035,565
906,739
1197,345
996,622
332,1523
230,1662
265,1610
268,1611
516,1269
1140,421
645,1091
760,937
156,1764
1372,112
472,1329
716,1004
789,904
648,1096
885,767
768,925
1291,216
1310,196
335,1520
676,1056
199,1697
1381,81
1120,453
1210,331
609,1148
145,1773
1011,596
442,1369
946,685
548,1225
343,1503
99,1835
929,714
1219,313
1360,129
762,935
107,1830
287,1578
206,1694
132,1797
591,1172
1275,239
887,765
1024,583
965,659
1064,532
1009,599
1327,165
1312,194
674,1058
68,1877
793,892
564,1209
706,1011
1302,207
623,1130
934,707
1364,124
40,1924
1107,466
577,1187
1187,362
87,1858
1335,162
58,1896
1377,104
164,1753
436,1382
1292,215
841,827
932,710
1272,241
406,1425
1019,592
780,914
288,1584
1005,605
1301,208
329,1528
1325,170
1257,268
1094,489
654,1086
898,756
1053,544
1149,407
185,1718
988,627
182,1726
499,1298
1195,352
1361,120
194,1711
947,683
443,1368
1081,506
964,666
1356,132
769,924
847,819
618,1129
1243,282
158,1760
175,1730
826,854
220,1676
333,1515
390,1446
125,1801
1240,290
1203,342
861,806
801,879
1355,128
437,1375
593,1165
392,1444
86,1858
1320,184
57,1892
720,996
1059,533
126,1802
1282,236
953,674
448,1366
997,617
1387,17
427,1387
658,1081
1083,504
1126,446
923,715
871,785
565,1202
181,1721
100,1839
980,639
1196,351
478,1328
540,1243
833,839
975,644
1097,486
305,1554
148,1772
476,1329
972,654
993,621
321,1540
322,1539
700,1024
539,1238
338,1517
32,1940
606,1154
1162,396
419,1406
1143,419
717,994
705,1018
795,888
451,1362
71,1873
336,1518
830,850
637,1104
1135,429
367,1471
594,1169
1346,148
959,667
840,829
474,1331
1084,503
698,1026
1236,298
215,1677
880,780
1398,66
569,1196
788,906
1069,519
570,1195
844,830
1217,316
319,1536
434,1386
983,633
987,634
323,1529
1401,56
832,845
407,1417
464,1345
1119,450
221,1667
44,1916
1383,73
750,958
312,1552
1092,493
776,915
502,1287
691,1036
503,1286
1376,104
478,1324
624,1128
823,852
109,1820
738,972
815,868
785,901
97,1837
39,1926
520,1270
1074,517
136,1791
535,1242
606,1150
1381,60
630,1120
890,761
249,1632
317,1538
680,1050
629,1113
671,1064
582,1185
1337,152
1105,468
428,1387
799,884
562,1205
180,1732
358,1488
129,1794
557,1218
1237,288
830,846
1111,459
1294,217
34,1921
1209,327
345,1501
1375,103
366,1477
555,1214
992,628
63,1883
879,777
437,1382
1398,63
152,1770
1402,50
684,1045
622,1125
952,677
1341,149
589,1168
1110,466
122,1803
831,840
393,1442
693,1027
1303,206
702,1023
1035,564
579,1188
875,781
1197,344
996,623
230,1663
265,1609
724,990
1226,312
1316,186
1044,556
257,1626
806,875
885,766
889,763
828,850
1310,197
676,1057
359,1481
240,1643
1381,80
1120,454
1008,608
145,1772
149,1772
343,1502
843,830
1032,567
99,1834
171,1737
666,1065
618,1138
652,1092
324,1529
1129,442
1360,130
1185,361
675,1051
590,1174
206,1695
132,1798
922,724
1275,238
887,764
835,833
891,761
965,658
1009,598
1012,595
1222,314
137,1785
1392,17
281,1594
674,1059
375,1459
564,1210
1397,66
40,1925
577,1186
58,1897
164,1754
436,1383
467,1335
841,826
1268,247
1352,138
780,915
288,1585
1005,604
530,1254
1125,443
1325,169
777,915
654,1087
383,1449
572,1200
794,898
690,1031
185,1717
1358,130
182,1727
786,901
851,813
947,682
629,1120
528,1251
1171,379
964,667
1356,133
112,1824
292,1580
632,1111
847,818
349,1497
158,1761
1071,515
722,996
812,870
874,783
108,1823
90,1854
220,1677
133,1794
25,1929
390,1447
125,1800
731,975
1240,291
951,679
1355,131
679,1049
536,1241
593,1164
86,1859
720,997
917,725
73,1876
1059,532
126,1803
710,1012
953,673
403,1428
448,1367
997,616
1095,483
565,1201
607,1150
1013,591
1030,576
833,838
975,647
305,1553
148,1773
476,1330
972,655
143,1773
993,620
850,815
266,1616
890,768
322,1536
700,1025
338,1514
32,1941
1103,473
1162,397
834,842
1391,82
1008,601
194,1712
505,1285
1214,328
1143,418
717,993
1289,224
795,891
484,1320
136,1792
373,1463
71,1872
336,1519
1135,428
986,629
94,1850
1215,324
367,1470
959,666
1242,290
307,1551
779,909
698,1027
1308,200
224,1670
215,1676
880,781
55,1895
470,1338
659,1073
1069,518
434,1387
893,762
233,1658
832,846
407,1416
464,1346
1260,262
1211,330
44,1917
1363,119
1383,72
1092,494
635,1105
1372,110
1376,105
478,1325
596,1168
1386,94
624,1129
274,1604
109,1819
738,973
1286,228
97,1836
1074,514
1039,564
193,1709
283,1583
998,618
606,1151
1381,59
1205,333
543,1231
339,1509
317,1537
895,760
112,1817
1360,121
680,1051
278,1600
1152,405
141,1784
736,974
886,772
1309,193
104,1832
284,1588
270,1603
358,1489
129,1793
647,1091
830,847
1209,326
714,1004
140,1779
939,693
345,1500
1375,102
992,629
727,983
879,776
1398,60
518,1274
1402,51
684,1046
673,1055
64,1883
622,1130
784,912
1341,148
589,1167
1110,467
1297,214
161,1756
1303,201
702,1020
875,780
195,1710
1197,343
265,1608
282,1590
724,991
1316,187
268,1605
958,676
1406,38
1044,557
885,765
889,762
828,851
218,1673
1201,344
1171,384
676,1058
199,1699
118,1809
269,1605
1120,455
1139,421
1300,203
328,1523
916,732
1390,86
1028,573
81,1866
171,1736
348,1504
438,1382
1219,315
416,1408
1262,255
1185,360
590,1175
1179,374
791,900
891,760
965,657
1009,597
613,1135
1327,167
1222,315
137,1784
1378,93
905,739
517,1274
47,1903
363,1482
1227,305
1245,284
506,1290
40,1926
577,1185
259,1624
746,964
836,838
1373,105
467,1334
711,1003
841,825
1352,139
288,1586
1005,603
530,1255
1125,442
777,914
383,1448
898,754
135,1785
1358,131
162,1756
734,980
1361,126
851,812
947,685
1062,534
817,861
1171,378
417,1403
1356,134
349,1496
465,1339
1261,255
826,852
1071,514
1090,489
812,871
1041,555
180,1725
220,1678
25,1928
390,1444
142,1777
125,1799
38,1926
1240,292
372,1468
951,678
1355,130
679,1048
57,1898
720,998
917,724
1282,234
413,1409
1199,339
598,1162
1166,392
1095,482
427,1389
1018,594
1387,19
200,1697
1126,444
923,717
871,787
607,1145
100,1833
1030,577
1196,345
833,837
975,646
304,1557
527,1253
148,1774
322,1537
700,1026
496,1300
227,1668
338,1515
32,1942
1103,472
606,1152
23,1948
294,1578
834,843
1200,344
1036,566
194,1713
1076,507
505,1284
920,719
1017,589
963,659
773,926
795,890
373,1462
830,848
301,1566
689,1040
1158,402
1346,146
1084,497
224,1671
215,1679
880,782
55,1894
878,777
1398,64
1164,392
1113,464
569,1202
913,736
1069,517
1033,567
229,1664
434,1384
983,635
323,1531
1119,447
1260,263
1359,125
44,1918
1363,118
1383,75
750,956
1372,111
1376,106
624,1130
733,980
280,1594
1253,269
781,914
1286,229
331,1521
1074,515
1127,437
193,1708
559,1209
998,619
1002,614
1381,58
1205,332
877,779
249,1638
339,1508
62,1885
548,1232
1228,306
639,1101
700,1019
680,1052
99,1840
1337,158
736,975
98,1844
886,773
188,1718
104,1833
284,1589
709,1012
279,1589
1309,192
647,1090
1209,325
714,1005
493,1306
441,1371
29,1944
580,1186
857,803
992,630
974,650
1307,193
264,1611
727,982
310,1554
555,1217
1398,61
684,1047
673,1054
622,1131
674,1053
256,1626
1251,269
1341,147
741,968
1303,200
702,1021
479,1324
1042,562
875,783
1154,408
1339,156
1254,265
996,617
601,1151
282,1591
1019,585
1406,39
1044,558
472,1332
1065,525
511,1277
550,1223
941,698
889,761
572,1198
201,1695
1235,298
308,1556
730,977
359,1483
199,1698
334,1515
118,1814
269,1604
106,1830
713,999
171,1739
618,1136
20,1948
1176,376
560,1209
1219,314
726,990
416,1409
508,1279
1072,520
296,1567
675,1053
590,1172
42,1922
922,722
1242,283
835,835
1327,166
740,972
884,774
866,793
1227,304
1169,383
1056,535
836,839
262,1618
1373,104
436,1377
467,1337
681,1043
79,1868
1352,140
780,909
729,979
1125,441
777,913
383,1451
898,755
794,896
619,1129
514,1271
703,1013
500,1296
851,815
1224,307
947,684
510,1284
454,1360
1370,116
817,860
1171,381
417,1402
804,882
303,1557
1124,443
349,1495
538,1246
1332,168
465,1338
1265,251
826,853
722,994
1041,554
615,1133
90,1852
753,952
921,724
390,1445
142,1782
125,1798
38,1927
372,1469
774,922
688,1035
1067,521
316,1539
917,723
60,1892
1282,235
413,1408
598,1163
1387,18
427,1388
1004,610
1126,445
1163,389
923,716
871,786
607,1144
391,1444
527,1252
148,1775
733,975
972,649
143,1775
937,695
496,1301
487,1309
910,738
202,1695
606,1153
662,1074
1200,345
1036,567
504,1290
1304,199
1384,21
1017,588
447,1361
1003,609
656,1082
1285,225
373,1461
1247,275
426,1391
830,849
977,643
94,1848
1158,403
757,948
1346,147
1242,288
307,1553
533,1247
59,1896
779,911
264,1616
198,1701
404,1428
215,1678
450,1366
878,782
1398,65
1164,393
470,1336
659,1075
1069,516
1033,566
460,1350
434,1385
983,634
323,1530
592,1165
1029,578
83,1862
65,1879
1359,124
1383,74
750,957
635,1107
692,1034
1065,528
1376,107
1386,92
1153,405
184,1724
274,1602
823,849
280,1595
901,743
1253,268
134,1794
405,1421
331,1520
1002,615
1381,57
1115,453
1205,331
747,953
877,778
1232,295
339,1511
1228,307
639,1100
453,1360
642,1097
1007,601
188,1719
104,1834
284,1590
296,1572
287,1586
441,1370
939,695
580,1187
822,860
366,1480
974,651
1240,285
892,764
177,1729
1212,323
310,1555
555,1216
518,1272
673,1053
1063,532
256,1627
952,680
103,1829
1178,369
1326,169
369,1467
397,1431
276,1600
1383,25
854,809
875,782
457,1349
1254,270
332,1519
724,985
814,863
406,1417
1165,392
1019,584
1406,36
472,1333
1065,524
511,1276
80,1866
572,1199
165,1743
326,1527
22,1948
894,762
308,1557
687,1035
820,860
359,1482
954,678
118,1815
269,1603
106,1831
1139,423
1390,84
171,1738
618,1137
1176,377
438,1380
874,790
416,1410
1318,179
1087,498
973,654
1399,60
1185,366
357,1485
546,1236
675,1052
590,1173
922,723
835,834
17,1939
137,1790
884,775
991,621
1098,477
603,1149
1364,120
1169,382
506,1288
746,962
262,1619
1373,103
1202,337
467,1336
729,978
105,1832
285,1588
18,1937
1125,440
1329,163
1277,237
383,1450
1290,222
350,1493
794,897
619,1128
135,1787
1278,233
239,1643
500,1297
162,1754
1323,171
851,814
1062,532
1204,333
1171,380
417,1401
804,883
213,1686
349,1494
465,1337
1243,286
1265,250
809,876
722,995
902,743
1041,553
90,1853
142,1783
125,1797
1123,450
372,1470
1246,284
774,923
354,1496
904,741
1067,520
1089,496
146,1771
60,1893
797,892
126,1806
1282,232
368,1474
427,1391
1018,592
1353,133
1004,611
398,1436
1112,459
501,1289
1061,527
527,1255
733,974
143,1774
496,1302
487,1308
910,739
314,1550
294,1576
1244,284
1008,604
662,1075
219,1671
1200,346
504,1291
505,1290
1173,377
963,661
1003,608
656,1083
1285,224
977,642
245,1642
94,1849
1158,400
1215,321
1058,540
1242,289
307,1552
533,1246
779,910
264,1617
360,1481
878,783
1164,394
470,1337
659,1074
1069,515
754,952
460,1351
1033,565
186,1724
1260,257
1350,135
824,849
554,1222
1383,69
1023,586
299,1570
635,1106
1372,105
692,1035
30,1942
341,1507
1376,108
1386,93
1153,404
184,1725
274,1603
280,1596
1253,267
405,1420
558,1218
1127,439
559,1211
1002,612
955,678
761,935
1381,56
210,1683
31,1923
877,777
93,1850
339,1510
1028,580
639,1103
686,1044
309,1551
98,1842
960,665
1219,320
104,1835
279,1591
296,1573
1179,367
791,893
441,1369
939,694
1375,99
1307,195
1312,187
892,765
982,635
177,1728
310,1552
518,1273
684,1041
948,686
256,1628
952,681
1251,271
483,1313
1117,458
103,1828
1326,174
77,1865
1221,316
397,1430
378,1464
276,1601
1383,24
854,814
1042,560
1154,406
69,1882
457,1348
1254,271
406,1422
760,942
1019,587
1406,37
288,1577
472,1334
490,1303
285,1583
92,1843
936,697
80,1867
549,1223
898,749
1057,540
1130,442
308,1558
699,1019
820,861
1338,158
954,679
1139,422
609,1143
1390,85
652,1088
821,855
1176,378
438,1381
726,988
416,1411
222,1667
357,1484
271,1608
791,897
938,695
42,1920
132,1794
1054,537
835,837
17,1938
293,1573
1089,491
389,1439
1340,156
995,617
1184,368
267,1612
1122,452
934,708
1364,121
1169,381
506,1289
746,963
836,833
926,711
1377,99
100,1840
1315,181
1272,246
729,977
1277,236
772,926
1290,223
350,1498
742,968
135,1786
856,807
1278,238
703,1015
500,1298
162,1755
1062,533
306,1562
1280,231
1370,114
303,1559
1394,76
349,1493
538,1244
1333,159
1265,249
133,1789
615,1135
271,1599
189,1718
1346,141
237,1654
792,893
372,1471
177,1727
861,801
679,1045
636,1110
163,1754
60,1894
870,787
1059,536
1282,233
953,677
368,1475
208,1692
427,1390
1018,593
1353,132
431,1390
966,657
1163,391
1335,157
980,644
863,797
667,1070
975,643
501,1288
305,1557
527,1254
733,973
1324,176
1277,240
496,1303
701,1024
1405,44
1287,226
439,1380
294,1577
1244,285
620,1127
1008,605
743,959
504,1292
1173,376
1017,594
447,1363
963,660
656,1084
54,1895
977,641
128,1795
1158,401
1215,320
1295,216
992,621
533,1245
264,1618
1060,534
839,829
450,1364
1164,395
144,1778
660,1078
934,701
940,698
668,1068
554,1223
147,1767
719,991
996,624
1383,68
265,1616
859,808
1048,545
1092,490
776,920
30,1943
341,1506
1386,90
971,656
184,1726
823,851
864,800
1253,266
134,1792
405,1419
421,1404
1127,438
1385,19
559,1210
1002,613
1381,39
1115,455
747,955
790,897
1100,480
1228,301
639,1102
309,1550
1007,603
98,1843
188,1713
278,1591
104,1836
799,883
279,1590
930,714
296,1574
778,918
272,1599
1307,194
1218,315
892,766
437,1377
310,1553
948,687
256,1629
952,682
1251,270
212,1686
483,1312
103,1831
1326,175
1055,535
77,1864
397,1429
394,1442
494,1299
276,1602
867,791
66,1886
854,815
1349,135
1042,561
1383,27
1154,407
1136,427
1175,380
406,1423
760,943
156,1762
1019,586
1206,338
1406,42
472,1335
285,1582
716,1002
1396,68
80,1868
383,1456
572,1193
248,1633
396,1431
325,1527
894,760
277,1600
1291,222
838,831
820,862
196,1703
529,1256
609,1142
1011,602
744,959
1032,572
652,1089
513,1273
821,854
1176,379
874,788
726,989
416,1412
1266,254
357,1483
546,1234
791,896
42,1921
132,1795
1054,542
887,763
835,836
17,1937
160,1756
293,1572
1012,600
1089,490
495,1295
1321,175
418,1406
884,769
991,623
344,1506
603,1151
1270,245
1364,122
238,1645
1107,472
719,998
612,1142
746,960
70,1882
1377,98
377,1464
841,829
1268,252
1272,247
476,1323
653,1083
1094,483
1277,235
772,927
350,1499
1278,239
1395,17
703,1014
1323,173
194,1705
1096,481
708,1007
443,1374
1370,115
303,1558
632,1116
538,1245
1333,158
133,1788
426,1398
812,867
615,1134
234,1658
399,1434
608,1143
861,800
354,1494
154,1766
1355,134
536,1246
636,1111
86,1860
60,1895
422,1402
126,1804
953,676
368,1476
458,1354
78,1863
95,1839
208,1693
658,1075
966,662
1004,605
431,1385
255,1621
1163,390
616,1133
1335,156
655,1086
134,1787
980,645
400,1425
863,796
305,1556
1324,177
409,1415
338,1511
586,1173
1287,221
314,1548
1244,286
1008,606
543,1238
1304,202
447,1362
963,663
656,1085
131,1789
71,1871
1135,427
986,638
787,899
594,1163
1058,538
217,1680
766,929
533,1244
1060,535
117,1816
1077,512
215,1675
450,1365
144,1779
660,1079
754,950
460,1345
940,699
186,1722
893,757
668,1069
672,1064
407,1415
531,1247
1119,456
1359,121
44,1914
1383,71
763,938
1092,491
776,921
341,1505
1386,91
752,947
823,850
864,801
1253,265
811,874
134,1793
405,1418
558,1216
885,774
1381,38
1115,454
1371,112
747,954
1066,526
790,902
1100,481
112,1822
1360,126
423,1400
141,1779
582,1179
309,1549
1007,602
127,1802
848,817
98,1840
180,1730
778,919
1209,329
1299,203
791,895
857,807
1379,102
974,654
613,1142
177,1734
437,1376
697,1023
1351,133
256,1630
952,683
1086,498
1110,468
212,1687
483,1315
161,1751
103,1830
368,1469
1326,172
77,1863
758,946
48,1903
1383,26
906,746
66,1887
1042,558
457,1354
1006,603
516,1276
1140,428
1400,17
645,1100
760,944
1165,389
156,1763
1406,43
472,1336
285,1581
716,1003
511,1273
1396,69
979,639
173,1740
1130,440
1278,240
894,761
699,1021
1201,339
157,1757
1338,156
950,686
708,1012
1300,208
609,1141
328,1528
442,1376
743,966
713,1003
1032,573
908,744
652,1090
513,1272
929,707
821,853
1176,380
874,789
1266,255
1142,426
167,1748
762,942
546,1235
1118,451
107,1823
590,1176
1252,269
1054,543
1369,111
342,1505
160,1757
293,1571
1012,601
740,968
1222,316
1089,489
485,1316
68,1884
1321,174
418,1407
991,622
995,619
344,1507
1245,279
1227,308
1317,186
603,1150
1122,450
1364,123
238,1650
719,993
612,1143
616,1138
746,961
172,1744
1377,97
1315,183
841,828
1268,253
1272,248
1382,77
653,1082
1277,234
371,1463
1358,132
1195,345
1323,172
947,688
306,1560
1319,184
166,1752
1370,112
1394,74
292,1578
632,1117
847,824
228,1668
1333,157
33,1938
133,1787
1389,86
522,1261
1075,507
1264,256
774,926
354,1495
154,1767
360,1488
1046,554
679,1047
536,1247
1374,103
422,1403
126,1805
949,686
208,1694
887,770
1353,138
1083,497
431,1384
966,663
200,1702
1330,170
469,1338
655,1081
881,778
139,1786
980,646
863,799
1324,178
1225,307
1053,541
408,1415
409,1414
384,1456
1287,220
955,671
314,1549
576,1192
1091,487
581,1181
1026,582
1008,607
662,1078
24,1946
1036,563
543,1233
639,1108
1304,203
456,1349
498,1300
920,724
963,662
656,1086
236,1656
515,1269
773,921
705,1011
925,718
956,676
301,1561
689,1035
367,1476
1058,539
766,934
782,907
1189,355
533,1243
839,831
310,1547
1308,198
450,1362
130,1800
1251,276
351,1498
1164,389
144,1780
216,1675
913,731
1029,573
273,1604
570,1202
754,951
810,869
186,1723
893,756
987,627
668,1070
455,1358
147,1769
644,1095
44,1915
1383,70
374,1466
776,922
1296,209
415,1405
936,704
1015,596
864,802
738,967
781,909
1106,474
405,1417
558,1217
998,620
1381,37
1367,118
1066,527
790,903
1100,482
112,1823
1360,127
1347,139
1333,164
141,1778
309,1548
98,1841
180,1731
358,1483
930,712
242,1648
999,618
524,1264
1020,583
1209,328
493,1301
791,894
1054,544
840,832
857,806
1375,108
735,973
366,1471
697,1022
154,1759
622,1132
1261,262
948,681
1321,177
952,684
1086,499
122,1810
483,1314
161,1750
74,1869
1326,173
758,947
1221,313
394,1440
488,1307
1303,199
867,793
1383,21
66,1884
1014,600
1042,559
1230,299
387,1443
1400,18
1165,388
1206,336
1406,40
257,1619
1396,70
941,693
1130,441
1310,189
435,1377
699,1020
1201,338
157,1756
1258,261
730,986
1338,157
1381,89
708,1013
1300,209
328,1529
916,730
743,961
800,883
62,1890
713,1002
843,823
1032,574
614,1142
666,1072
484,1311
652,1091
661,1071
560,1214
1309,191
874,786
189,1711
546,1232
1369,110
891,766
17,1943
342,1510
160,1758
1080,503
293,1570
770,923
1012,602
740,969
905,741
1321,173
1086,495
254,1632
459,1352
995,618
344,1508
1245,278
1122,451
1141,421
1231,295
238,1651
719,992
616,1139
70,1880
1377,96
1131,433
467,1340
1311,189
1315,182
1268,254
1382,66
530,1249
525,1262
653,1081
1277,233
772,921
101,1838
27,1927
433,1388
1224,312
306,1561
1100,475
1276,244
1370,113
417,1405
1394,75
292,1579
632,1118
1109,468
175,1738
203,1693
1071,520
426,1396
1041,557
753,947
321,1531
1264,257
234,1656
461,1343
1288,224
154,1764
1046,555
679,1046
636,1105
418,1408
422,1400
458,1352
914,736
598,1164
255,1623
200,1703
481,1322
655,1080
1030,571
863,798
935,701
540,1235
527,1251
1225,306
1053,540
409,1413
1159,400
1287,223
576,1193
581,1180
834,837
634,1107
24,1947
543,1232
855,814
1304,204
920,725
1003,612
773,920
131,1791
284,1583
1045,556
956,677
1366,120
301,1560
689,1034
986,636
787,901
1158,404
1058,536
766,935
1189,354
796,892
1060,529
839,830
1104,469
1194,347
1308,199
1392,80
450,1363
144,1781
983,640
913,730
1029,572
471,1336
660,1073
940,693
893,755
413,1407
488,1312
531,1249
1211,323
455,1353
147,1768
1359,123
170,1739
1363,124
775,922
374,1467
936,705
1348,142
825,847
864,803
781,908
190,1711
1286,223
1016,589
1381,36
704,1018
1367,113
790,900
28,1927
339,1514
432,1388
639,1099
1143,415
141,1777
1102,480
309,1547
888,768
270,1610
930,713
999,613
1299,205
493,1300
745,955
840,833
857,805
735,972
974,652
347,1504
310,1556
697,1021
1001,611
1351,135
896,753
1321,176
957,676
212,1681
302,1559
1297,207
161,1749
207,1694
758,944
1221,312
394,1441
783,905
867,792
906,744
66,1885
282,1585
1136,430
88,1856
1400,19
1165,387
1206,337
1406,41
716,997
511,1275
1396,71
1051,548
941,692
1229,306
19,1933
218,1680
1201,337
157,1755
950,684
1343,143
1381,88
410,1413
120,1805
708,1014
1300,210
328,1530
916,731
743,960
62,1891
713,1001
110,1819
81,1859
261,1615
513,1278
661,1070
560,1215
1309,190
1313,187
874,787
1356,127
1142,424
973,649
762,940
546,1233
1369,109
17,1942
159,1751
160,1759
342,1511
1022,581
293,1569
883,769
1327,172
740,970
1132,436
905,740
344,1509
363,1475
1245,277
1141,420
601,1155
612,1137
616,1140
262,1620
70,1881
1131,432
1311,188
1315,185
681,1045
1073,511
1061,534
729,981
819,855
371,1465
350,1502
1134,429
433,1379
1195,347
1361,119
663,1069
1224,313
306,1558
111,1817
553,1219
748,958
417,1404
213,1681
1394,72
628,1124
337,1513
1265,253
426,1397
1041,556
694,1034
1393,17
753,946
370,1474
670,1059
1075,509
390,1439
142,1784
234,1657
1264,258
461,1342
462,1341
1208,329
1284,230
1288,225
774,924
904,746
154,1765
422,1401
797,887
458,1353
631,1118
1083,499
255,1622
200,1704
1126,439
1330,168
1112,464
935,700
1253,274
1225,305
937,697
1053,539
487,1307
910,740
1287,222
1091,489
576,1194
581,1179
1371,105
1408,29
1026,580
662,1076
552,1219
24,1948
45,1914
855,809
1304,205
498,1298
920,726
1390,17
515,1271
98,1835
131,1790
463,1341
956,678
301,1559
1114,462
689,1033
986,637
787,900
1058,537
1189,353
1155,401
796,893
1218,322
404,1426
1392,81
360,1486
130,1798
880,773
878,784
1344,148
957,671
1093,487
144,1782
380,1460
913,729
1029,571
570,1200
844,823
344,1501
434,1379
987,629
488,1313
512,1273
1306,195
531,1248
824,854
455,1352
147,1771
1359,122
44,1909
775,917
563,1203
299,1561
1116,460
415,1407
936,706
1348,143
624,1121
864,804
371,1472
653,1088
781,907
1106,472
331,1526
1002,609
657,1082
330,1526
1381,35
704,1019
1367,112
790,901
432,1389
968,655
769,930
1347,141
42,1911
888,769
960,670
930,710
203,1700
242,1646
370,1467
999,612
1299,204
493,1299
1252,276
566,1208
840,834
857,804
974,653
892,762
555,1222
1001,610
1351,134
995,624
122,1808
1184,361
1117,453
103,1827
207,1689
369,1469
758,945
526,1255
1150,407
603,1156
693,1034
327,1532
21,1933
906,745
1383,23
1339,149
1136,431
88,1857
387,1445
1165,386
288,1582
511,1274
936,702
941,691
1057,535
1314,190
435,1379
114,1822
730,984
583,1184
950,685
334,1522
106,1825
328,1531
713,1000
81,1858
261,1614
614,1140
661,1069
1309,189
1313,186
1142,425
522,1268
973,648
762,941
17,1941
1022,586
740,971
1132,437
1217,322
60,1887
1255,270
344,1510
1137,427
1141,419
601,1154
65,1888
436,1384
244,1637
1131,435
1315,184
681,1044
863,804
677,1056
729,980
1329,165
371,1464
1385,94
619,1134
856,812
185,1724
1134,434
1195,346
573,1198
663,1068
851,820
1224,314
306,1559
553,1218
748,959
213,1680
1394,73
337,1512
1265,252
203,1695
1102,473
722,989
395,1433
753,945
189,1713
1075,508
1264,259
237,1649
461,1341
1284,231
1288,226
151,1770
774,925
904,747
450,1357
1067,526
797,886
710,1005
953,680
914,734
631,1113
961,665
1083,498
588,1176
200,1705
1330,169
565,1208
915,725
1112,465
1406,23
88,1849
667,1061
391,1437
1015,589
842,832
937,696
1053,538
1357,132
1091,488
204,1700
1367,111
1408,30
1026,581
662,1077
855,808
968,660
1304,206
498,1299
1380,89
920,727
515,1270
925,715
463,1340
150,1770
1114,463
689,1032
507,1281
986,634
307,1558
1155,400
59,1889
796,894
931,705
1308,193
404,1427
1392,82
360,1487
130,1799
1344,149
957,670
1093,486
470,1331
659,1080
913,728
74,1876
570,1201
987,628
488,1314
832,839
464,1339
824,855
1211,325
147,1770
775,916
1383,67
1048,550
1206,331
415,1406
909,735
30,1944
22,1931
1186,366
1106,473
277,1591
330,1527
1381,34
761,937
704,1020
468,1333
432,1390
1028,578
1347,140
1333,161
628,1117
888,770
960,671
270,1608
930,711
242,1647
357,1490
546,1227
1299,207
1342,147
840,835
575,1189
892,763
1402,56
1001,609
784,905
1063,525
805,877
1086,502
991,630
169,1739
122,1809
1117,452
1178,376
207,1688
1326,176
369,1468
52,1899
783,907
21,1932
1383,22
724,992
814,870
88,1858
1230,302
387,1444
1165,385
288,1583
491,1308
936,703
941,690
772,928
1057,534
1314,191
248,1638
19,1935
435,1378
204,1693
487,1314
730,985
910,733
954,673
196,1708
529,1251
1139,428
328,1532
803,877
81,1857
261,1613
614,1141
908,740
1313,185
641,1104
1138,430
346,1506
973,647
762,938
1185,359
1080,506
17,1940
965,664
1022,587
883,771
1147,418
1132,438
379,1460
38,1917
1398,17
905,746
542,1233
86,1853
1340,154
1255,265
363,1477
1137,426
95,1846
601,1153
602,1158
238,1654
353,1496
1052,548
172,1740
1088,496
1131,434
767,934
764,936
819,857
1198,343
1329,164
371,1467
1290,217
350,1500
600,1155
856,813
32,1923
907,744
1134,435
162,1749
1096,486
1062,527
111,1819
553,1217
1204,340
1049,545
1109,465
228,1664
1243,279
203,1694
1102,478
315,1548
694,1032
395,1432
220,1671
189,1712
1037,566
370,1472
1075,511
1264,260
237,1648
723,985
1194,354
151,1765
385,1452
904,748
1157,399
978,648
720,991
797,885
1282,227
914,735
153,1763
631,1112
1199,346
961,664
588,1177
200,1706
170,1746
1335,155
1112,466
980,642
1030,574
400,1430
1034,565
845,828
863,795
597,1159
527,1260
176,1736
725,983
190,1718
511,1282
1053,537
1159,397
1371,107
1334,157
1408,31
1144,415
739,965
968,661
275,1595
920,728
925,714
150,1771
1114,460
507,1280
986,635
650,1094
640,1104
223,1665
59,1888
796,895
931,704
861,799
1218,320
1344,150
957,669
1093,485
1110,461
35,1921
758,939
48,1912
378,1455
578,1192
668,1066
824,856
1211,324
365,1480
554,1217
1383,66
563,1205
83,1855
1048,551
299,1563
909,734
1376,99
165,1747
574,1189
182,1730
885,769
1385,21
53,1899
1381,33
761,936
837,831
93,1843
1028,579
1333,160
250,1629
848,822
270,1609
641,1099
1403,21
119,1814
1209,332
1299,206
1331,161
959,672
840,836
1155,399
272,1604
226,1663
575,1188
613,1137
1147,409
735,969
263,1618
896,756
805,876
56,1893
991,625
1117,451
1354,134
783,906
21,1931
1154,401
1339,151
962,670
724,993
192,1714
1230,303
1406,44
362,1477
490,1310
1396,66
941,689
173,1735
1057,533
1314,188
248,1639
19,1934
114,1820
334,1520
444,1372
196,1709
529,1250
713,1006
908,741
912,736
726,983
522,1266
1072,513
222,1674
762,939
938,702
1365,117
835,842
1080,507
883,770
1327,169
1151,405
1293,218
542,1238
1388,88
732,980
1340,155
473,1327
1255,264
47,1905
363,1476
1137,425
267,1605
95,1841
601,1152
155,1764
746,955
1407,34
178,1727
602,1159
715,1004
836,840
172,1741
926,718
1248,280
1088,497
767,929
681,1050
764,937
1172,384
729,986
819,856
1249,275
777,920
371,1466
633,1107
350,1501
856,814
1314,192
703,1020
1096,487
417,1408
111,1818
454,1353
1276,240
1204,341
748,953
123,1808
303,1564
1049,544
807,880
1109,464
228,1665
337,1518
1102,479
348,1502
694,1033
1191,351
370,1473
321,1535
1075,510
584,1175
1322,173
237,1647
561,1209
651,1083
1208,332
1284,225
151,1764
1157,398
827,852
917,730
422,1404
949,681
914,732
153,1762
588,1178
976,648
915,727
75,1874
958,667
980,643
1030,575
400,1431
935,697
667,1063
596,1159
1382,98
1015,591
391,1439
597,1158
768,930
148,1776
1174,382
143,1782
864,795
1328,170
176,1737
266,1607
937,702
297,1567
408,1420
1159,396
1287,219
1371,106
76,1872
919,728
663,1074
124,1808
968,662
456,1354
1347,146
447,1368
925,713
373,1468
1247,282
1114,461
119,1805
1266,256
346,1499
640,1105
969,651
113,1817
59,1891
931,707
1218,321
1388,17
957,668
1093,484
35,1920
216,1680
897,753
74,1874
273,1599
944,692
668,1067
669,1066
602,1151
824,857
455,1349
644,1100
563,1204
859,801
1048,552
497,1300
1296,214
299,1562
909,733
876,784
466,1344
971,649
165,1746
868,791
574,1194
1186,364
885,768
1183,361
1385,20
420,1399
36,1932
53,1898
1256,263
1381,32
1205,338
93,1842
352,1496
509,1279
1007,608
848,823
641,1098
778,913
119,1809
197,1703
745,959
1024,584
822,853
272,1605
613,1136
903,748
263,1613
1167,383
892,757
518,1265
389,1443
1261,257
896,757
1063,527
1321,180
805,875
1086,500
991,624
356,1485
568,1197
749,958
623,1125
91,1852
1274,239
758,948
1354,135
494,1306
1339,150
1377,95
96,1844
521,1263
724,994
192,1715
814,868
412,1416
516,1274
1140,426
1175,373
490,1311
610,1148
1396,67
260,1615
173,1734
1314,189
248,1640
19,1937
1177,371
1291,215
114,1821
687,1042
334,1521
444,1373
179,1732
196,1710
529,1249
1148,416
1238,294
1276,237
803,879
37,1919
908,742
912,737
929,709
902,752
102,1838
1138,428
1266,249
346,1504
522,1267
222,1675
1099,475
1365,116
891,757
1080,508
1327,168
51,1899
542,1239
1388,89
732,981
68,1882
473,1326
737,969
418,1401
649,1087
884,776
1273,239
47,1904
1137,424
1401,19
95,1840
49,1908
602,1156
238,1652
290,1582
492,1308
836,841
172,1742
1279,231
1248,281
1068,524
1088,498
541,1240
767,928
156,1757
764,938
1259,264
819,859
1249,274
862,799
525,1257
201,1697
239,1650
1181,367
101,1833
27,1946
433,1383
1096,488
364,1480
454,1358
443,1367
1276,241
1204,342
628,1120
860,808
560,1216
228,1666
1102,476
348,1503
489,1303
321,1534
237,1646
723,987
561,1208
1208,333
1194,352
354,1489
900,747
1046,556
1157,397
978,646
1098,486
949,680
914,733
153,1761
78,1870
683,1048
961,670
1193,347
976,649
170,1744
482,1322
915,726
1013,595
1406,26
667,1062
391,1438
1015,590
597,1157
928,714
768,931
143,1777
1328,171
176,1738
190,1716
297,1566
408,1421
496,1295
445,1370
586,1180
294,1569
634,1116
1262,262
1371,109
31,1942
76,1873
739,967
756,943
1200,339
275,1597
456,1355
908,735
963,668
241,1648
236,1654
705,1013
795,887
428,1396
925,712
382,1451
571,1200
1237,287
386,1452
34,1934
650,1092
1058,533
640,1106
766,936
113,1816
223,1667
59,1890
931,706
1368,111
957,667
1093,483
216,1681
897,752
74,1875
273,1598
1033,572
754,945
944,693
578,1190
824,858
644,1101
374,1468
763,931
943,687
1048,553
1296,215
299,1565
587,1178
876,785
260,1620
1348,139
165,1745
811,867
574,1195
1186,365
182,1728
187,1722
1016,594
36,1933
53,1897
1343,150
1381,47
761,942
1066,521
93,1841
352,1497
423,1393
1049,543
509,1278
1170,381
641,1097
1393,76
121,1803
119,1808
524,1262
34,1938
197,1702
1191,358
1342,150
441,1376
745,958
1331,163
1024,585
272,1606
735,971
1147,411
263,1612
379,1453
518,1270
389,1442
1261,256
784,908
896,758
1063,526
256,1621
1086,501
646,1098
483,1320
623,1124
1042,553
1006,610
1377,94
96,1845
521,1262
814,869
192,1716
282,1594
962,668
1383,96
87,1853
412,1417
516,1275
1140,427
1085,502
1175,372
490,1308
257,1621
173,1733
945,692
549,1230
611,1137
1079,510
1229,301
19,1936
1177,370
1267,247
630,1113
120,1810
444,1374
798,885
838,838
1148,417
62,1892
803,878
37,1918
1289,219
908,743
912,738
929,708
1138,429
346,1505
522,1264
167,1741
222,1672
852,811
1118,458
1271,248
938,700
258,1626
1365,115
1080,509
243,1637
900,752
1151,407
63,1890
1388,90
732,982
68,1883
1340,149
473,1325
737,968
47,1907
1227,301
267,1607
448,1368
997,615
602,1157
238,1653
836,842
172,1743
926,716
1248,282
1068,525
1311,187
1315,188
1061,529
819,858
909,740
1249,273
1198,346
525,1256
1082,499
201,1696
829,850
742,961
1070,515
1181,366
39,1917
581,1186
1040,562
101,1832
433,1382
662,1069
124,1806
1319,177
364,1481
454,1359
1276,242
323,1536
628,1121
1049,550
228,1667
1102,477
537,1239
956,671
336,1520
115,1811
465,1344
1037,563
321,1533
869,791
675,1058
237,1645
723,986
449,1361
651,1085
1208,334
1194,353
64,1888
1374,110
978,647
380,1453
153,1760
976,650
170,1745
881,771
1013,594
139,1779
1406,27
935,699
1382,96
975,650
67,1877
1348,144
928,715
768,932
1174,380
1305,195
143,1776
1328,172
190,1717
297,1565
408,1422
1181,370
204,1696
294,1574
1371,108
76,1874
552,1224
739,966
45,1909
414,1414
275,1596
456,1356
595,1159
1105,474
236,1655
705,1012
925,711
440,1371
813,870
119,1807
34,1935
650,1093
665,1067
640,1107
782,914
1099,482
533,1252
223,1666
523,1264
216,1682
1190,360
273,1597
810,876
944,694
138,1781
1387,90
512,1278
401,1425
578,1191
668,1061
455,1351
644,1102
1226,310
859,803
1048,554
299,1564
876,786
260,1621
466,1342
624,1126
825,849
165,1744
971,651
918,730
1186,362
182,1729
405,1426
1183,363
1016,595
202,1702
751,949
36,1934
53,1896
1343,145
1381,46
286,1586
1120,456
145,1778
352,1498
1148,414
480,1322
509,1277
799,890
547,1225
930,707
999,611
524,1263
1298,214
197,1701
1191,353
1342,151
745,957
1331,162
1024,586
272,1607
735,970
1147,410
1077,507
518,1271
389,1441
784,909
896,759
948,688
43,1918
646,1099
1184,366
551,1226
1055,542
494,1304
867,798
66,1879
1349,142
1377,93
96,1846
521,1261
962,669
87,1852
412,1418
1230,306
1175,375
1097,479
490,1309
257,1620
610,1146
80,1861
829,845
985,631
325,1534
1079,505
1229,300
534,1250
1177,369
1258,268
1263,253
808,871
1381,66
630,1118
120,1811
798,890
1148,418
1238,292
123,1801
37,1917
882,778
1161,391
81,1861
171,1735
1289,218
1336,155
1031,574
102,1836
452,1355
522,1265
222,1673
852,820
1403,50
1099,477
1322,180
938,701
1365,114
891,759
1080,510
1108,468
900,753
1151,406
51,1901
701,1019
593,1170
1293,215
827,845
459,1345
47,1906
229,1659
1137,430
267,1606
997,614
290,1580
1052,544
926,717
82,1866
1068,526
1131,438
1362,126
1061,528
1281,236
1249,272
678,1056
1198,347
525,1255
430,1385
967,662
291,1573
742,966
384,1452
1181,365
39,1916
1040,563
72,1871
89,1847
433,1381
994,626
573,1193
663,1067
232,1653
124,1807
364,1482
643,1095
685,1044
1276,243
628,1122
348,1497
438,1375
1223,314
1037,562
321,1532
869,790
1379,89
723,989
449,1360
561,1214
651,1084
1208,335
231,1662
224,1672
64,1889
801,888
422,1395
393,1435
1098,484
682,1043
78,1868
320,1540
481,1315
482,1320
424,1393
1013,593
1406,24
88,1854
621,1132
935,698
1359,130
1382,97
1348,145
230,1664
928,716
768,933
1174,381
586,1178
1159,393
204,1697
294,1575
300,1568
634,1114
1262,260
1244,279
927,709
552,1225
45,1908
855,807
456,1357
211,1681
1003,605
1233,300
463,1339
386,1450
119,1806
1135,434
664,1067
787,906
665,1066
29,1927
640,1108
1355,127
113,1822
556,1220
1060,536
169,1746
519,1270
356,1492
545,1227
380,1458
216,1683
471,1329
660,1080
1146,413
512,1279
401,1424
578,1188
672,1057
531,1254
455,1350
775,915
1038,559
763,933
853,811
1226,311
859,802
1316,181
702,1024
1168,388
1116,458
341,1512
678,1049
260,1622
466,1343
624,1127
825,848
971,650
811,869
901,747
1145,415
1186,363
1183,362
1016,596
751,948
1343,144
1381,45
289,1577
286,1587
1148,415
803,884
423,1395
261,1620
480,1323
20,1933
309,1556
452,1360
34,1936
1299,210
1191,352
1252,274
745,956
1147,413
651,1092
1077,506
379,1455
389,1440
235,1656
507,1279
784,910
646,1096
1184,367
212,1688
302,1566
551,1221
1055,537
52,1904
970,651
153,1759
494,1305
1006,608
276,1595
282,1592
1175,374
181,1730
1097,478
610,1147
862,806
1168,383
829,844
611,1139
985,630
1079,504
1229,299
534,1251
72,1876
1267,249
950,679
1381,65
630,1119
410,1420
120,1812
798,891
838,836
1238,293
1404,21
110,1826
1289,217
81,1860
795,896
463,1346
513,1271
821,860
1156,399
1031,569
102,1837
1142,419
1215,317
167,1743
1099,476
1118,456
258,1624
1365,113
891,758
1022,588
293,1578
1108,469
243,1639
900,754
1222,309
51,1900
316,1548
701,1018
495,1297
1293,214
1269,247
737,974
369,1474
229,1658
1227,303
997,613
290,1581
353,1491
1052,545
612,1144
402,1430
247,1640
1281,227
411,1418
430,1390
967,657
201,1702
633,1111
600,1160
742,967
384,1453
1181,364
1040,564
1134,436
433,1380
573,1192
306,1553
1319,179
628,1123
382,1458
571,1193
225,1665
315,1539
115,1813
1223,309
695,1032
25,1946
1037,561
670,1066
869,789
723,988
46,1907
651,1087
198,1706
1208,336
231,1657
1236,294
385,1447
64,1890
1374,108
1344,143
425,1391
888,763
393,1434
1098,485
532,1247
631,1111
78,1869
208,1687
889,768
320,1541
1330,163
482,1321
1013,592
139,1781
1406,25
88,1855
845,823
67,1879
1348,146
253,1632
768,934
989,632
1324,171
785,905
445,1367
586,1179
1091,494
204,1698
300,1569
634,1115
1262,261
837,838
1066,528
552,1226
1144,420
45,1907
414,1412
456,1358
498,1293
595,1161
1152,408
656,1079
585,1175
236,1649
515,1276
116,1811
557,1213
695,1023
150,1772
386,1451
1114,457
665,1065
29,1926
318,1537
782,912
1155,406
969,655
735,976
556,1221
879,773
599,1162
130,1793
519,1265
356,1493
446,1363
144,1773
380,1459
216,1684
381,1458
810,874
970,660
1306,202
578,1189
365,1475
147,1776
763,932
853,810
1226,308
932,703
1085,495
1168,389
209,1692
1116,459
678,1054
789,899
260,1623
466,1340
811,868
901,746
918,728
574,1198
1145,414
1106,467
331,1519
998,613
1002,616
657,1075
202,1700
330,1521
751,951
1343,147
1381,44
439,1373
289,1576
423,1394
480,1324
250,1638
1156,404
42,1918
452,1361
547,1227
242,1641
818,862
524,1257
1298,212
34,1937
1252,275
575,1187
1147,412
1077,505
379,1454
392,1437
784,911
56,1898
169,1741
646,1097
1043,551
623,1121
551,1220
1055,536
526,1262
1150,414
52,1905
1354,131
327,1525
1006,609
1010,604
1292,220
282,1593
1230,304
387,1450
1019,583
1097,477
362,1486
1301,203
329,1523
1125,439
1257,263
829,843
611,1138
1314,185
985,629
1027,580
534,1248
988,632
435,1384
499,1289
1258,266
72,1877
1263,255
583,1177
1267,248
990,625
1381,64
120,1813
838,837
106,1832
131,1793
1404,22
429,1392
123,1803
110,1827
882,776
614,1135
477,1328
661,1078
1031,568
1072,518
167,1742
1118,457
1322,178
1271,245
258,1625
1203,333
416,1405
160,1751
1108,470
243,1638
701,1017
495,1296
1293,213
1269,246
827,847
459,1347
1255,263
229,1657
1227,302
1231,302
1283,225
353,1490
1052,546
612,1145
82,1864
70,1873
244,1644
1362,124
253,1627
1249,278
430,1391
967,656
291,1575
633,1110
600,1161
619,1127
1239,292
384,1454
1103,469
23,1929
1181,363
994,624
573,1191
124,1801
1319,178
643,1097
166,1750
1204,338
484,1316
225,1664
115,1812
1223,308
489,1307
604,1156
395,1438
627,1117
1037,560
869,788
584,1180
1379,91
650,1087
779,913
449,1366
651,1086
198,1707
231,1656
151,1763
1236,295
385,1446
796,896
1374,109
1067,519
381,1453
393,1433
1098,482
394,1438
598,1157
320,1542
1193,351
255,1630
75,1865
1023,581
139,1780
802,888
845,822
596,1164
67,1878
785,904
1183,368
816,866
409,1420
445,1366
1159,395
1381,55
204,1699
300,1570
634,1112
927,711
340,1507
1144,421
414,1413
595,1160
211,1683
1152,409
1003,607
1265,256
585,1174
557,1212
116,1820
428,1392
562,1214
361,1479
813,867
1366,113
507,1286
1158,397
29,1925
318,1542
782,913
638,1103
969,654
1128,437
556,1222
931,710
849,817
599,1157
805,882
519,1264
356,1494
897,756
471,1331
810,875
741,965
831,839
858,803
401,1430
669,1061
311,1552
365,1474
763,935
853,809
1226,309
497,1295
1168,390
209,1683
92,1852
550,1226
678,1055
789,898
466,1341
1263,260
825,854
901,745
918,729
868,796
1145,413
1391,17
202,1701
240,1648
420,1404
751,950
1234,300
1256,268
439,1372
1343,146
1381,43
1210,325
468,1340
149,1767
1148,409
1238,287
28,1944
508,1284
1380,100
477,1323
1156,405
42,1919
452,1362
547,1226
627,1124
818,863
1298,213
1342,154
857,812
1009,601
512,1280
56,1899
169,1740
302,1564
568,1202
749,953
91,1843
551,1223
52,1906
506,1286
783,912
327,1524
174,1733
1014,598
1349,139
1088,491
626,1126
1292,221
87,1849
183,1726
1230,305
1386,19
1301,202
491,1301
329,1522
862,804
1396,72
1257,262
829,842
611,1141
690,1040
981,639
534,1249
988,633
1258,267
72,1878
1263,254
583,1176
990,630
954,680
1381,79
410,1418
120,1814
444,1370
286,1581
41,1922
131,1792
1404,23
528,1256
123,1802
110,1824
882,777
1336,158
33,1923
1031,571
108,1828
1215,319
1072,519
222,1676
942,689
390,1448
38,1930
1322,179
1271,244
1369,116
883,776
1108,471
243,1641
1264,253
1157,404
425,1393
701,1016
495,1299
1293,212
542,1240
1388,86
473,1329
827,846
1269,245
459,1346
1231,297
49,1903
1193,354
353,1489
1052,547
612,1146
82,1865
70,1878
262,1613
402,1428
244,1645
541,1235
755,943
1362,125
1400,56
501,1287
253,1626
819,862
1198,350
291,1574
633,1109
496,1304
539,1244
600,1162
384,1455
907,737
219,1673
994,625
24,1929
573,1190
1173,375
111,1824
643,1096
685,1041
166,1751
1204,339
50,1908
484,1317
382,1456
571,1195
315,1541
115,1815
489,1306
694,1027
1037,559
670,1064
869,787
640,1099
584,1181
474,1325
1379,90
779,912
774,917
385,1445
897,751
381,1452
872,785
246,1642
1098,483
394,1439
1193,350
255,1625
626,1119
1023,580
313,1543
503,1292
692,1029
1396,17
845,821
1034,572
596,1165
1305,199
1225,312
1395,72
84,1855
816,867
445,1365
676,1051
1159,394
1381,54
576,1187
634,1113
927,710
76,1870
1144,422
756,948
865,800
595,1163
211,1682
135,1792
1152,410
1003,606
585,1173
241,1643
54,1904
557,1211
1075,514
428,1393
361,1478
813,866
1366,118
1294,211
140,1784
718,993
318,1543
1189,360
969,653
879,775
849,816
1368,116
599,1156
1241,283
471,1330
741,964
378,1462
970,658
1306,200
1035,570
669,1060
365,1473
554,1224
563,1210
192,1709
763,934
497,1294
1116,453
550,1227
678,1052
789,897
721,996
901,744
868,797
574,1196
376,1459
415,1412
187,1713
335,1513
240,1649
36,1930
420,1405
1256,269
439,1375
1381,42
289,1582
149,1766
28,1945
946,692
508,1285
1380,101
1384,96
477,1322
250,1636
1156,406
765,936
214,1686
1298,210
1123,443
591,1165
566,1201
1009,600
792,898
263,1611
462,1346
512,1281
732,975
517,1269
56,1900
302,1565
545,1236
706,1018
568,1203
1043,553
749,952
623,1123
551,1222
1270,250
526,1260
1150,412
506,1287
327,1527
174,1738
1014,599
1187,355
1349,138
58,1891
1010,602
1292,222
1311,194
377,1455
412,1414
183,1721
1085,497
1175,371
362,1484
1301,201
329,1521
862,805
1257,261
945,687
549,1225
383,1447
1047,554
829,841
611,1140
981,638
988,634
499,1291
114,1815
1258,264
583,1179
475,1330
990,631
1381,78
410,1419
444,1371
528,1257
1081,499
110,1825
1313,192
1332,164
1336,159
33,1922
1031,570
228,1659
108,1829
1142,422
1215,318
852,816
942,694
1000,611
399,1429
1203,335
159,1753
1050,550
243,1640
1160,393
425,1392
701,1015
495,1298
1293,211
1241,290
1388,87
473,1328
1273,241
696,1028
1141,426
1231,296
49,1902
1025,575
1283,227
715,997
492,1306
82,1862
70,1879
402,1429
1216,317
244,1646
541,1234
1400,57
304,1562
253,1625
924,720
1172,382
297,1572
633,1108
846,821
1103,471
1162,391
23,1931
907,736
219,1672
1381,98
573,1189
419,1399
865,795
685,1040
166,1748
85,1860
860,806
807,873
960,672
484,1318
337,1511
382,1457
571,1194
225,1670
315,1540
115,1814
1180,372
1133,436
489,1305
627,1119
1399,17
670,1065
584,1182
486,1314
731,977
911,733
1379,93
1284,232
617,1131
1113,459
897,750
381,1451
984,640
914,727
65,1883
1193,349
221,1676
1250,278
255,1624
707,1009
1078,512
915,732
75,1867
502,1294
691,1029
1406,28
802,886
478,1319
596,1166
1220,320
1305,198
993,626
266,1614
815,861
1358,125
816,868
445,1364
1381,53
886,765
1115,457
76,1871
919,721
756,949
595,1162
671,1057
1152,411
241,1642
127,1797
1182,363
428,1394
562,1212
547,1232
361,1477
440,1376
813,865
1366,119
689,1031
140,1785
718,998
745,964
969,652
796,887
879,774
1368,117
485,1311
545,1231
913,727
741,963
138,1790
378,1463
970,659
1306,201
669,1059
875,786
365,1472
1254,274
96,1839
521,1268
497,1293
979,641
806,882
678,1053
868,798
574,1197
1186,359
534,1243
283,1585
808,880
240,1650
36,1931
420,1406
1234,298
1256,270
439,1374
1381,41
704,1013
794,891
567,1206
510,1277
149,1765
28,1946
508,1286
432,1383
1380,102
477,1321
250,1637
736,976
1129,435
121,1805
778,920
1298,211
1342,152
1345,148
566,1206
792,899
903,741
462,1347
512,1282
1001,616
281,1587
517,1268
43,1909
646,1100
568,1204
1043,552
749,951
623,1122
91,1845
1270,251
1274,246
526,1261
1150,413
327,1526
1056,540
174,1739
1014,596
1349,137
1025,579
1010,603
626,1124
320,1535
87,1851
412,1415
183,1720
1085,496
362,1485
1121,452
1249,271
491,1303
945,686
549,1224
842,830
1047,549
690,1038
816,861
981,637
1239,285
325,1529
499,1290
1258,265
1334,162
1207,336
786,908
583,1178
808,876
1408,32
994,619
1381,77
41,1911
699,1026
528,1258
1332,165
1336,160
33,1921
108,1830
1138,423
1142,423
921,719
852,817
942,695
38,1928
1213,328
399,1428
1203,334
449,1359
159,1752
951,684
1108,465
1132,431
688,1040
347,1497
316,1544
1273,240
696,1029
1231,299
388,1443
403,1421
49,1901
601,1160
1095,488
1283,226
492,1307
82,1863
607,1143
541,1233
755,945
1400,58
304,1563
1259,257
1281,231
305,1562
1051,541
1198,348
850,822
924,721
1172,383
846,826
355,1489
1103,470
23,1930
39,1915
981,642
907,739
232,1658
865,794
553,1224
685,1039
166,1749
50,1906
860,807
717,1002
807,872
484,1319
748,960
537,1241
1180,373
315,1543
489,1304
627,1118
757,943
584,1183
638,1110
486,1315
731,976
911,732
1379,92
59,1887
231,1653
617,1130
154,1768
1021,588
801,883
55,1900
351,1493
978,641
1113,458
897,749
246,1640
1188,355
233,1651
592,1170
683,1041
961,663
65,1882
1193,348
311,1545
707,1008
881,773
75,1866
424,1398
1406,29
802,887
621,1127
1034,570
596,1167
1153,408
1305,197
109,1828
176,1729
266,1615
725,990
1039,557
355,1485
445,1363
544,1236
1381,52
1115,456
567,1197
1232,300
739,972
756,950
919,720
895,753
275,1602
1152,412
241,1641
1233,295
127,1796
428,1395
562,1213
440,1377
647,1096
813,864
714,999
140,1786
664,1072
718,999
1345,143
461,1350
251,1634
223,1672
727,988
1212,328
1050,543
849,822
1368,118
728,981
1392,76
485,1310
589,1176
545,1230
61,1892
741,962
1407,29
378,1460
970,656
702,1015
578,1185
672,1062
252,1632
195,1703
365,1471
332,1524
268,1612
979,640
587,1171
1121,447
648,1089
1130,438
