139,16
89,11
129,26
40,22
150,79
172,88
46,12
58,19
133,30
86,22
17,64
73,35
128,77
37,13
111,10
177,77
178,85
141,95
106,76
114,60
78,46
8,38
174,72
93,8
137,92
73,36
128,68
59,9
24,21
62,6
109,25
114,55
8,45
135,90
174,83
118,11
9,50
138,93
137,69
34,26
143,91
98,63
81,29
152,81
62,9
77,41
136,26
102,51
150,80
135,83
175,72
122,65
12,32
153,78
13,63
146,23
131,76
132,70
142,27
53,9
100,20
65,30
135,72
103,9
93,19
41,21
123,74
86,50
162,89
91,37
152,95
119,62
132,77
63,24
156,91
107,50
181,77
127,63
21,57
78,10
145,95
112,22
22,40
9,37
59,21
84,11
106,24
167,86
82,33
137,16
143,14
112,13
147,75
22,35
83,51
66,9
88,38
17,30
45,19
84,18
70,37
74,40
104,53
14,59
103,52
145,73
143,23
91,8
56,22
23,25
6,51
173,87
106,10
13,35
126,73
95,44
82,19
107,25
18,65
104,75
15,33
108,56
133,86
27,34
101,23
66,27
88,52
108,79
6,42
136,85
84,32
18,41
60,25
82,10
124,62
36,18
182,81
130,75
125,25
108,55
19,43
30,20
128,12
23,47
136,92
119,27
84,47
71,37
36,25
130,66
26,19
137,12
48,12
19,48
76,7
148,95
24,37
79,10
158,80
111,80
96,66
113,14
32,20
160,89
89,37
11,56
71,34
75,39
97,22
155,79
15,60
134,81
128,26
77,25
120,79
146,95
132,30
99,69
104,24
97,47
154,94
86,11
73,6
159,80
126,29
64,9
13,64
11,54
124,66
165,91
80,24
61,26
122,24
37,17
76,44
24,58
134,67
123,11
159,89
109,52
23,51
116,26
129,15
132,12
43,20
8,50
33,30
80,31
155,82
145,24
76,43
81,48
177,82
126,15
55,17
20,53
168,86
102,20
14,64
40,16
117,14
104,13
85,53
71,6
58,9
12,61
145,17
112,76
98,19
123,25
159,79
131,83
64,30
127,29
150,76
117,23
46,13
16,32
118,62
128,78
62,28
101,47
178,82
141,94
106,77
107,73
127,26
21,36
149,95
8,39
122,60
162,77
113,76
74,10
156,79
50,19
107,78
142,14
53,6
8,46
16,30
110,56
133,15
83,22
138,90
86,33
81,28
38,23
77,40
131,70
50,10
142,17
53,15
110,80
40,12
26,35
135,82
98,68
9,58
83,31
122,78
34,18
94,40
153,77
120,24
109,10
146,20
116,76
99,12
124,28
142,24
21,63
93,18
22,22
9,35
123,77
86,51
163,92
94,19
134,16
101,67
166,74
132,78
95,65
140,13
90,22
22,41
5,47
9,36
162,81
91,61
56,9
111,54
59,20
81,7
153,95
117,76
82,30
156,83
21,65
19,23
147,74
169,89
66,6
30,32
88,39
17,29
45,18
10,52
84,19
87,38
74,41
96,22
167,78
63,9
39,16
97,9
143,22
19,28
41,15
141,28
91,11
113,26
131,26
24,64
23,24
102,68
67,34
92,42
96,45
107,24
72,6
129,65
22,67
100,9
15,32
54,5
169,75
79,7
133,85
88,53
6,43
136,86
151,92
120,59
87,52
142,76
127,77
60,26
121,28
176,76
105,75
169,76
30,21
141,14
109,79
42,24
25,64
23,46
173,72
127,74
92,56
135,12
164,87
105,76
79,21
133,71
30,28
113,13
23,39
116,14
136,68
10,40
89,36
70,6
18,24
57,19
124,77
75,38
80,43
105,53
98,12
138,29
55,5
77,24
67,30
146,92
99,68
7,55
139,71
72,34
97,46
154,95
100,45
19,65
159,83
23,53
89,54
95,8
100,69
164,76
165,90
80,25
122,25
103,73
180,76
24,59
52,6
77,10
23,50
116,27
146,78
43,23
93,59
147,21
103,70
16,66
27,31
126,12
55,16
20,54
139,29
14,65
149,76
11,39
165,76
12,62
34,15
108,10
145,16
49,7
177,74
131,82
99,19
102,12
92,18
21,26
171,72
46,18
90,40
83,11
69,36
98,43
81,33
101,46
52,19
38,26
89,18
21,35
65,9
46,21
58,24
97,67
122,61
17,63
143,92
94,63
24,23
120,11
178,74
168,76
50,16
124,15
150,95
8,47
172,72
135,84
117,24
68,9
16,31
90,58
110,57
5,51
86,38
91,41
163,81
111,26
81,19
82,50
50,11
26,32
65,27
140,24
112,26
9,57
83,30
47,12
105,13
69,31
34,19
162,92
94,41
59,25
81,20
134,30
84,7
141,72
82,45
63,29
156,94
21,62
175,83
130,29
115,60
118,27
47,21
101,66
123,61
35,25
74,36
166,75
132,79
25,19
53,16
95,64
144,73
22,46
5,46
79,43
9,43
47,18
91,60
70,32
25,20
104,48
157,90
39,26
21,64
115,10
9,44
30,33
69,10
15,66
163,77
56,17
10,53
119,14
167,73
60,5
82,22
157,83
18,68
129,79
114,80
97,8
104,70
141,27
24,65
45,10
10,60
102,69
92,43
96,46
176,86
139,90
129,64
78,29
48,16
29,18
103,47
148,75
170,88
111,76
94,12
116,57
6,40
151,95
120,60
10,39
87,55
176,77
36,28
75,43
26,22
100,49
19,45
76,10
141,13
32,31
92,57
57,9
85,22
140,90
164,80
97,19
54,20
133,70
30,29
23,38
136,69
10,41
84,48
142,95
18,25
57,18
165,87
80,44
61,6
51,16
15,62
133,79
134,87
138,26
88,11
91,22
20,26
77,23
42,11
160,82
43,24
7,54
139,70
14,28
72,35
93,40
100,46
179,76
101,9
49,19
88,18
23,52
28,33
121,78
67,6
31,20
89,53
114,23
117,58
100,70
121,63
85,33
140,71
33,27
58,5
115,76
80,26
179,85
180,77
108,21
112,80
94,64
24,60
101,50
49,20
113,55
25,35
114,14
11,33
93,58
147,20
97,63
16,67
180,84
37,24
27,30
13,31
106,54
20,55
25,36
64,25
139,28
149,75
11,38
165,75
58,23
137,87
12,63
86,18
180,83
143,73
113,80
62,27
177,73
74,6
23,67
89,8
40,25
21,25
78,42
171,75
90,41
93,12
137,88
83,10
69,35
15,27
128,64
81,32
126,63
38,27
132,84
114,59
78,45
97,66
83,19
34,30
143,95
94,60
24,24
152,77
178,75
87,7
109,22
168,77
77,45
132,83
25,63
110,79
150,92
175,76
103,20
90,59
5,50
44,19
118,14
66,32
138,88
12,36
163,80
96,12
99,9
82,51
136,29
14,34
142,23
65,26
103,13
140,25
144,92
44,10
9,56
59,24
106,21
141,71
146,18
63,28
28,18
21,61
100,23
140,16
130,26
118,24
138,74
47,20
91,38
119,59
87,18
74,37
167,90
107,55
145,92
169,86
5,45
79,42
9,42
83,47
17,26
102,72
84,22
70,33
126,66
104,49
181,83
75,7
125,11
54,9
83,52
69,9
163,76
56,18
111,57
102,67
82,23
129,78
100,12
104,71
24,66
42,20
45,9
173,84
84,36
106,9
142,75
35,15
95,41
139,93
130,79
48,17
29,17
125,29
19,39
170,89
101,20
108,74
6,41
84,35
70,10
95,22
36,29
75,42
26,23
48,8
19,44
24,33
128,15
113,10
32,16
92,58
96,61
140,91
71,38
130,65
105,50
51,10
170,75
138,16
77,29
23,33
120,75
84,49
160,92
99,65
11,61
104,20
164,88
97,43
61,5
154,82
51,19
126,25
128,29
20,27
116,23
160,83
92,8
14,29
93,39
122,28
179,79
24,54
159,93
109,56
28,34
67,9
161,92
117,57
85,32
33,26
125,73
16,62
80,27
61,23
155,94
179,84
24,61
119,75
138,13
49,11
101,49
159,90
126,11
31,28
129,12
21,22
132,15
7,39
11,32
104,9
33,19
125,66
71,10
97,62
108,13
20,65
98,23
13,30
52,15
168,89
64,26
43,14
117,11
171,85
46,9
85,50
68,30
58,20
118,58
137,86
12,56
17,67
143,72
128,74
62,24
27,22
74,7
23,66
40,26
172,84
90,54
93,11
133,26
105,24
17,68
73,39
111,22
178,81
141,91
38,24
132,85
136,16
139,13
106,72
107,74
114,56
149,92
135,89
29,33
174,76
16,26
80,7
73,40
81,24
109,21
77,44
131,66
25,62
127,12
110,76
174,87
103,23
5,49
133,12
137,73
66,33
138,89
12,37
146,24
14,35
40,15
103,12
93,22
115,57
98,67
122,77
163,88
152,92
153,82
81,10
120,27
101,71
13,59
35,18
146,19
38,13
132,66
116,79
99,49
21,60
78,7
135,68
140,17
41,25
22,21
86,54
69,6
56,5
94,22
153,91
95,61
136,12
82,34
107,54
112,10
22,44
5,44
169,85
9,41
83,46
88,35
17,25
153,92
45,22
102,73
126,67
82,29
121,14
181,82
29,30
19,24
41,11
22,39
91,55
87,35
39,13
137,29
103,48
145,77
143,19
148,78
41,12
66,28
42,21
23,21
116,60
10,58
87,56
142,72
35,14
18,42
126,77
99,45
121,24
182,82
130,76
105,71
125,28
108,52
19,38
115,26
169,72
30,17
88,56
108,75
160,79
60,21
135,16
85,11
80,48
105,72
108,51
54,19
19,47
112,54
148,92
109,76
20,22
18,28
96,62
139,74
71,33
26,31
122,11
105,49
170,72
79,22
134,82
55,9
77,28
42,14
31,32
160,93
99,64
11,60
104,21
33,15
79,31
20,36
113,59
121,75
114,26
95,12
132,26
68,34
140,74
110,22
130,80
73,10
24,55
23,54
43,19
16,63
110,25
93,63
164,79
80,28
61,22
103,74
76,40
24,62
134,71
123,15
55,20
77,7
25,33
139,25
31,31
146,77
90,37
147,22
76,39
177,86
13,29
20,49
168,90
92,22
85,49
68,31
80,10
133,16
118,59
83,7
12,57
15,28
98,47
81,45
20,56
99,20
127,25
129,29
172,85
68,6
90,55
162,78
94,59
178,78
87,8
168,72
106,73
107,77
16,27
110,53
130,15
44,22
86,34
120,14
38,16
131,69
28,30
142,18
127,15
172,75
174,84
140,28
5,48
44,13
137,72
138,70
105,9
12,38
86,37
91,42
59,5
134,26
109,13
82,49
28,21
175,87
115,56
98,64
83,35
47,9
122,74
163,91
94,44
153,81
134,29
120,28
101,70
13,58
166,87
132,67
99,48
102,47
21,59
135,71
90,11
41,24
22,42
79,47
123,65
86,55
162,82
91,56
111,53
123,62
35,26
166,78
95,60
117,79
156,80
157,94
182,78
21,68
144,76
90,18
22,45
5,43
88,36
151,77
101,72
74,42
96,19
167,77
60,9
129,75
39,23
78,22
29,29
143,21
19,27
147,78
170,85
56,20
119,11
84,31
67,33
87,34
96,42
167,74
135,29
176,82
157,80
14,60
39,12
103,51
143,18
54,6
148,79
141,24
94,8
131,30
116,61
6,52
10,59
18,43
92,38
127,64
99,44
135,26
176,73
72,10
129,69
143,27
147,92
88,57
141,17
113,23
120,63
10,34
173,75
32,27
127,73
92,61
57,5
60,22
82,7
140,94
107,21
144,25
154,78
51,7
54,16
19,46
112,55
134,88
109,75
20,23
131,12
84,52
89,39
142,91
161,79
18,29
107,10
144,16
75,37
12,31
133,67
91,18
77,27
42,15
116,10
136,72
67,29
89,40
57,23
124,73
93,44
80,47
79,30
118,79
138,25
20,37
113,58
121,74
161,89
117,62
85,37
68,35
140,75
72,38
130,81
154,91
155,91
179,81
108,25
125,63
24,56
119,76
49,16
23,49
31,17
89,58
161,82
8,48
7,40
100,65
121,60
93,62
103,69
86,7
37,28
20,68
134,68
123,14
25,32
146,74
149,79
43,11
8,55
11,34
165,79
80,20
62,23
27,19
177,85
106,53
52,9
20,50
131,81
102,9
105,21
37,14
98,44
81,44
123,28
177,78
20,57
99,23
78,41
8,37
46,22
174,75
137,93
69,32
128,67
24,20
178,79
87,11
168,73
89,22
117,27
8,44
135,91
103,24
130,12
44,23
9,51
137,70
34,29
111,25
152,80
38,17
96,8
166,90
102,50
124,11
65,6
175,73
22,25
44,14
9,52
122,64
81,23
141,75
146,22
131,77
82,46
28,22
50,7
14,33
65,31
175,86
144,95
130,30
41,22
83,34
47,8
162,88
98,48
119,63
13,57
87,22
146,17
63,25
156,90
124,25
107,51
53,19
181,78
75,10
21,58
90,8
22,43
79,46
138,73
47,17
91,59
35,29
166,79
167,87
116,80
25,23
63,6
121,11
157,93
182,79
125,15
144,77
143,15
22,34
15,65
151,76
134,12
10,54
70,36
104,52
129,74
39,22
78,23
137,26
145,74
143,20
115,14
56,21
111,58
45,13
173,88
13,36
106,13
96,43
95,45
176,83
85,7
18,64
114,76
97,12
78,30
104,74
29,21
112,58
115,23
133,87
27,35
108,78
6,53
136,84
18,40
92,39
127,67
95,42
139,94
36,17
182,80
129,68
22,68
48,20
143,26
19,40
147,95
133,80
113,22
136,91
10,35
119,24
32,28
87,51
92,62
95,19
144,26
36,24
130,69
154,79
137,13
48,11
122,14
51,6
19,49
24,36
134,89
158,83
96,65
131,15
23,37
151,80
84,53
32,19
161,78
85,18
107,13
110,10
97,23
61,9
51,15
15,61
134,80
88,8
158,90
77,26
116,11
23,34
120,78
121,64
67,28
57,22
7,53
124,74
36,14
164,91
93,43
110,13
80,32
179,75
98,9
118,76
101,12
158,93
20,38
92,11
117,61
11,55
85,36
124,65
125,77
72,39
144,15
61,27
179,80
125,62
19,68
24,57
119,79
88,22
109,53
23,48
31,16
89,57
8,49
100,66
65,32
171,88
33,31
115,80
155,83
145,25
37,27
81,49
49,8
20,52
64,6
102,23
114,10
43,10
8,56
85,54
33,16
80,21
143,76
111,13
27,18
106,50
52,10
20,51
64,29
