253,146
207,138
105,20
69,38
73,35
218,150
204,101
259,31
151,21
101,32
109,32
227,45
178,36
235,29
53,62
272,33
129,19
78,46
221,115
244,148
27,115
73,36
111,19
277,178
246,148
232,152
259,149
136,19
199,40
57,60
348,152
238,125
36,80
61,56
27,72
131,54
282,182
119,40
123,45
37,128
23,109
232,46
309,182
38,97
348,151
266,142
235,152
37,87
93,26
317,167
111,33
42,53
153,78
156,45
160,40
40,99
77,34
135,59
313,180
211,107
140,21
37,80
250,133
215,111
134,19
177,105
40,106
39,99
46,51
299,184
83,42
173,101
229,152
168,38
223,117
156,82
248,131
175,103
213,144
184,85
204,40
226,29
319,178
88,38
216,27
237,48
318,179
70,37
202,101
166,71
149,21
99,32
227,119
121,19
107,32
278,33
90,27
253,50
237,152
198,97
258,138
286,153
75,48
242,150
315,180
46,68
286,40
297,159
190,25
101,23
252,133
269,33
180,23
270,145
41,130
49,66
323,178
329,159
205,138
43,51
206,40
281,151
303,184
107,30
258,52
246,50
345,168
194,95
24,77
227,29
304,184
199,99
208,105
71,37
133,55
224,152
42,115
259,52
138,21
126,19
25,74
50,66
38,94
348,168
242,48
191,121
262,139
358,159
17,98
271,166
219,42
42,122
252,146
203,133
264,31
156,21
255,52
348,167
154,47
29,71
164,68
240,29
21,104
169,23
80,33
137,62
17,91
222,44
249,146
52,62
163,21
116,19
213,109
235,48
171,98
154,54
164,67
165,91
97,32
246,30
48,49
17,92
276,33
300,161
337,172
65,39
154,49
196,97
327,163
155,82
356,164
158,61
73,48
221,152
281,35
247,50
264,52
267,33
235,46
272,52
167,23
207,140
154,56
201,99
41,55
356,163
175,36
180,81
19,85
183,36
113,35
183,85
209,141
329,174
206,25
69,37
204,102
187,38
195,38
31,121
113,36
227,44
249,31
288,184
182,110
219,151
240,48
115,38
243,29
27,114
20,83
277,177
259,148
348,153
154,21
272,168
36,81
226,118
271,145
19,104
123,44
307,165
235,125
23,108
89,29
252,50
208,40
263,153
266,143
93,25
83,31
214,109
35,128
111,32
156,46
160,41
40,100
185,23
77,33
171,36
82,44
135,58
249,50
139,63
127,49
199,25
221,44
334,174
207,105
66,52
91,36
254,31
256,31
20,104
280,149
62,56
177,104
106,30
141,66
199,129
40,107
259,139
232,29
290,184
311,167
269,164
273,33
339,151
322,165
173,100
156,60
67,52
181,36
284,152
331,159
167,38
248,132
175,102
287,183
184,86
227,152
268,160
201,131
273,171
183,23
293,184
151,78
156,59
31,67
87,38
142,66
326,176
23,112
211,144
157,84
284,151
46,66
286,38
270,143
201,132
273,172
188,89
301,161
258,139
167,71
228,119
230,152
21,83
261,31
248,146
176,36
286,41
226,44
101,22
339,170
141,21
252,134
113,19
205,137
117,39
283,182
232,121
306,182
308,182
236,125
324,165
84,40
35,59
208,106
186,36
169,36
133,54
280,33
172,23
215,147
240,127
195,95
234,46
25,73
119,19
212,108
38,95
258,148
191,120
221,27
242,128
17,97
42,123
279,33
328,174
183,112
203,132
187,117
212,107
354,155
29,70
68,39
306,163
110,19
164,69
133,56
137,61
287,153
17,90
52,63
191,25
154,55
176,104
165,90
331,174
246,31
162,38
275,176
321,178
161,87
172,100
90,38
327,162
147,21
108,19
296,157
30,120
40,130
210,27
102,21
92,27
150,74
354,164
154,57
219,152
41,54
204,25
61,43
133,19
86,29
180,82
19,84
76,35
248,50
284,48
34,126
113,34
168,94
209,140
181,110
157,21
158,44
268,143
256,52
241,29
41,72
42,70
204,103
81,33
229,121
302,161
230,121
31,120
197,128
344,151
40,112
222,152
192,91
313,167
78,44
196,95
219,150
27,117
38,130
277,176
49,49
166,38
77,46
277,33
89,27
206,104
103,21
175,77
36,82
226,119
86,38
51,64
42,72
119,42
87,29
23,111
135,60
193,93
33,65
89,28
186,116
210,142
263,152
297,184
190,120
266,31
342,151
245,131
160,42
146,21
256,136
40,101
139,62
213,27
127,48
54,62
66,53
52,64
280,150
141,65
199,128
40,108
96,25
247,148
214,146
269,163
58,60
177,23
195,125
269,52
156,61
38,57
132,54
82,31
282,48
284,153
124,19
248,133
285,182
51,47
287,182
184,87
310,166
226,27
201,130
273,170
31,66
160,63
270,52
202,99
39,130
166,69
278,180
157,83
50,47
46,67
286,39
179,107
291,184
115,19
314,180
209,42
324,176
219,113
183,111
256,148
157,44
196,25
218,42
275,33
21,82
242,148
189,38
248,147
286,46
197,38
238,152
101,21
251,31
252,135
59,58
326,163
40,72
330,174
205,136
43,53
117,38
174,23
176,77
232,122
306,183
238,48
320,178
233,29
274,146
42,118
152,21
194,93
328,161
84,41
251,133
351,166
208,107
267,159
280,34
215,146
170,74
299,159
138,19
56,45
166,22
212,109
50,64
38,92
117,40
85,31
275,52
39,55
242,129
80,44
17,96
162,21
219,44
112,34
241,127
42,120
316,180
321,167
159,85
328,175
187,116
129,51
38,87
352,164
29,69
255,135
258,31
22,108
280,48
137,60
17,89
284,36
128,19
265,158
129,52
38,78
185,87
171,100
154,52
179,36
211,42
162,39
76,46
284,35
23,77
260,52
161,86
325,165
217,113
190,90
296,158
134,56
202,40
347,151
146,70
337,155
218,27
41,53
222,116
61,42
244,129
158,42
180,83
19,87
244,48
280,180
335,155
138,62
224,44
223,44
263,31
139,21
285,46
290,155
181,109
186,88
171,75
42,71
81,32
209,107
31,123
178,80
40,113
349,153
188,25
227,46
192,92
185,115
78,45
36,84
225,117
27,116
338,172
155,59
19,101
184,36
205,103
45,51
49,48
159,63
234,124
259,150
45,68
284,182
286,182
185,116
242,127
206,105
200,130
54,45
36,83
26,73
358,162
86,39
162,66
120,19
123,46
223,27
23,110
33,64
266,141
58,43
294,184
163,89
111,34
205,25
305,184
163,38
256,137
40,102
167,93
277,50
188,38
82,42
196,38
114,36
334,172
100,23
179,23
225,152
338,153
116,38
280,151
141,64
159,42
40,109
102,32
303,161
200,40
269,162
147,71
118,19
339,153
195,124
55,45
245,148
230,29
256,135
233,152
181,83
239,150
21,79
216,111
310,167
169,95
250,146
34,61
273,169
353,155
305,163
357,159
157,82
172,36
179,106
238,150
209,41
155,21
341,151
324,177
183,110
64,41
92,36
168,23
258,137
352,153
28,118
161,40
21,81
242,149
333,159
248,148
356,157
169,73
262,52
173,77
40,73
205,135
43,52
228,120
176,78
232,123
68,52
33,126
107,19
231,29
182,84
97,25
215,148
274,147
42,119
316,167
209,27
47,49
344,168
91,27
300,184
84,42
35,61
38,90
203,25
121,43
157,61
267,158
75,35
39,57
280,35
44,68
285,153
125,47
42,126
170,75
249,133
166,23
205,40
50,65
323,165
40,55
38,93
191,122
121,44
85,30
139,64
144,21
21,108
334,157
100,32
108,32
42,121
321,166
284,46
159,84
215,27
203,134
192,122
251,146
129,50
352,165
29,68
196,126
292,156
280,49
197,25
271,168
76,48
275,173
248,31
284,37
56,60
276,148
188,118
265,157
267,52
38,79
42,130
60,56
154,53
140,64
292,155
207,40
118,40
246,29
36,128
76,47
170,36
346,168
276,147
153,21
325,164
53,47
329,161
39,76
186,87
90,36
26,114
336,172
190,91
143,67
296,159
98,23
335,157
57,45
149,74
337,154
222,117
294,157
333,174
61,41
244,130
158,43
19,86
184,23
276,50
243,129
279,180
181,108
186,89
350,166
65,54
264,141
253,31
289,155
123,19
31,122
178,81
35,127
40,114
168,71
192,93
212,144
32,65
238,126
185,114
203,40
225,27
206,103
103,30
236,48
36,85
158,21
270,164
19,100
131,53
98,32
152,78
234,125
330,159
236,152
38,98
33,63
216,148
182,23
169,98
226,117
162,67
37,59
94,36
295,157
243,148
195,25
160,21
346,151
74,48
265,52
263,154
273,52
189,120
163,88
302,184
70,52
270,33
40,103
167,92
260,31
261,151
82,43
245,50
281,182
18,89
127,50
334,173
236,29
54,60
112,19
170,98
79,44
207,27
194,124
159,21
199,130
40,110
189,25
137,19
269,161
289,184
202,132
147,70
58,58
274,172
339,152
347,168
94,25
241,48
171,23
193,38
238,29
216,112
169,94
273,168
25,114
151,75
62,41
198,98
220,27
311,182
22,79
175,104
286,37
238,151
209,40
319,167
322,178
324,178
128,50
202,25
67,39
96,32
352,154
261,139
21,80
333,158
283,35
356,158
250,50
286,44
180,108
145,70
310,182
229,46
40,74
205,134
63,56
228,121
29,120
176,79
33,125
72,48
182,85
312,180
186,24
97,24
239,29
42,116
344,169
220,113
64,56
217,27
35,60
38,91
121,42
233,123
271,52
255,147
39,56
44,69
125,46
271,165
42,127
158,84
228,152
161,65
332,174
60,43
132,19
104,21
85,29
327,176
21,107
165,38
187,25
321,165
284,47
341,170
187,118
298,159
64,54
265,155
288,153
181,23
352,166
65,41
29,67
267,143
72,37
217,150
292,157
280,50
17,95
275,172
177,36
276,149
265,156
102,30
304,161
38,76
60,57
154,50
228,29
283,151
155,81
158,62
222,27
251,50
23,79
325,163
53,46
200,25
329,160
57,43
85,40
90,37
110,32
222,115
143,66
276,52
335,156
220,44
57,44
149,73
78,33
206,26
337,153
265,31
244,131
145,21
19,89
276,51
187,37
170,23
212,27
177,79
31,124
218,113
164,21
117,19
266,158
130,52
115,37
336,155
194,25
180,36
277,180
35,126
40,115
168,72
285,37
238,127
185,113
172,76
48,66
176,23
174,77
267,160
36,86
292,184
27,118
338,170
66,39
19,103
94,34
131,52
81,31
192,38
37,130
276,176
18,100
199,39
38,99
172,75
33,62
169,97
358,160
214,110
37,58
257,137
210,107
49,47
70,50
166,92
135,57
247,131
142,21
189,119
342,170
220,152
106,19
40,104
261,150
245,49
281,181
228,46
174,102
250,31
54,61
204,134
244,29
254,146
74,35
40,111
257,52
168,36
260,150
213,146
269,160
272,145
58,59
130,19
317,180
195,126
151,77
120,42
261,152
211,143
191,91
213,42
124,46
308,165
214,27
216,113
143,21
310,165
25,113
151,74
192,25
318,180
84,31
282,151
231,152
198,99
95,34
32,124
161,21
164,38
312,167
186,23
320,167
340,170
286,42
179,108
287,184
41,115
335,172
239,127
298,184
254,135
255,31
257,31
96,33
352,155
71,50
271,33
182,83
333,157
356,159
286,45
145,69
275,147
237,29
160,64
343,170
40,75
135,19
29,119
33,124
72,49
312,181
186,25
47,66
274,145
42,117
47,51
266,32
344,170
220,114
224,117
38,88
95,25
355,164
255,146
44,70
283,48
271,164
42,124
170,73
166,21
25,77
279,149
354,156
63,41
174,36
306,164
164,90
182,36
21,106
154,80
262,140
122,19
262,31
159,86
64,55
210,42
263,52
265,154
288,154
325,176
255,51
65,40
217,149
179,81
17,94
275,175
193,123
102,31
304,162
38,77
42,128
60,58
154,51
264,154
197,127
327,161
44,51
155,80
158,63
143,68
239,48
173,23
23,78
193,124
53,45
154,58
241,150
189,89
190,89
122,44
19,83
126,48
265,141
127,19
149,72
206,27
207,139
197,97
155,46
105,21
69,39
198,128
19,88
223,152
187,36
81,44
99,23
234,152
309,165
231,46
268,52
115,36
105,30
86,40
73,37
293,157
277,179
281,48
247,31
178,79
168,73
185,112
172,77
36,87
27,73
338,171
229,29
219,27
19,102
94,35
148,21
119,41
212,42
234,123
109,19
37,129
278,149
191,38
199,38
38,96
261,52
33,61
201,25
291,155
93,27
169,96
358,161
214,111
162,65
37,57
153,79
156,44
70,51
217,42
77,35
135,56
282,35
350,153
340,151
268,33
79,33
189,118
27,71
66,54
162,88
163,90
153,80
301,184
30,67
177,106
40,105
167,94
242,29
332,159
245,48
281,180
355,157
225,44
263,141
165,21
314,167
163,67
24,112
187,89
173,102
307,182
168,37
208,140
315,167
208,27
213,145
147,72
226,28
59,43
131,19
151,76
318,178
31,65
178,106
202,100
185,36
166,70
211,142
233,46
144,68
266,52
254,50
328,176
274,52
257,148
25,112
343,151
136,60
231,121
286,43
148,72
270,144
55,60
295,184
96,34
107,31
306,184
278,50
262,152
214,42
145,68
296,184
194,94
226,152
318,167
178,23
160,65
40,76
203,101
245,29
29,118
72,50
255,148
312,182
43,70
260,139
194,38
125,19
201,40
184,112
138,20
47,50
266,33
52,47
273,145
274,33
220,115
349,166
25,75
206,138
89,38
240,150
38,89
28,71
97,23
243,48
211,27
17,99
271,167
219,43
237,125
42,125
25,76
353,164
38,80
348,166
354,157
154,46
193,25
306,165
21,105
262,141
17,100
277,149
173,36
230,46
160,86
161,88
252,31
288,155
253,135
255,50
171,99
104,30
217,148
93,36
165,92
150,21
175,23
17,93
162,40
275,174
234,29
224,27
300,160
193,122
304,163
114,19
42,129
351,153
154,48
357,162
196,96
197,126
200,99
165,69
69,52
279,50
190,38
246,131
88,29
215,42
198,38
300,159
235,47
154,59
269,143
36,59
356,162
105,19
216,42
125,48
345,151
198,25
209,142
