47,332
143,183
21,28
46,12
104,115
102,340
142,174
97,52
155,363
101,405
108,150
151,394
143,188
145,226
109,358
150,395
65,11
135,93
63,117
16,38
74,299
61,63
81,350
12,50
155,352
50,387
108,141
102,56
141,169
145,219
56,330
26,219
100,102
65,12
135,90
63,114
12,90
105,117
74,338
111,358
106,156
155,377
102,160
108,132
53,330
72,296
141,162
145,220
135,83
63,123
12,81
89,399
87,353
57,182
60,280
30,206
76,69
81,22
63,130
155,382
66,175
46,259
108,131
145,399
42,196
62,131
137,405
145,213
63,96
104,111
50,330
53,186
55,273
115,58
60,279
61,74
137,119
106,347
107,347
91,37
155,375
83,351
92,92
95,49
46,192
46,373
14,41
145,206
63,105
86,399
147,399
61,67
64,286
137,120
84,164
95,356
61,180
14,129
52,391
73,337
92,91
97,331
81,401
54,10
55,184
61,92
137,97
84,163
68,293
69,12
147,261
78,303
10,55
14,136
26,151
82,24
62,180
133,407
151,301
153,323
84,315
61,85
137,106
138,120
16,143
128,62
41,153
45,12
10,62
155,346
42,367
98,333
139,405
147,232
39,14
151,298
153,324
28,234
29,20
12,108
50,187
47,190
82,309
19,147
38,358
120,58
10,57
48,380
106,117
56,396
26,153
79,346
51,147
147,241
153,333
28,225
12,107
30,20
86,81
18,145
105,358
106,124
70,14
18,32
42,337
26,224
48,189
147,246
151,312
153,342
12,98
40,363
63,283
143,403
58,275
104,343
141,153
107,127
72,171
93,160
147,255
112,358
96,160
151,305
104,160
35,200
40,338
149,267
79,19
10,67
87,83
55,10
38,198
85,26
32,154
90,87
143,195
36,15
93,42
149,276
43,369
133,74
10,74
37,249
38,249
59,401
77,18
59,68
84,399
14,118
77,344
11,54
139,125
143,200
57,143
73,15
149,285
139,148
42,255
14,121
153,385
90,89
92,325
78,69
149,294
61,132
139,141
129,407
131,407
39,251
46,332
36,354
46,10
67,332
102,338
97,50
98,160
110,349
80,165
139,130
108,152
90,322
80,308
84,81
143,182
26,214
102,341
104,116
28,210
12,52
155,362
106,58
108,151
70,401
143,191
145,225
65,10
135,92
63,116
12,92
86,352
16,39
81,349
122,60
12,51
108,127
38,342
155,355
50,384
108,142
131,65
88,354
141,168
145,218
22,149
26,216
100,103
135,85
63,125
47,151
12,91
155,385
106,157
35,155
155,376
70,62
108,133
72,297
41,196
61,281
50,10
141,161
145,211
112,351
40,12
135,82
63,122
12,82
87,352
60,281
78,168
79,401
66,61
30,207
81,21
155,369
72,336
38,14
46,190
145,212
63,99
50,331
61,73
137,118
47,10
106,344
91,36
60,135
84,80
155,374
83,350
86,162
92,93
95,48
95,399
99,53
14,46
145,205
127,62
62,282
63,104
147,398
61,66
64,287
17,36
14,134
73,336
62,178
78,18
80,72
34,204
61,91
137,96
54,186
147,260
79,166
67,61
14,137
41,365
151,300
153,322
133,406
61,84
137,105
57,399
155,349
10,63
84,26
66,176
92,42
95,47
79,348
139,404
70,172
91,354
147,235
153,331
28,235
12,109
98,99
30,18
70,334
38,359
48,381
56,397
63,63
52,268
74,170
147,240
153,332
28,226
12,100
56,182
106,125
89,35
141,159
18,33
74,66
57,10
26,225
48,190
87,162
52,267
92,354
147,249
112,352
151,315
153,341
12,99
52,186
55,330
111,409
40,364
133,71
143,402
36,248
101,105
102,105
69,293
89,36
141,152
142,403
72,172
96,50
143,197
147,254
76,168
151,304
40,339
149,266
79,18
10,64
21,149
96,399
95,329
105,343
148,264
32,155
143,194
56,273
77,303
149,275
133,73
118,409
10,75
109,58
20,32
39,196
77,17
41,253
64,10
14,119
77,343
101,337
139,124
146,230
57,142
50,266
125,60
73,14
149,284
134,405
89,321
60,70
149,397
67,12
31,18
14,126
62,330
92,326
45,259
34,244
38,153
149,293
61,131
139,140
46,333
36,355
43,12
46,11
102,339
88,317
28,212
30,208
80,166
139,133
108,153
71,295
90,323
80,309
143,177
26,215
104,117
45,373
28,211
12,53
155,365
108,144
48,261
141,174
143,190
145,224
114,58
26,222
63,119
12,93
74,297
81,348
103,109
58,139
38,343
155,354
50,385
108,143
131,64
100,401
119,407
141,167
145,217
109,349
26,217
135,84
63,124
155,384
12,84
78,166
83,25
106,343
91,41
39,340
155,379
124,407
70,63
108,134
126,407
141,160
145,210
40,13
64,403
135,77
63,101
12,83
32,204
22,28
61,79
88,83
98,52
81,20
155,368
105,158
35,16
42,194
46,191
49,188
104,407
145,203
63,98
50,149
61,72
137,117
88,399
106,345
91,39
42,368
99,52
145,204
71,401
62,283
63,107
84,311
33,204
91,399
110,409
57,275
61,65
66,12
56,10
40,196
63,178
14,135
107,156
62,179
80,73
103,57
61,90
137,103
147,263
58,182
87,33
52,392
91,162
47,377
73,297
151,303
153,321
83,77
133,405
30,153
53,147
59,180
61,83
137,104
155,348
10,60
76,301
95,46
42,365
98,331
103,357
129,64
147,234
80,71
25,151
153,330
28,228
12,110
32,239
108,58
64,176
30,19
53,269
148,397
38,356
48,382
56,398
36,346
63,62
51,149
52,269
72,14
147,243
26,22
151,317
153,339
28,227
29,235
12,101
15,40
56,183
18,143
58,278
80,348
136,94
106,122
89,34
141,158
74,67
108,409
147,248
130,64
112,353
151,314
153,340
40,365
79,20
133,70
10,70
69,403
36,249
64,61
141,151
23,151
143,196
26,24
151,307
135,405
40,340
149,265
64,330
10,65
120,407
38,196
90,162
53,393
79,307
67,174
56,274
84,352
149,274
133,72
10,72
139,145
103,160
54,145
77,16
59,70
14,116
77,342
117,58
139,127
57,141
50,267
144,401
149,283
149,396
42,253
84,77
14,127
55,395
153,391
83,399
92,327
54,394
85,352
30,238
34,245
149,292
44,369
139,143
96,96
48,264
88,318
28,213
104,158
30,209
40,251
38,346
139,132
108,154
49,151
108,348
143,176
128,407
37,355
59,279
12,54
155,364
108,145
37,155
151,391
119,409
48,262
140,148
103,341
141,173
108,347
143,185
26,223
135,94
63,118
12,94
38,340
59,10
24,24
155,357
108,136
100,402
141,166
145,216
135,87
63,127
12,85
73,65
22,26
78,167
83,24
91,40
155,378
108,135
91,89
39,153
145,209
75,16
40,14
100,104
135,76
63,100
32,205
87,354
61,78
137,115
88,84
34,16
94,46
155,371
42,195
145,202
81,309
63,109
75,339
61,71
137,116
31,206
91,38
83,352
123,60
51,267
93,327
95,50
42,369
46,376
14,44
42,256
63,106
45,192
61,64
100,336
88,34
147,257
13,46
14,132
78,346
102,406
88,320
80,74
63,403
103,56
34,202
61,89
62,402
137,102
16,139
36,198
54,184
147,262
78,306
87,32
52,393
151,302
153,320
12,112
53,146
61,82
137,111
23,26
155,351
10,61
36,348
76,302
103,356
106,408
147,237
151,295
153,329
28,229
12,111
64,177
89,354
38,357
39,361
116,58
48,383
18,36
56,399
36,347
51,148
74,168
147,242
26,23
151,316
153,338
99,160
12,102
73,16
56,184
71,335
58,279
32,16
106,123
141,157
68,172
147,251
112,354
151,309
51,10
107,409
149,271
116,409
133,69
10,71
69,402
90,354
20,28
141,150
85,30
143,199
92,160
93,46
112,409
151,306
70,294
71,172
149,264
10,78
31,153
38,197
54,270
139,121
56,275
57,139
140,403
94,94
149,273
99,401
10,73
139,144
66,288
14,117
77,341
139,126
57,140
101,160
57,330
149,282
139,137
149,395
98,399
46,151
84,78
14,124
44,153
153,390
90,36
54,395
59,137
81,164
30,239
34,242
109,409
149,291
44,370
139,142
108,156
96,97
44,257
82,76
48,265
108,358
65,61
102,337
104,112
88,319
94,160
114,409
118,58
28,214
104,159
40,252
58,330
27,22
139,135
108,155
90,321
151,393
49,150
108,349
143,179
72,64
74,300
59,135
137,95
155,367
15,139
126,60
108,146
37,154
93,354
100,404
119,408
48,263
141,172
143,184
145,230
26,220
135,89
63,113
12,95
68,12
29,210
12,46
38,341
24,25
81,24
62,10
155,356
108,137
145,401
131,66
100,403
66,287
141,165
145,223
135,86
63,126
12,86
22,27
44,12
63,129
155,381
87,31
70,61
108,128
94,354
28,20
145,208
100,105
135,79
63,103
32,206
56,143
61,77
137,114
88,85
107,358
155,370
132,66
46,374
123,407
14,42
145,201
63,108
75,338
61,70
64,283
62,63
119,58
14,130
52,388
99,54
46,377
14,45
42,257
62,281
28,153
100,337
147,256
14,133
52,387
102,407
106,407
88,321
80,75
84,312
34,203
61,88
62,94
62,403
137,101
68,289
16,140
90,399
54,185
36,199
58,180
38,360
78,307
83,164
69,334
41,338
98,334
63,10
147,231
151,297
153,327
138,405
12,113
50,188
72,401
53,145
93,399
41,12
61,81
99,335
82,310
137,110
38,355
155,350
10,58
48,377
104,358
106,118
36,349
76,303
44,192
45,153
106,409
147,236
151,294
153,328
28,230
12,104
64,178
86,82
87,399
18,146
36,245
94,328
42,338
86,316
74,169
147,245
153,337
12,103
71,334
58,276
32,17
106,120
141,156
68,173
74,65
97,160
147,250
112,355
151,308
153,346
149,270
133,68
10,68
85,315
69,401
20,29
115,409
60,180
102,108
141,149
17,143
76,340
85,29
143,198
92,161
93,45
105,58
70,295
74,401
55,145
75,168
149,279
10,79
38,250
59,67
14,115
54,271
75,67
139,120
91,323
33,241
35,245
94,95
149,272
134,76
101,55
139,147
81,75
66,289
14,122
58,400
77,340
98,356
78,70
50,265
149,281
61,135
44,372
49,10
139,136
122,407
84,79
14,125
153,389
83,401
67,331
58,10
59,136
96,329
30,236
34,243
110,350
149,290
44,371
139,129
96,98
117,409
82,77
44,258
143,181
54,272
104,113
34,155
153,319
31,239
76,401
113,409
77,168
40,253
38,344
155,361
139,134
108,148
151,392
49,149
143,178
99,101
85,399
16,36
72,65
74,301
111,351
137,94
12,48
155,366
108,147
37,153
100,405
83,311
141,171
143,187
145,229
22,150
26,221
135,88
63,112
12,88
12,47
106,158
146,399
24,26
155,359
108,138
145,400
54,330
98,400
141,164
144,200
145,222
130,407
132,407
135,81
63,121
11,79
12,87
83,26
91,42
63,128
155,380
87,30
108,129
28,21
145,215
95,95
135,78
63,102
104,109
50,332
101,356
61,76
137,113
88,86
75,301
44,334
155,373
46,260
24,151
150,294
46,375
14,43
145,200
127,61
136,405
63,111
49,383
147,397
64,284
77,69
14,131
52,389
92,89
51,186
59,330
61,94
137,99
69,14
147,259
95,355
63,330
48,332
14,138
80,401
61,401
66,403
84,313
103,58
68,403
34,200
61,87
137,100
68,290
16,141
147,264
58,181
38,361
78,304
154,346
69,333
87,34
98,335
104,58
139,403
147,230
60,330
151,296
153,326
28,232
12,114
19,32
98,100
61,80
82,311
137,109
10,59
48,378
106,119
36,350
44,193
45,152
103,358
124,60
36,16
147,239
153,335
28,231
12,105
100,335
86,83
18,147
36,246
71,336
43,153
65,287
106,126
18,34
94,329
86,317
147,244
151,318
153,336
48,10
12,96
40,361
43,257
29,153
143,401
58,277
152,391
102,106
85,162
32,18
106,121
141,155
68,174
104,341
37,346
68,61
147,253
112,356
61,10
151,311
153,345
82,401
32,240
149,269
133,67
10,69
20,30
102,109
141,148
129,63
58,399
85,28
72,63
143,193
92,162
93,44
55,144
93,93
149,278
133,76
100,356
10,76
73,401
113,58
38,251
20,148
77,346
42,153
97,356
121,59
139,123
87,317
36,155
149,287
101,54
65,330
139,146
65,176
14,123
20,147
58,401
153,387
63,95
121,60
78,71
52,147
149,280
61,134
44,373
139,139
46,334
51,330
143,175
36,352
153,388
83,400
67,330
73,170
54,393
59,139
96,330
80,20
30,237
86,30
110,351
149,289
101,56
139,128
96,99
44,259
143,180
54,273
104,114
153,318
33,155
106,358
110,358
37,14
38,345
155,360
108,149
75,401
94,399
151,395
52,330
143,189
145,227
16,37
74,298
12,49
51,387
141,403
43,336
155,353
50,386
108,140
85,81
141,170
143,186
145,228
22,151
60,401
26,218
100,101
135,91
63,115
67,289
12,89
110,58
82,350
82,164
155,358
108,139
72,295
98,401
141,163
145,221
135,80
63,120
49,332
12,80
76,68
81,23
44,336
63,131
155,383
66,174
108,130
28,22
107,58
53,10
145,214
27,214
63,97
104,110
12,79
61,75
137,112
88,87
106,346
76,67
44,335
155,372
46,261
77,401
14,40
145,207
127,60
63,110
75,340
96,356
64,285
68,332
14,128
52,390
73,338
92,90
50,383
97,99
61,93
137,98
84,162
45,334
68,292
69,13
147,258
95,354
10,54
14,139
60,10
25,24
43,194
48,151
102,405
125,407
71,63
127,407
84,314
102,356
34,201
61,86
62,401
137,107
65,403
67,403
68,291
89,162
16,142
111,58
78,305
155,347
69,332
42,366
98,332
47,261
147,233
151,299
153,325
28,233
12,115
105,407
50,186
112,58
55,143
76,16
98,101
137,108
36,200
37,198
10,56
48,379
88,162
56,395
36,351
94,327
26,152
44,194
45,151
63,61
49,265
79,347
86,315
147,238
153,334
100,54
12,106
18,144
92,399
36,247
106,127
18,35
42,336
61,330
48,188
66,330
147,247
95,160
151,313
153,343
12,97
40,362
97,399
102,107
104,342
141,154
72,170
103,407
89,87
147,252
112,357
151,310
27,153
153,344
32,241
149,268
133,66
99,356
10,66
20,31
42,12
129,62
152,318
27,225
85,27
32,153
143,192
36,14
93,43
70,293
149,277
133,75
10,77
96,95
59,69
54,269
20,149
77,345
121,58
139,122
94,93
149,286
40,153
42,254
154,385
14,120
153,386
63,94
90,88
71,14
92,324
30,235
61,133
100,160
139,138
74,16
60,67
13,115
143,174
36,353
78,401
33,16
16,40
69,172
92,323
59,138
97,51
96,331
79,71
30,210
69,61
34,241
149,288
80,164
139,131
52,10
80,307
82,75
121,407
