28,132
11,68
73,193
27,46
64,51
40,179
42,20
64,41
53,166
10,61
43,25
19,117
70,136
71,141
45,154
37,13
72,159
12,17
66,66
67,80
45,180
34,90
51,181
68,92
69,106
52,182
25,184
56,58
28,131
40,148
39,196
27,39
69,116
47,40
56,32
55,56
9,39
51,83
23,170
35,141
29,95
44,25
26,67
72,160
23,9
70,131
50,196
45,28
71,138
32,136
41,179
56,201
51,31
15,13
67,89
48,159
41,85
74,178
58,72
39,30
22,178
68,97
24,170
30,27
54,52
28,63
35,172
9,40
25,70
34,171
43,23
57,173
54,167
9,50
32,169
53,82
73,166
21,121
63,38
48,41
40,86
42,179
27,31
74,189
66,78
17,110
66,199
27,53
68,104
57,69
22,175
26,34
59,176
31,27
47,157
27,43
40,17
57,182
65,63
58,181
27,65
59,33
24,125
61,200
73,175
31,196
29,168
43,34
36,174
44,37
24,99
29,194
73,177
71,150
11,19
72,154
38,144
24,9
50,163
42,196
66,73
26,186
69,111
57,78
35,90
27,169
14,72
11,70
12,72
27,32
46,40
53,51
60,178
38,197
55,170
8,33
59,175
70,127
51,197
64,43
54,82
10,59
60,33
19,119
38,177
55,82
71,143
12,19
39,146
23,99
67,82
22,71
68,94
17,114
31,134
31,9
56,60
45,195
12,71
27,57
68,100
69,114
40,31
54,51
37,89
9,37
43,153
39,87
32,27
41,32
72,162
70,129
62,34
45,26
30,194
22,100
35,28
14,14
28,192
10,22
33,139
67,91
27,129
38,29
17,107
22,176
68,99
18,105
57,66
52,165
28,57
25,169
35,174
46,28
72,195
9,46
25,68
53,182
44,153
28,168
9,48
43,180
38,88
65,199
10,55
42,151
8,27
33,170
9,26
27,96
48,43
36,143
49,161
74,187
66,76
17,108
46,180
32,93
27,188
29,27
27,55
68,106
22,173
26,32
46,39
11,67
47,159
27,45
43,151
64,48
36,89
52,83
15,73
41,18
65,61
48,83
70,122
27,67
24,127
73,173
10,62
43,36
63,41
35,10
29,192
45,38
44,196
71,144
11,21
20,72
72,156
66,71
23,100
39,14
48,30
69,109
57,76
49,31
71,196
53,49
18,117
69,119
16,13
29,133
23,179
65,54
37,197
70,125
28,190
9,34
24,70
40,32
64,45
10,57
22,9
48,160
54,169
26,68
25,98
71,137
69,197
37,176
23,125
67,84
13,16
56,79
26,8
49,181
30,133
74,183
17,112
68,102
69,112
57,63
28,60
20,10
9,43
57,33
52,198
34,172
72,164
40,196
70,135
63,37
22,122
9,23
33,137
21,102
37,28
74,190
17,105
28,29
51,164
27,48
51,47
57,64
69,121
33,197
28,59
9,44
58,33
65,58
36,197
58,182
41,150
73,170
10,53
8,29
63,34
28,64
9,24
71,149
74,185
66,74
43,84
27,190
10,67
23,71
70,197
24,181
46,156
59,180
11,69
73,194
27,47
64,50
62,200
55,169
23,180
55,32
40,178
42,23
53,167
10,60
28,95
38,178
55,81
71,146
45,155
53,200
72,158
36,176
38,13
25,8
66,69
67,81
69,107
25,185
56,57
28,130
40,147
18,115
69,117
32,197
47,41
19,10
65,52
64,47
23,171
70,130
71,139
65,64
31,94
35,27
36,28
56,200
67,86
26,129
56,81
41,86
38,30
74,181
58,75
39,31
68,96
24,169
57,61
63,200
28,62
31,168
35,173
55,54
9,41
34,170
21,9
58,173
32,168
43,179
70,133
53,83
73,167
49,83
21,122
63,39
44,180
67,198
46,84
74,188
17,111
35,197
27,187
27,50
22,174
26,37
59,177
27,40
40,16
54,32
65,56
20,121
73,168
31,197
10,51
43,35
8,31
20,103
44,36
49,195
33,9
24,98
71,151
72,153
50,45
50,162
66,72
10,65
57,79
58,71
24,183
45,84
56,171
52,49
34,91
38,196
73,192
60,177
64,52
8,32
17,11
70,126
42,21
38,87
64,42
10,58
43,24
25,183
49,196
70,137
34,9
71,140
37,12
12,18
39,147
66,67
67,83
46,195
30,134
68,93
17,115
31,135
56,59
45,196
40,149
12,70
27,38
69,115
30,168
17,12
56,33
18,11
9,38
57,171
35,140
41,33
29,94
44,26
72,161
33,27
34,139
70,128
64,199
45,27
39,178
32,137
67,88
19,73
74,179
58,73
26,169
25,128
51,163
68,98
18,104
57,67
52,164
54,53
72,194
53,32
9,47
25,69
47,30
57,172
9,49
42,33
73,165
30,196
10,54
34,27
42,150
19,104
9,27
27,97
48,42
40,87
49,43
71,152
36,142
49,162
42,85
37,143
18,73
27,30
66,79
17,109
74,186
41,196
32,92
27,189
29,28
27,52
68,105
57,68
22,172
55,182
48,195
26,35
59,179
27,42
40,18
41,19
65,62
27,64
24,126
73,174
36,175
35,11
29,193
73,176
36,12
45,39
49,44
30,94
71,145
72,155
38,145
38,14
66,70
26,187
39,15
33,91
69,110
57,77
58,69
71,197
50,31
59,200
14,73
27,168
53,50
18,116
60,179
16,12
41,20
65,55
59,174
70,124
54,182
9,35
51,196
64,44
10,56
50,83
54,168
19,118
36,11
67,79
71,142
31,93
26,97
69,198
37,177
66,65
67,85
13,17
33,92
51,182
68,95
74,182
50,181
58,76
17,113
31,8
56,61
29,8
27,56
68,101
69,113
37,88
52,32
55,53
9,36
43,152
52,197
35,142
20,119
72,163
58,174
70,134
30,195
22,101
55,201
14,15
10,23
33,138
67,90
15,14
53,199
37,29
74,177
17,106
22,177
28,28
60,200
27,49
69,122
57,65
52,166
22,171
28,58
52,47
26,38
57,200
46,29
72,196
9,45
44,154
65,59
73,171
10,52
33,169
8,28
32,9
63,35
22,124
9,25
43,196
17,73
47,195
49,160
50,46
74,184
66,77
39,16
22,72
46,181
43,85
27,54
10,66
26,33
59,181
47,158
27,44
64,49
36,90
23,181
13,72
65,60
70,123
48,84
27,66
42,22
73,172
10,63
63,40
45,37
34,10
71,147
45,156
54,201
11,20
20,73
72,157
53,201
25,9
66,68
26,185
44,84
37,144
69,108
49,30
30,8
28,8
58,200
56,56
51,32
69,118
29,132
19,11
23,178
65,53
28,191
9,33
24,71
25,127
64,46
61,33
25,97
34,140
74,192
65,65
16,73
67,87
23,124
13,15
56,80
26,128
74,180
58,74
56,182
68,103
57,62
28,61
55,55
9,42
52,199
47,29
21,10
72,165
42,34
70,132
62,33
63,36
19,103
22,123
10,21
67,92
21,101
28,96
67,199
27,130
74,191
31,136
28,30
47,181
27,51
51,46
69,120
26,36
27,41
65,57
20,120
41,149
73,169
10,50
8,30
48,181
20,102
64,200
24,182
71,148
72,152
38,146
50,44
68,198
47,84
66,75
21,72
27,8
10,64
34,197
58,70
56,170
46,157
52,48
