91,23
56,51
103,15
57,50
87,72
31,44
35,41
24,66
57,20
132,31
119,6
133,30
92,36
5,74
144,10
134,29
145,11
63,48
92,66
55,78
81,35
136,6
33,95
55,100
24,52
137,7
49,28
50,27
65,17
100,17
59,71
26,89
131,5
40,35
132,6
52,67
34,41
41,34
26,67
59,19
92,35
68,46
6,67
86,41
147,12
148,15
146,11
48,50
72,15
17,83
67,89
49,51
35,96
25,58
26,49
109,51
126,5
113,48
142,9
27,60
66,17
90,18
36,74
52,44
46,30
61,94
59,50
30,61
84,42
111,50
59,40
75,82
36,62
120,42
60,19
69,40
73,45
37,63
61,18
5,70
16,66
91,68
50,51
46,85
127,35
139,7
137,27
103,58
143,21
52,43
50,103
14,65
11,65
53,42
59,75
24,87
52,81
104,14
61,49
134,6
84,31
106,12
28,67
85,30
77,81
144,21
62,48
86,29
52,101
108,10
135,29
19,84
40,99
8,76
21,86
48,28
10,78
138,27
58,68
99,19
53,51
141,24
78,37
65,48
90,40
50,82
91,37
28,90
29,68
79,78
5,72
80,36
20,85
46,103
89,70
86,14
56,77
87,15
41,82
24,54
18,84
108,53
39,99
76,14
127,5
25,89
45,102
54,51
78,44
83,42
67,47
63,93
31,61
68,40
66,40
54,79
147,14
39,36
76,81
75,44
82,33
94,65
100,60
127,36
21,66
78,13
35,72
32,70
89,27
70,87
51,45
81,77
102,16
56,41
55,51
29,60
96,64
113,8
34,62
93,31
13,80
115,46
55,41
94,28
85,41
53,80
96,63
95,25
117,44
97,62
121,41
148,16
74,40
98,61
107,10
51,102
87,29
76,38
100,59
42,82
57,97
136,28
106,55
37,97
80,78
123,5
32,93
83,75
48,103
142,22
9,77
60,95
82,76
37,75
34,95
62,93
140,24
129,5
64,48
28,46
56,22
89,40
79,37
27,67
105,13
36,39
58,20
37,38
131,33
74,83
122,41
53,67
134,30
56,98
111,9
7,75
124,39
109,9
125,38
22,66
23,66
57,76
64,17
30,45
78,43
26,90
34,42
49,66
84,32
67,40
65,40
91,39
83,13
92,32
81,13
66,47
45,31
64,92
31,92
146,12
120,6
51,26
43,64
41,80
24,56
74,14
68,88
95,64
36,97
43,102
26,50
112,50
14,81
79,13
12,65
27,59
89,16
101,16
90,23
28,60
112,8
48,65
79,43
59,49
116,6
38,77
67,17
29,91
94,27
75,81
129,35
71,15
88,71
72,45
147,16
73,40
31,69
65,91
55,67
90,69
66,89
99,61
123,40
91,67
53,25
77,44
8,66
88,28
55,23
103,57
27,48
38,98
141,8
32,62
39,78
60,49
93,29
50,66
72,84
51,66
43,33
96,23
86,30
75,39
145,19
22,87
97,22
44,64
7,76
98,21
47,85
81,43
77,37
69,88
56,67
43,84
93,66
41,100
33,71
71,86
125,5
90,25
91,20
56,50
113,7
27,47
58,40
32,43
48,85
29,45
118,6
33,42
57,21
83,32
73,83
64,40
133,31
44,33
6,75
144,9
145,20
146,19
55,79
16,83
44,85
42,101
24,51
25,50
138,7
88,16
50,26
27,90
73,84
36,40
110,51
52,66
41,35
26,66
92,34
72,40
71,16
147,13
30,68
148,14
85,13
48,49
71,46
58,97
73,15
82,34
121,5
94,66
76,44
107,54
47,65
58,75
78,14
102,59
26,48
109,52
113,49
142,8
140,8
36,73
49,103
115,7
61,95
86,73
116,46
6,69
40,79
54,67
38,37
147,18
49,83
61,19
118,44
74,45
5,71
38,63
98,62
54,101
16,65
126,37
62,18
45,65
26,59
84,74
139,26
50,102
128,5
11,78
12,80
59,72
62,94
57,40
53,43
52,80
104,13
49,84
130,33
85,31
48,47
144,20
110,9
49,46
19,85
104,57
41,64
50,45
98,19
18,66
46,65
138,26
102,15
91,22
12,79
103,14
35,40
80,13
79,79
70,16
92,37
5,73
53,79
145,10
80,35
92,67
46,102
81,34
51,25
136,7
33,94
24,53
59,96
108,52
54,24
43,101
139,8
100,18
59,70
15,82
38,78
40,36
51,82
133,6
68,47
69,46
39,37
118,43
42,64
40,80
71,40
66,90
67,88
49,50
75,45
52,25
49,27
23,87
25,57
35,73
32,69
70,86
90,19
36,75
34,71
56,40
46,31
29,61
47,30
15,65
13,81
115,47
85,42
42,33
36,63
120,43
117,45
97,63
121,42
5,69
107,11
119,43
53,101
101,59
60,96
57,98
136,27
106,54
37,98
43,83
80,77
124,5
71,85
9,78
51,51
57,68
90,26
114,47
37,76
59,74
24,88
130,5
56,21
89,41
69,16
135,6
37,39
77,80
74,82
122,40
62,49
52,102
135,28
109,10
124,38
40,100
8,77
21,85
63,18
48,29
57,77
58,69
99,18
52,51
30,44
141,23
40,63
50,83
28,91
29,67
45,32
132,32
84,13
64,91
31,93
82,13
70,40
74,39
89,69
96,24
120,5
56,78
19,66
87,14
41,81
24,55
107,53
69,87
58,76
36,96
95,65
112,49
89,17
9,66
77,14
25,88
101,17
131,6
25,66
38,76
54,42
63,92
29,92
94,26
59,20
38,38
88,70
147,17
87,41
47,103
90,68
88,27
44,102
89,26
51,44
81,76
143,9
90,17
139,25
32,61
92,31
39,79
93,30
35,62
68,16
95,24
130,34
91,40
96,22
22,86
87,28
20,66
76,39
50,46
42,83
98,20
105,55
77,38
32,94
41,101
83,74
142,23
10,66
90,24
143,22
91,21
11,66
140,25
114,7
28,47
32,42
48,84
29,46
79,36
83,33
105,12
106,11
78,80
63,40
44,32
131,32
61,40
6,74
40,64
17,66
30,92
56,99
123,39
111,8
146,18
105,56
16,82
125,37
82,42
44,84
25,51
64,18
88,15
85,73
87,71
15,81
58,50
13,65
31,43
51,81
110,50
91,38
65,47
92,33
70,46
85,14
7,67
48,48
58,96
24,57
55,99
74,15
122,5
18,83
75,14
102,58
90,20
34,72
48,66
116,7
47,29
86,72
67,16
117,6
128,35
42,34
116,45
6,68
129,34
72,46
31,68
65,90
54,100
99,60
39,63
126,36
53,24
8,67
54,23
26,58
55,22
38,99
114,48
84,73
11,79
59,73
33,62
88,41
93,28
55,42
72,85
62,40
95,26
60,40
78,79
49,47
97,21
80,43
104,56
44,65
81,42
56,68
34,96
33,70
58,70
82,75
45,85
