29,50
59,78
64,51
56,25
61,76
131,28
75,78
40,60
34,46
70,19
77,76
45,35
52,98
49,32
64,88
135,24
87,23
93,41
124,34
45,61
21,81
10,75
57,81
58,65
54,27
43,98
52,63
14,77
46,45
12,69
62,75
77,17
141,19
84,69
128,8
61,69
79,47
30,58
28,87
71,19
88,67
73,36
31,89
87,44
95,60
120,9
99,57
56,82
41,85
53,29
69,83
23,84
100,24
33,74
55,27
46,52
9,70
59,92
143,12
141,12
112,11
32,58
33,59
25,70
36,80
58,37
63,88
29,88
66,37
72,80
54,64
84,16
80,16
47,99
38,60
90,64
86,26
75,35
95,37
45,47
22,83
69,50
98,25
35,79
41,96
44,98
27,53
47,62
102,21
34,59
133,9
26,85
83,28
44,37
48,32
105,17
95,34
87,24
76,35
50,42
77,34
143,18
50,30
62,70
140,21
47,45
37,80
79,32
27,70
33,47
73,80
30,49
110,47
36,44
111,46
26,70
61,36
55,82
125,33
50,63
107,50
58,79
99,24
139,11
46,51
62,73
66,20
87,67
34,77
49,99
52,39
61,67
36,43
51,85
84,45
58,24
37,42
83,16
60,22
118,40
47,100
96,30
54,97
72,49
126,33
76,47
18,79
140,11
28,57
49,100
62,90
59,52
52,84
67,20
31,58
118,9
74,78
116,41
28,70
70,37
94,38
48,43
144,16
86,24
49,42
19,81
104,53
122,8
8,71
112,46
27,55
10,69
23,69
75,17
114,44
45,88
103,18
116,10
54,39
55,38
75,77
38,83
132,28
60,36
31,73
65,87
94,41
40,95
110,12
123,36
44,61
81,46
75,48
82,45
33,90
49,31
82,71
43,97
35,92
32,74
128,31
76,17
100,22
46,46
59,66
129,30
57,54
37,94
87,68
130,29
58,53
35,45
24,70
57,24
132,27
41,61
133,26
144,14
39,41
87,19
74,36
67,84
49,62
22,69
19,69
52,29
136,10
100,55
55,96
72,18
101,54
88,21
65,21
70,82
59,91
36,79
131,9
40,39
64,36
15,69
41,38
115,43
59,23
92,63
86,45
93,62
97,59
121,38
94,61
48,54
122,37
71,37
45,50
51,99
16,79
49,55
39,60
97,29
121,8
98,26
57,94
136,23
80,73
109,47
137,22
9,74
60,66
57,64
52,40
115,10
46,34
61,90
27,86
24,84
36,92
132,9
130,9
61,52
26,86
38,94
84,28
91,43
135,10
37,59
104,17
85,17
95,33
109,14
74,48
40,96
53,98
8,73
113,45
68,84
143,17
52,55
50,99
14,69
11,69
29,51
59,79
53,54
86,69
117,9
65,51
61,77
131,29
59,37
38,81
30,50
43,38
84,27
50,87
67,37
29,71
85,26
92,43
62,52
45,36
86,17
93,42
135,25
87,20
89,65
71,49
45,62
21,82
107,49
10,74
139,22
62,74
53,63
60,78
25,84
101,21
141,20
66,51
31,48
28,86
79,74
88,66
73,37
20,81
95,61
56,81
41,86
18,80
69,84
108,49
21,69
43,88
33,75
51,40
81,72
143,13
47,54
56,38
55,54
113,11
39,83
60,52
63,89
68,20
96,60
80,31
76,77
68,50
40,85
81,30
45,48
82,29
22,82
73,48
100,56
42,87
105,51
127,32
78,17
32,90
83,70
46,62
33,76
41,97
48,100
142,19
102,20
114,11
13,76
89,43
68,19
83,29
117,40
106,15
78,76
44,36
118,39
98,57
107,14
95,35
119,38
30,88
56,95
123,35
111,12
76,34
105,52
62,21
58,93
82,46
106,51
102,53
44,88
60,91
82,72
34,91
59,65
140,20
47,34
73,79
37,81
130,30
13,69
48,87
31,47
56,26
79,33
89,44
90,43
39,95
30,48
110,46
55,83
38,41
96,32
69,37
106,16
87,22
63,51
124,35
125,34
51,63
57,80
99,25
64,21
62,72
78,47
34,76
84,70
61,68
53,39
79,46
39,84
54,84
37,43
42,38
67,50
31,88
72,48
96,29
54,96
51,30
99,56
126,32
53,28
77,47
55,26
46,53
9,69
138,22
28,56
141,11
112,12
102,19
11,75
59,53
33,58
57,37
65,37
29,87
72,81
62,36
84,17
64,87
135,9
78,75
55,95
90,65
95,36
45,46
66,85
49,43
69,49
104,52
8,70
58,80
56,64
112,45
63,21
35,78
44,99
103,53
27,52
127,8
125,8
103,19
116,9
88,44
54,38
15,78
38,82
43,37
58,23
94,40
48,33
134,25
86,18
105,16
63,52
80,46
70,49
77,33
33,91
71,82
139,21
32,73
128,30
50,31
56,54
62,71
127,31
47,44
32,47
24,69
33,46
57,25
54,83
34,45
133,27
42,61
144,13
72,37
17,69
48,62
67,85
49,63
42,97
101,55
88,20
139,10
27,56
47,53
83,45
30,57
41,39
92,62
120,38
60,23
86,44
30,72
61,22
55,64
122,36
96,31
45,51
16,78
75,47
82,30
121,9
91,64
50,55
138,10
126,8
109,48
137,23
74,18
142,12
124,8
57,65
61,91
52,85
130,8
74,79
116,42
49,87
28,71
37,60
94,39
98,58
144,17
48,44
86,25
95,38
16,69
108,14
75,36
19,80
46,88
62,22
8,72
102,54
79,16
27,54
34,92
52,54
12,76
47,33
86,68
78,33
60,37
50,86
31,72
65,86
85,27
68,37
92,42
38,42
110,13
43,61
82,16
80,32
50,41
46,99
89,66
100,23
12,75
62,69
60,77
25,85
101,22
57,53
54,63
37,93
35,44
66,50
41,60
79,75
144,15
30,71
39,40
87,18
47,88
97,27
52,30
137,10
72,19
108,48
73,18
54,28
123,8
88,22
65,20
70,83
62,76
51,41
81,73
45,99
54,54
56,37
129,8
40,40
64,37
51,86
91,63
115,42
48,88
35,59
85,45
53,84
96,59
134,9
93,61
97,58
121,37
63,36
76,76
40,84
81,31
45,49
51,98
66,86
49,54
97,28
20,69
42,86
98,27
23,83
57,93
136,24
80,74
78,16
35,77
32,89
83,71
142,18
9,73
60,67
28,52
85,69
46,35
29,57
62,89
114,10
36,93
15,77
13,77
38,95
36,59
69,19
119,9
117,41
104,18
107,15
81,16
134,26
95,32
119,39
17,79
56,94
109,13
53,97
18,69
58,92
106,50
43,87
113,44
71,81
51,55
75,18
114,43
28,51
