175,87
10,170
34,191
59,173
94,10
81,119
73,82
109,117
100,94
115,94
20,109
128,87
24,104
10,158
48,37
144,10
63,137
89,94
130,85
111,10
48,59
110,117
101,32
108,29
30,100
150,10
44,86
163,14
77,55
101,10
123,117
50,27
115,27
175,92
18,112
116,28
82,92
14,119
48,77
67,142
172,109
70,10
157,10
10,153
105,29
173,103
87,44
126,89
48,50
37,189
144,39
138,37
12,129
65,121
87,10
52,24
75,165
148,117
154,64
46,82
21,189
71,71
123,10
54,18
78,148
12,124
77,10
175,101
116,27
120,94
87,94
165,31
67,12
162,115
65,12
48,68
113,10
105,117
131,10
10,166
83,49
79,52
72,74
167,25
175,67
57,173
122,92
154,62
146,78
72,167
139,117
124,90
25,104
75,82
73,166
156,56
108,117
77,88
48,41
95,37
116,94
154,75
46,85
122,10
73,146
61,131
75,57
54,21
154,117
47,183
12,123
175,98
147,78
30,191
175,72
10,161
75,117
81,90
53,177
167,22
159,117
88,43
89,42
10,139
79,162
175,57
156,55
18,187
19,110
81,159
157,54
10,149
48,32
40,93
72,61
158,37
137,80
16,185
108,10
21,108
22,106
14,183
114,117
143,78
33,98
90,117
23,106
45,185
87,118
44,89
98,10
119,117
16,117
162,12
50,30
152,10
175,81
10,168
73,78
54,177
48,72
104,117
142,39
98,94
138,79
39,94
158,10
73,80
66,140
171,110
24,106
10,156
11,173
48,39
161,52
173,108
93,39
162,51
12,174
77,164
48,61
72,10
158,54
51,24
75,55
12,132
165,32
94,94
154,71
71,72
77,53
24,191
17,114
67,120
78,10
15,183
50,25
175,94
18,110
125,117
64,12
73,119
80,118
128,10
48,79
168,113
175,68
95,10
33,191
128,32
135,117
126,117
10,135
138,80
134,10
16,183
62,171
85,10
48,52
152,76
12,131
115,117
121,10
35,98
83,92
46,80
151,10
71,65
164,50
132,82
85,94
161,115
12,126
64,138
175,103
144,78
65,139
141,10
75,147
165,29
48,70
166,18
175,77
10,164
154,60
10,142
75,84
71,10
13,179
167,113
156,58
91,41
141,117
41,186
77,86
48,43
107,10
63,135
63,14
159,37
113,94
41,92
154,73
80,161
61,129
73,144
71,62
103,94
97,10
121,117
169,50
55,18
161,116
79,152
65,140
55,177
134,117
131,117
69,142
116,10
124,117
73,75
175,74
55,175
100,117
109,94
113,27
77,117
10,137
69,168
175,59
18,185
106,10
160,52
81,157
131,33
10,147
48,34
153,76
130,86
12,177
71,144
14,181
78,117
26,103
48,56
47,80
80,152
62,129
45,183
52,22
163,13
91,117
48,30
124,29
131,84
164,14
165,15
126,31
50,28
128,31
84,92
175,83
96,94
69,119
73,76
86,94
48,74
67,141
92,10
137,117
29,191
114,27
165,115
91,39
106,117
169,112
104,29
10,154
96,35
149,39
132,33
93,37
166,113
82,10
136,36
121,29
97,34
157,39
173,106
92,94
48,63
126,90
158,52
71,167
136,10
49,181
109,28
163,50
154,69
71,74
114,94
36,97
22,191
120,117
97,117
142,10
175,88
173,56
79,148
64,14
73,117
165,18
117,29
102,31
48,65
170,111
64,171
68,12
166,25
66,12
103,30
175,70
65,170
84,47
159,10
76,117
85,46
10,133
86,45
60,16
128,88
81,161
48,54
61,172
161,37
149,10
60,14
152,78
65,125
80,51
72,144
32,98
154,76
46,86
61,134
81,50
71,67
117,117
54,22
85,92
19,187
79,10
175,97
20,188
151,117
78,53
165,27
115,10
63,126
71,119
68,11
10,162
175,79
167,21
69,10
23,191
56,17
10,140
75,86
38,94
79,161
105,10
153,39
175,60
135,10
81,154
10,150
48,45
70,144
151,39
63,129
101,94
73,59
128,117
139,37
140,38
26,191
87,117
141,39
161,10
134,81
16,114
20,187
45,86
107,94
175,84
10,173
167,18
150,78
35,191
91,10
133,117
60,173
136,80
171,109
128,86
20,108
140,78
10,145
48,36
81,10
39,187
162,52
12,179
73,60
130,84
42,91
48,58
101,33
64,125
150,117
147,117
100,10
51,178
124,31
110,94
116,117
67,119
93,117
50,26
175,93
90,10
14,118
48,76
156,10
147,39
165,113
78,88
59,16
10,152
155,39
90,94
132,35
173,104
36,191
106,29
87,45
157,37
76,86
146,10
48,49
37,190
126,88
12,128
31,100
65,122
145,39
85,119
112,94
154,67
71,68
171,52
22,189
76,10
77,148
175,90
173,54
79,150
122,117
112,10
165,16
14,121
48,67
79,53
175,64
145,117
57,174
108,94
78,163
58,173
118,10
127,117
129,33
75,83
73,167
155,60
48,40
32,100
154,74
46,84
61,132
89,117
71,61
54,20
12,122
175,99
125,10
38,96
143,10
165,25
135,80
175,73
10,160
81,91
123,92
31,191
167,23
48,80
133,10
89,43
79,88
10,138
79,163
175,62
156,54
130,33
18,186
99,94
81,152
67,169
127,88
10,148
48,47
40,92
39,188
95,35
16,184
73,57
14,182
29,102
163,34
99,10
130,117
143,117
87,119
44,88
105,94
16,116
95,94
148,78
89,10
175,86
10,171
72,119
73,79
81,92
155,10
74,117
144,117
143,39
73,81
138,78
58,16
171,111
20,110
24,105
10,159
48,38
103,117
63,136
120,29
66,169
173,109
12,173
22,108
145,10
79,117
162,50
77,165
74,57
48,60
107,29
30,101
159,52
165,33
44,87
76,55
154,70
71,73
77,54
75,10
76,148
67,121
149,117
25,191
50,24
174,103
175,95
18,113
74,146
116,29
133,82
80,117
154,10
48,78
40,187
103,29
175,69
82,119
63,171
88,94
10,134
69,167
124,92
110,27
84,10
160,37
142,117
83,119
48,51
137,37
120,10
12,130
154,65
74,10
46,83
155,117
71,70
171,54
54,19
43,90
126,10
12,125
140,10
175,100
165,30
63,125
48,69
106,94
175,66
10,167
83,48
122,93
167,24
102,117
130,10
99,117
154,63
124,91
75,85
73,165
156,57
111,27
41,187
77,87
48,42
62,14
95,36
99,33
154,72
61,130
96,10
73,145
71,63
75,56
168,50
169,51
46,183
161,117
47,182
166,50
134,82
102,10
68,142
175,75
68,119
69,143
97,94
89,41
79,90
140,117
10,136
57,16
69,169
175,56
119,10
164,115
81,158
27,102
10,146
48,33
40,94
74,82
12,176
22,107
14,180
26,102
109,10
42,92
100,33
74,165
119,94
45,184
169,52
93,94
44,90
51,177
16,118
80,90
175,80
127,31
10,169
153,10
73,77
169,111
48,73
90,41
169,113
142,78
83,10
10,157
43,185
146,117
63,138
92,39
93,38
173,107
12,175
136,35
97,35
77,163
48,62
122,29
73,10
109,29
154,68
132,84
52,177
36,96
22,190
139,10
160,117
175,89
18,111
79,149
64,13
73,118
80,119
136,117
14,122
48,64
70,119
32,191
118,29
129,10
103,31
175,71
65,171
95,117
128,33
85,47
10,132
156,60
44,185
26,104
148,10
48,53
61,173
152,77
28,102
46,81
81,51
96,117
71,64
132,83
138,10
165,50
157,117
85,93
104,94
12,127
175,102
65,138
75,146
165,28
63,127
48,71
175,76
68,10
10,165
158,117
154,61
56,16
104,10
174,56
10,143
151,78
175,61
101,117
156,59
154,39
91,40
81,155
41,185
48,44
63,134
110,10
129,86
14,179
141,78
163,33
140,37
160,10
37,96
34,98
27,191
161,11
134,80
127,10
118,117
55,176
121,94
94,117
111,94
175,85
10,172
73,74
167,19
112,27
117,10
163,115
107,117
125,90
175,58
15,118
80,10
38,189
81,156
10,144
48,35
42,185
102,94
76,165
12,178
73,61
117,94
17,185
91,94
42,90
48,57
153,117
86,10
164,33
30,102
62,134
123,29
52,23
49,179
163,12
51,179
48,31
161,12
53,22
84,119
124,30
125,31
49,30
56,175
167,50
165,14
156,117
50,29
103,10
18,114
132,117
175,82
48,75
28,191
67,140
69,144
119,29
93,10
165,114
113,117
148,39
10,155
132,34
147,10
156,39
136,37
97,33
173,105
133,35
157,38
48,48
11,132
37,191
70,167
161,35
158,53
65,123
49,180
109,27
137,10
92,117
146,39
71,69
50,179
154,66
66,121
171,53
36,98
172,54
175,91
101,31
173,55
79,151
165,17
13,122
14,120
48,66
175,65
83,47
138,117
122,94
65,169
57,175
85,45
87,43
81,160
48,55
61,171
161,36
134,35
60,15
98,33
162,35
65,124
61,14
32,99
152,117
61,133
81,49
71,66
118,94
129,117
86,119
124,10
98,117
47,181
111,117
175,96
20,189
75,148
165,26
79,51
175,78
10,163
114,10
167,20
132,10
149,78
68,169
56,18
152,39
79,89
10,141
38,95
175,63
48,181
81,153
150,39
112,117
10,151
48,46
94,37
39,189
63,128
88,117
139,78
73,58
135,35
163,35
140,39
82,49
170,52
16,115
145,78
88,10
