56,51
9,84
11,90
9,62
27,68
33,41
10,61
84,36
29,70
36,8
63,48
81,35
37,23
76,54
22,48
27,39
32,35
30,58
84,35
67,45
36,55
44,55
35,26
49,51
22,88
33,80
48,8
33,74
9,70
28,63
59,50
84,42
44,16
33,29
34,26
20,89
72,54
81,29
73,55
80,54
50,51
38,22
27,31
77,41
35,79
9,79
37,77
9,81
84,49
26,85
27,65
40,55
84,31
38,55
27,20
24,47
25,46
28,13
53,51
27,32
42,8
42,18
34,44
84,38
13,56
31,82
80,36
70,43
81,33
75,55
30,12
46,51
9,67
54,51
32,37
79,41
84,45
72,43
68,54
71,43
21,88
50,54
27,24
23,86
9,68
10,90
47,51
54,10
55,51
29,60
79,54
27,84
83,51
31,58
61,54
16,53
28,70
49,12
50,11
9,77
41,8
55,8
9,87
64,48
27,67
83,30
10,62
31,73
12,56
62,54
39,48
70,54
27,22
28,17
18,91
25,44
30,11
28,15
26,43
32,74
9,88
27,34
25,86
57,54
32,32
65,54
35,45
36,46
34,42
84,32
13,92
37,47
80,38
35,25
31,11
9,65
36,79
34,75
32,39
23,47
43,18
84,47
32,29
28,83
69,43
36,25
45,50
49,55
14,54
27,26
9,74
10,88
40,8
54,8
35,80
59,54
83,53
32,10
41,49
38,48
22,87
27,19
16,92
20,50
55,10
53,54
9,85
57,51
40,21
34,55
46,15
11,91
79,39
9,63
27,69
33,42
47,14
10,60
29,71
12,58
31,81
63,49
17,91
39,8
26,41
29,12
27,36
78,41
58,51
32,34
64,47
84,34
65,46
66,45
37,55
45,55
75,43
17,92
33,81
33,75
46,55
9,71
28,62
32,57
55,54
27,83
59,51
84,41
32,31
31,57
81,30
82,29
76,43
74,55
48,14
27,28
51,11
77,42
35,76
50,12
9,72
37,78
9,82
27,40
24,86
84,48
29,82
26,84
61,50
83,29
45,15
84,30
17,52
41,55
11,58
35,9
33,9
39,55
38,8
27,21
52,11
32,81
24,46
53,10
51,54
21,49
26,44
27,33
58,54
33,40
66,54
47,8
45,8
84,37
36,9
34,9
19,90
80,35
81,34
77,54
22,49
27,38
36,76
32,36
12,92
30,59
43,17
84,44
67,44
35,55
33,27
43,55
73,43
48,51
21,89
27,25
23,87
9,69
27,63
78,54
29,61
12,91
60,54
84,43
44,17
33,28
40,49
34,27
28,69
20,90
74,43
72,55
37,24
81,54
38,23
27,30
49,13
39,22
82,53
19,52
14,92
9,78
51,51
37,76
55,9
9,80
34,56
84,50
41,19
46,8
44,8
27,64
11,60
42,50
62,49
39,49
27,23
28,16
53,8
18,90
25,45
28,14
52,51
26,42
32,73
56,54
27,35
64,54
41,20
42,19
36,45
84,39
66,46
38,47
13,55
80,37
81,32
75,54
34,80
9,66
15,92
32,38
79,40
33,39
84,46
30,72
44,50
36,24
69,54
45,51
30,82
27,27
35,75
9,75
29,59
33,56
83,50
43,8
16,54
41,50
18,52
52,8
50,8
9,76
52,54
9,86
40,20
46,14
27,66
31,72
29,72
12,57
63,54
71,54
28,18
29,13
27,37
25,85
32,33
35,44
34,43
84,33
65,47
37,46
68,44
43,50
37,8
80,39
31,10
9,64
23,48
47,55
54,54
28,61
32,56
84,40
32,30
68,43
67,54
48,55
81,31
49,54
76,42
48,13
14,55
27,29
51,8
15,54
49,8
39,21
19,51
82,54
9,73
10,89
37,79
9,83
27,41
83,52
60,50
29,83
45,16
17,53
11,59
33,10
42,55
62,50
27,18
20,51
53,11
21,50
