115,18
136,28
131,17
158,27
115,17
128,24
127,17
144,32
133,17
158,20
147,17
126,17
154,30
121,20
117,17
130,24
146,32
132,17
158,17
135,17
149,17
116,17
145,17
118,20
117,20
119,17
143,32
125,22
153,32
133,26
134,17
158,18
148,17
144,17
151,17
118,17
119,20
147,32
158,24
139,30
135,27
150,17
146,17
131,26
149,32
158,21
126,22
139,29
154,31
127,23
140,30
155,30
131,25
142,30
143,31
158,22
151,32
121,22
156,30
137,28
158,28
137,17
158,19
115,20
120,20
129,24
121,17
145,32
122,22
136,17
158,25
138,28
143,17
139,17
115,19
135,26
153,17
120,17
116,20
123,17
152,32
142,17
158,26
138,17
152,17
139,28
129,17
141,17
127,22
155,17
122,17
141,30
131,24
125,17
154,32
143,30
158,23
128,17
127,24
140,17
154,17
135,28
121,21
123,22
157,17
124,17
157,30
158,29
148,32
134,26
130,17
156,17
124,22
132,26
158,30
150,32
