10,95
33,117
14,17
47,54
37,10
47,35
47,94
47,28
47,75
10,46
47,68
12,106
10,61
20,114
24,117
17,113
10,69
16,112
47,56
39,111
36,115
10,80
14,18
47,53
47,96
11,22
47,38
47,93
43,14
10,97
47,78
10,35
10,62
10,75
23,10
28,10
35,10
10,70
37,113
47,63
10,24
10,85
33,115
47,40
47,103
45,104
10,23
47,37
47,80
12,22
10,41
10,98
25,10
39,14
47,22
47,77
10,36
41,111
12,108
10,51
10,76
22,115
10,91
47,50
39,113
10,29
10,86
15,16
47,47
47,90
45,107
40,111
10,104
16,16
47,24
47,87
10,42
10,103
42,109
39,13
47,21
47,64
10,57
45,18
10,52
10,65
44,107
43,108
10,92
33,116
47,49
21,115
10,30
32,117
47,34
47,89
47,31
47,74
14,109
10,47
47,71
12,107
10,58
20,115
22,10
10,66
16,113
40,14
47,59
43,107
10,81
47,52
47,99
37,12
47,33
47,92
12,18
20,10
47,73
14,110
10,32
43,18
10,63
10,72
24,115
10,71
47,62
29,10
29,117
10,25
34,10
10,82
47,43
47,102
45,103
19,12
18,113
47,36
46,20
38,12
47,83
10,99
47,76
10,37
43,17
41,110
30,117
12,109
10,48
10,77
37,115
10,88
47,61
39,112
10,26
10,87
16,14
47,46
47,101
45,106
38,113
10,105
47,27
47,86
12,20
20,12
18,12
10,43
10,100
39,12
47,20
47,67
10,38
34,115
27,10
10,53
10,78
32,10
10,93
47,48
10,31
23,115
47,45
47,88
47,30
47,85
10,44
47,70
10,59
35,115
16,111
45,20
10,54
10,67
15,111
31,10
47,58
36,10
26,117
10,94
41,14
14,16
47,55
37,11
47,98
13,109
47,32
47,95
12,19
20,11
46,103
47,29
13,18
21,10
10,33
26,10
47,72
14,111
25,117
47,69
12,105
10,60
10,73
31,117
20,113
24,116
10,68
47,57
10,83
47,42
47,97
28,117
42,14
47,39
47,82
43,15
10,96
47,79
10,34
43,16
41,109
10,49
10,74
27,117
11,105
37,114
19,113
10,89
47,60
10,27
10,84
16,15
47,41
47,100
45,105
10,22
17,14
24,10
47,26
47,81
12,21
10,40
18,13
10,101
47,23
47,66
10,39
10,50
10,79
30,10
10,90
33,10
47,51
10,28
47,44
47,91
47,25
47,84
10,45
18,14
10,102
47,65
44,18
10,56
45,19
10,55
10,64
43,109
