15,27
42,72
19,19
15,89
42,71
40,22
31,110
36,17
17,20
41,23
42,25
15,74
42,82
18,19
15,71
15,50
42,97
42,35
15,47
41,102
42,62
15,30
38,106
42,77
15,92
42,88
40,19
40,104
17,23
25,15
42,26
38,17
15,73
42,87
42,41
15,49
42,98
42,36
15,34
32,15
15,96
31,15
42,51
15,29
42,78
15,83
42,93
42,31
15,59
15,76
38,18
42,42
15,52
17,106
42,57
15,33
28,15
42,52
15,103
42,67
21,109
15,86
42,94
15,67
15,62
32,110
42,47
15,43
36,108
34,108
42,58
15,36
19,106
15,26
42,73
19,18
26,110
15,88
15,23
40,23
42,68
15,85
33,110
42,83
15,70
15,61
23,110
42,32
15,46
42,63
27,110
15,25
38,107
42,74
19,17
15,95
16,23
24,15
40,20
40,105
42,89
17,22
42,27
15,72
42,84
15,69
15,48
42,99
34,16
42,37
15,45
30,15
42,48
15,99
15,28
42,79
15,82
42,90
21,17
40,102
42,28
15,58
15,79
38,19
42,43
15,55
17,105
42,100
27,15
42,38
15,32
16,104
15,102
42,53
34,15
42,64
21,108
20,17
15,81
42,95
15,66
23,17
15,57
37,108
42,44
15,42
34,109
15,104
23,15
15,39
42,59
39,106
15,101
42,54
15,91
42,69
15,84
42,80
22,17
15,65
15,60
39,19
42,33
15,41
34,110
42,60
15,24
42,75
15,94
42,70
40,21
40,106
17,21
42,24
15,75
42,85
28,110
42,23
15,51
15,68
42,96
34,17
42,34
15,44
20,108
42,49
15,98
15,31
42,76
22,110
15,93
42,91
40,103
29,110
42,29
15,78
42,86
26,15
42,40
15,54
17,104
42,101
42,39
15,35
33,15
15,97
42,50
42,65
35,17
15,80
42,92
17,19
23,16
15,56
42,30
15,77
42,45
15,53
42,102
42,56
15,38
24,110
19,108
15,100
42,55
38,108
29,15
15,90
42,66
21,110
35,108
15,87
42,81
30,110
37,17
15,64
15,63
42,46
15,40
25,110
42,61
15,37
19,107
18,106
