212,141
432,102
532,86
242,78
535,88
409,112
12,59
236,76
436,193
277,169
443,145
445,141
232,145
590,92
494,113
60,81
99,22
245,91
120,113
28,10
447,133
568,111
589,92
114,60
99,103
356,193
506,111
16,38
344,126
608,117
22,12
78,89
115,39
76,87
443,150
109,25
442,98
193,70
89,21
640,94
171,68
373,128
16,29
26,74
237,76
580,113
514,86
609,92
281,169
379,193
621,119
380,126
165,145
154,142
195,141
108,108
592,92
368,193
259,114
202,72
222,143
181,68
536,109
80,89
264,165
200,141
441,165
108,107
454,123
111,46
439,184
445,145
377,126
400,195
473,88
258,161
634,94
14,41
487,86
114,32
12,71
358,193
36,77
441,174
88,95
163,66
510,111
439,177
260,114
245,151
30,75
106,24
645,97
208,141
405,114
14,48
90,97
243,78
407,195
390,121
451,125
418,110
297,173
480,86
466,89
268,167
179,145
111,60
239,107
474,88
110,111
58,81
78,20
428,195
515,86
238,147
319,187
569,111
128,62
239,112
370,193
580,92
167,68
406,114
472,117
243,92
392,193
169,68
101,23
250,153
324,189
419,195
113,28
293,171
213,73
488,115
456,92
124,62
308,181
146,133
248,152
46,79
310,181
439,100
66,18
87,93
34,75
252,156
328,191
454,94
491,86
615,92
448,131
157,143
581,92
160,66
147,137
40,77
183,144
60,16
64,83
487,115
200,72
327,191
312,183
168,145
297,120
151,141
356,128
374,126
305,121
252,155
162,143
181,145
514,111
570,112
438,191
18,27
457,92
313,122
546,88
608,92
97,22
51,14
451,94
586,114
150,139
316,186
601,92
534,109
528,86
13,71
18,18
186,70
104,24
33,12
89,95
252,112
201,72
114,113
298,120
180,68
119,113
158,66
109,59
77,18
132,118
423,106
447,96
452,125
314,122
277,118
117,60
472,88
333,191
56,81
424,106
412,110
270,116
111,111
330,124
352,193
136,120
245,79
488,86
625,94
257,114
449,128
253,112
643,111
384,123
170,145
408,113
619,92
358,128
286,118
435,194
612,117
647,107
449,127
113,42
369,128
259,161
563,111
531,86
453,123
518,111
223,74
339,124
140,123
603,117
148,139
596,92
12,61
241,101
443,155
501,86
346,191
92,98
437,100
96,101
294,120
209,141
245,81
432,103
258,114
522,109
16,32
380,193
58,16
22,10
78,87
115,33
190,70
12,52
215,74
291,119
37,12
575,113
445,140
67,83
106,58
254,114
274,116
168,68
245,90
45,77
120,114
447,132
16,39
507,86
115,38
244,149
597,92
544,88
412,195
290,118
352,126
524,86
513,86
109,24
295,120
354,193
89,20
531,109
100,103
267,165
16,30
307,122
507,111
26,75
27,75
250,112
607,92
111,27
77,87
296,120
178,68
403,195
371,128
117,113
261,161
53,15
71,85
309,181
40,12
104,105
441,163
154,143
545,88
108,109
131,62
484,86
186,143
538,88
424,195
600,92
236,147
80,90
561,90
213,141
124,115
308,122
382,193
572,113
441,164
251,112
51,79
112,111
439,187
445,144
307,179
498,113
157,66
233,145
14,46
107,53
127,62
135,64
446,96
12,64
231,76
431,195
450,127
90,22
503,113
441,173
504,86
601,117
398,118
239,109
519,111
23,10
84,20
301,175
340,126
141,123
142,123
401,195
183,143
645,96
467,117
14,49
315,185
562,90
567,90
274,168
56,16
511,111
239,106
458,121
483,115
212,72
330,191
96,22
618,118
138,121
434,102
318,187
158,143
107,24
436,100
243,95
171,145
190,143
429,195
502,86
587,92
112,60
76,18
101,22
324,190
641,95
570,111
201,141
20,12
442,161
248,112
284,118
213,72
508,111
346,126
146,130
115,113
614,117
154,66
248,153
69,85
73,18
241,78
314,185
227,143
468,88
252,157
558,90
529,109
489,115
235,76
630,119
306,177
623,92
312,184
536,88
374,127
47,79
287,171
480,115
335,191
101,24
305,120
570,113
455,92
25,73
101,105
102,105
249,112
251,155
18,24
310,122
185,70
65,83
496,113
179,68
586,115
316,187
501,113
469,88
18,19
463,90
399,116
643,96
537,88
173,145
379,126
607,117
575,92
636,94
468,117
109,58
132,119
558,111
464,90
376,193
553,90
348,191
277,117
90,95
110,26
618,92
322,122
412,111
341,191
109,51
327,124
183,70
136,121
245,78
600,115
625,93
408,195
482,86
384,124
644,96
633,94
408,114
366,193
241,99
511,86
647,106
389,193
49,14
162,144
55,16
113,41
245,87
288,171
554,90
517,86
243,97
211,72
599,115
644,111
130,62
12,62
218,141
241,100
647,99
443,154
417,110
92,99
245,80
564,111
396,118
146,64
278,118
302,120
16,33
604,117
110,47
22,11
115,32
526,86
12,53
86,20
530,109
291,118
443,147
523,86
445,139
126,62
245,89
120,115
447,135
378,193
188,143
481,115
579,92
48,79
175,68
493,86
244,150
220,143
224,74
153,66
177,68
499,113
467,88
263,163
303,120
196,70
16,31
221,74
225,143
413,195
641,96
111,26
315,122
443,161
483,86
391,193
438,100
265,165
304,120
53,14
453,94
532,109
402,195
614,92
104,106
285,171
441,162
133,119
176,145
530,86
364,128
439,189
81,20
585,113
25,10
114,39
242,112
80,91
100,22
235,147
272,167
552,111
441,171
115,60
569,90
642,96
439,186
316,122
385,122
425,195
14,47
72,18
53,16
107,52
328,124
446,97
12,65
503,112
125,115
628,94
441,172
62,81
429,104
52,79
490,86
113,111
257,159
239,108
439,179
321,122
166,66
645,111
430,104
451,127
144,64
418,108
274,169
93,99
294,172
322,189
565,111
433,102
602,117
17,28
570,90
533,86
455,123
229,143
74,86
146,126
256,157
386,122
110,109
329,124
21,73
22,73
496,86
618,119
68,84
586,92
470,117
41,14
178,145
366,128
49,79
31,75
70,18
35,12
345,126
431,104
272,116
436,101
146,136
243,94
43,77
351,193
320,187
68,83
108,58
145,64
338,124
324,191
641,94
20,13
595,92
120,60
234,76
509,86
169,145
230,144
146,131
460,90
354,126
83,91
46,77
15,40
550,88
241,77
454,92
323,189
489,114
127,117
398,194
509,111
28,75
176,68
273,116
312,185
48,14
216,74
112,43
240,112
79,20
118,113
420,195
422,108
81,91
304,177
289,118
198,72
18,25
343,191
553,111
631,119
337,191
194,141
385,193
133,62
318,122
415,110
551,88
91,22
383,124
595,115
300,173
427,104
624,92
18,16
606,92
53,79
571,91
114,111
261,114
193,143
241,112
326,124
539,109
102,24
199,72
553,89
277,116
481,86
432,195
506,86
71,18
493,113
323,123
342,126
143,123
19,73
241,105
249,153
109,50
559,111
428,104
600,116
253,157
625,92
39,77
335,124
165,66
262,114
525,109
143,64
98,22
647,101
62,16
230,76
52,14
162,145
365,193
113,40
245,86
284,169
395,118
234,146
243,96
478,115
409,195
339,126
520,86
387,193
12,63
34,12
198,141
592,115
24,10
647,98
443,157
414,195
64,16
578,92
174,68
360,128
16,34
115,35
632,119
118,60
12,54
348,126
443,146
445,138
116,113
245,88
447,134
527,109
477,117
405,195
503,111
244,151
270,167
111,28
121,115
85,93
518,86
613,92
542,88
283,118
547,111
26,73
162,66
243,149
443,160
66,83
302,176
199,141
278,169
135,63
100,104
104,107
502,113
441,161
540,109
154,141
622,92
491,113
204,141
439,188
38,12
313,185
478,86
425,106
543,88
638,94
362,128
292,171
441,170
544,111
641,113
111,43
555,90
439,181
560,111
616,92
305,177
141,64
404,195
227,74
247,151
286,171
14,44
107,55
12,66
19,16
276,116
577,113
156,143
398,116
239,111
439,178
209,72
326,191
645,110
574,92
635,94
211,141
467,119
129,117
593,115
242,99
426,106
451,126
418,109
437,191
294,173
280,118
440,177
556,90
617,92
142,64
74,87
146,127
256,158
132,62
228,74
191,70
311,183
262,162
68,85
638,115
416,195
240,76
41,13
98,102
337,124
566,111
151,65
210,72
528,109
397,193
436,102
146,137
292,120
242,149
460,92
353,126
320,188
525,86
359,128
86,93
20,14
402,116
24,73
484,115
50,79
548,111
349,193
95,22
332,191
574,113
230,145
146,128
460,91
44,77
639,113
241,76
443,98
500,113
454,93
534,86
590,115
295,173
422,106
464,119
67,18
489,113
398,195
240,147
293,120
485,86
612,92
382,124
161,66
605,92
18,22
309,122
29,75
139,64
561,111
174,145
375,126
361,193
586,113
345,191
444,98
27,10
195,70
421,195
494,86
300,174
18,17
554,111
139,121
571,90
193,142
410,195
196,141
387,122
30,12
279,169
372,128
529,86
456,123
553,88
630,94
334,124
121,62
140,64
54,79
323,122
214,74
587,115
241,104
229,76
109,49
600,117
208,72
433,195
567,111
61,16
476,86
647,100
388,122
584,92
106,55
413,110
269,116
627,94
498,86
245,85
284,170
14,71
234,147
489,86
243,99
43,14
12,56
485,115
287,118
363,193
347,126
185,143
443,156
407,114
113,32
336,124
192,70
355,127
84,92
542,111
232,76
16,35
115,34
465,119
12,55
105,24
291,120
443,149
445,137
390,193
617,117
585,92
161,143
374,128
84,91
477,116
216,141
535,109
633,119
137,64
359,193
584,113
50,14
70,85
624,119
420,108
177,145
233,76
246,112
555,111
376,126
302,177
135,62
100,105
482,115
197,71
604,92
112,28
93,22
540,110
596,115
465,90
138,64
47,14
111,45
439,191
637,117
87,20
55,79
462,119
14,42
324,124
421,108
65,18
29,12
12,68
105,107
275,116
441,169
247,112
393,193
94,22
59,16
439,180
264,114
13,52
573,92
355,128
563,90
14,45
107,54
390,122
12,67
552,88
294,171
466,90
545,111
15,71
398,117
239,110
459,121
188,70
523,109
645,109
467,118
14,52
325,124
334,191
274,167
222,74
505,86
397,118
479,115
279,118
32,12
341,126
256,159
348,192
522,86
426,195
82,20
564,90
527,86
268,116
435,102
130,117
243,91
262,163
618,117
41,12
495,113
98,103
61,81
520,111
576,92
250,154
113,31
459,119
116,60
151,64
609,117
205,141
373,193
146,134
440,98
350,126
149,139
225,74
320,189
417,195
310,182
94,99
475,117
395,193
347,191
20,15
627,119
244,112
126,116
422,195
462,90
357,128
146,129
340,191
450,94
503,86
108,51
368,128
611,92
577,92
122,115
422,107
298,173
136,64
285,118
549,111
18,28
240,148
85,20
226,74
204,72
301,120
42,14
245,112
18,23
57,16
217,141
36,12
492,113
317,122
105,58
240,105
475,88
300,175
375,193
546,111
336,191
562,111
193,141
108,24
205,72
88,20
91,97
364,193
113,60
187,143
82,91
329,191
21,12
166,145
578,113
121,61
449,131
219,143
572,92
386,193
266,116
486,86
583,113
435,193
476,88
370,128
500,86
229,75
637,94
566,90
35,75
109,48
74,18
59,81
457,123
149,64
521,111
355,193
282,118
144,123
404,114
460,119
17,73
476,87
647,103
134,62
159,66
473,117
245,84
615,117
284,171
92,22
243,98
46,14
628,119
12,57
20,73
443,159
445,143
175,145
113,39
355,126
84,93
32,75
400,116
150,64
16,36
73,85
145,125
535,87
115,37
583,92
550,111
239,76
41,77
443,148
445,136
197,141
276,169
299,120
217,74
477,115
243,112
191,143
543,111
388,193
633,118
466,119
490,113
437,193
367,128
223,143
459,92
302,175
548,88
415,195
380,124
290,171
401,116
357,193
603,92
110,60
79,89
311,122
255,114
203,72
300,120
156,66
218,74
181,70
625,119
75,18
406,195
210,141
264,163
197,70
312,122
441,167
576,113
540,111
111,44
439,190
556,111
119,60
581,113
637,116
549,88
283,169
14,43
381,124
57,81
65,17
427,195
29,11
12,69
450,96
269,167
147,64
441,168
332,124
317,187
597,115
88,93
369,193
187,70
439,183
123,62
444,145
463,119
14,50
588,115
537,109
152,141
613,117
393,120
394,118
197,72
515,111
441,177
268,165
418,195
239,105
459,120
606,117
645,108
521,86
267,116
426,104
37,77
256,114
148,64
629,94
97,101
333,124
134,119
342,191
622,119
642,113
45,14
155,143
524,109
74,85
146,125
348,193
446,135
303,177
39,12
349,126
394,120
237,147
299,173
194,70
250,155
113,30
231,145
365,128
167,67
192,143
599,92
146,135
440,99
497,86
594,115
26,10
310,183
224,143
504,111
519,86
371,193
126,117
610,117
64,81
306,178
643,113
360,193
450,95
639,115
54,16
291,171
476,117
626,119
173,68
398,193
240,149
579,113
547,88
512,86
331,191
557,111
461,90
619,119
378,126
221,143
540,88
448,96
131,117
367,193
479,86
180,145
18,20
573,113
350,193
635,117
159,143
594,92
155,66
265,115
105,57
419,108
150,140
591,115
77,20
538,109
244,78
559,90
106,107
107,107
399,195
571,92
632,94
265,116
16,72
56,79
510,86
560,90
541,88
321,189
449,96
344,191
228,143
391,120
640,113
38,77
135,119
121,60
449,130
253,114
623,119
404,116
557,90
323,124
362,193
647,105
280,169
392,120
229,74
416,110
109,47
164,145
453,125
384,193
457,122
521,110
140,121
144,124
148,137
404,115
80,20
411,195
343,126
218,142
128,117
241,103
647,102
443,153
616,117
96,99
353,193
244,91
245,83
234,145
182,145
492,86
461,119
12,58
582,92
152,66
443,158
445,142
474,117
31,12
95,99
16,37
434,195
470,88
535,86
629,119
115,36
78,88
122,62
458,92
443,151
445,135
246,151
412,112
109,26
184,143
591,92
447,131
620,119
33,75
89,22
452,94
103,24
16,28
381,193
571,113
167,145
633,117
83,20
103,105
486,115
551,111
437,192
42,77
282,169
636,117
214,141
512,111
380,125
172,68
445,98
430,195
289,171
471,88
495,86
44,14
69,18
610,92
539,88
63,16
319,122
107,58
181,69
260,161
264,164
271,116
184,70
441,166
626,94
111,47
439,185
320,122
637,115
258,160
620,92
14,40
107,51
65,16
446,98
29,10
12,70
36,76
441,175
541,111
137,121
88,94
361,128
109,109
439,182
645,98
14,51
90,96
477,86
389,122
390,120
394,119
639,94
215,141
36,75
383,193
441,176
466,88
268,166
226,143
645,107
646,107
372,193
263,114
621,92
18,73
110,110
182,70
239,147
589,115
206,72
426,105
266,165
202,141
516,111
394,193
508,86
254,157
605,117
646,98
499,86
410,112
598,92
243,93
262,161
471,117
516,86
98,101
281,118
273,167
113,29
151,66
213,74
126,115
167,66
634,117
308,180
146,132
440,100
207,72
248,151
46,78
170,68
513,111
363,128
219,74
288,118
183,145
258,159
64,82
411,112
306,179
308,179
643,112
639,114
414,110
153,141
505,111
305,122
533,109
20,16
203,141
18,26
75,87
238,76
374,193
230,143
255,157
593,92
526,109
105,55
271,167
316,185
339,191
396,193
220,74
206,141
18,21
129,62
423,195
114,112
265,114
105,56
582,113
275,169
296,173
150,141
123,115
602,92
306,122
109,60
77,19
132,117
325,191
63,81
598,115
164,66
403,116
497,113
189,70
160,143
16,73
125,62
56,80
611,117
172,145
136,119
432,104
568,90
517,111
449,129
253,113
384,122
408,112
435,195
647,104
565,90
469,117
113,43
331,124
23,73
377,193
453,124
163,145
588,92
457,121
521,109
631,94
207,141
339,125
68,18
140,122
16,40
72,85
144,125
148,138
241,149
338,191
12,60
16,71
218,143
241,102
443,152
92,97
96,100
441,98
351,126
189,143
245,82
