568,104
253,146
453,101
39,70
211,79
502,105
68,25
144,116
435,160
567,97
241,142
404,123
290,126
237,90
440,132
441,107
189,136
193,77
532,93
373,135
409,121
395,186
530,102
270,160
237,83
153,124
106,36
117,105
462,97
374,135
32,68
620,112
309,173
21,46
385,130
145,116
79,82
601,99
617,99
413,118
467,95
217,81
536,102
200,134
386,186
461,97
246,119
103,97
383,186
98,54
483,93
234,99
307,171
132,70
116,67
408,188
228,82
33,68
621,112
311,175
21,48
445,122
446,120
543,95
450,103
73,78
36,70
41,21
98,94
61,74
465,95
601,109
575,106
245,142
318,129
67,76
234,106
199,134
55,72
609,110
442,127
286,164
181,77
239,140
197,77
289,164
515,104
389,129
411,188
361,135
433,111
328,131
454,114
491,106
458,113
279,125
326,184
25,22
99,59
309,129
21,66
496,93
478,93
103,63
317,178
565,97
627,101
260,121
245,144
155,136
212,79
405,123
472,110
272,123
394,127
516,104
76,26
194,77
322,182
324,182
566,104
458,99
155,129
229,138
581,106
127,69
521,93
232,113
588,99
22,66
503,93
359,135
122,108
178,138
328,184
298,166
524,102
155,134
40,70
421,188
176,75
312,176
331,131
613,110
48,21
47,71
432,180
237,138
291,164
119,106
391,129
468,95
455,100
590,108
595,99
104,42
311,129
331,184
97,29
26,19
100,62
619,112
322,131
367,186
23,36
427,113
483,108
157,136
578,99
599,108
89,86
252,121
200,79
594,99
19,57
240,117
368,186
252,146
436,150
295,166
640,101
452,118
198,77
75,79
238,84
194,134
232,109
603,110
619,110
56,74
19,62
237,117
475,93
444,126
249,146
436,157
111,102
438,137
427,111
563,97
126,108
257,121
104,31
233,106
54,72
628,101
114,104
434,172
236,96
494,93
102,29
447,105
31,19
395,127
264,156
139,114
233,83
125,69
472,95
164,74
399,123
333,184
434,167
236,95
321,180
20,53
279,162
488,93
632,110
389,186
587,108
177,75
366,186
438,146
116,104
420,115
518,102
405,188
377,186
140,114
241,141
244,142
409,119
198,134
290,127
112,67
607,110
440,133
513,93
437,109
441,106
209,134
85,86
150,71
425,113
340,132
314,129
170,138
409,120
414,188
363,186
128,69
76,80
81,27
106,37
416,117
168,75
117,104
45,70
309,172
75,25
21,45
385,129
191,136
104,98
340,131
543,104
552,96
572,99
225,136
544,95
24,29
223,136
413,117
102,48
89,29
175,75
535,102
97,94
103,96
215,81
364,135
112,104
77,80
187,77
98,55
296,127
442,130
394,186
87,27
307,170
132,71
278,162
462,112
228,83
157,73
311,174
446,121
416,188
336,131
247,119
601,108
69,25
484,93
584,99
473,95
117,67
267,123
236,138
310,174
22,41
316,129
319,180
466,95
433,110
454,115
113,104
257,152
556,97
584,106
419,188
25,21
463,112
182,77
150,122
387,129
334,184
450,118
541,102
504,93
94,29
353,133
301,168
141,116
307,129
405,122
410,119
260,152
334,131
428,188
451,101
76,27
56,23
590,99
439,134
519,93
523,102
155,128
229,137
49,72
606,99
573,106
630,101
191,77
232,114
273,123
115,104
419,117
169,75
30,18
573,99
522,93
36,19
589,99
242,142
47,70
432,181
299,167
281,125
391,128
86,86
101,96
248,119
50,72
213,81
640,104
75,80
95,29
598,108
104,43
230,138
255,150
297,127
100,63
155,73
618,99
54,23
133,71
444,105
229,83
339,184
469,95
538,102
23,39
427,112
67,25
529,102
106,100
553,104
223,81
337,184
623,101
536,95
639,101
19,56
240,118
275,162
443,126
468,110
436,151
353,186
102,96
376,186
640,102
182,136
75,78
456,114
238,85
554,97
100,94
139,71
232,110
159,136
201,79
225,81
434,178
19,65
93,90
79,27
316,178
249,145
195,77
436,158
438,142
600,108
554,104
352,186
399,125
173,138
434,173
180,76
236,97
476,93
49,21
35,70
428,111
447,104
395,126
107,101
452,101
127,110
207,134
135,112
623,112
164,75
434,164
180,75
172,138
636,108
341,184
474,110
220,81
369,135
64,24
192,77
542,102
632,111
408,121
317,129
266,123
583,106
397,186
74,25
518,103
282,125
48,72
493,93
241,140
583,99
287,125
550,104
440,134
42,70
282,162
637,108
437,108
441,105
615,110
121,107
85,85
421,115
46,21
340,133
470,95
596,99
342,133
291,127
113,67
367,135
612,99
390,186
302,168
637,101
514,93
422,188
371,186
121,108
107,65
532,102
312,129
21,44
552,97
292,164
339,131
195,134
551,104
234,102
202,79
102,49
325,131
21,53
478,110
196,77
272,160
552,104
97,93
27,67
319,129
545,95
34,19
235,117
605,110
330,131
28,17
304,127
71,77
53,23
95,91
285,164
133,112
47,21
429,111
602,99
188,77
106,31
234,104
343,133
55,74
166,75
25,19
263,121
218,81
80,82
100,29
375,133
451,118
202,134
275,123
388,186
123,69
433,109
179,138
59,23
585,99
234,83
474,95
25,20
355,135
283,162
72,25
380,133
625,101
165,138
450,119
520,102
134,112
342,184
622,112
239,117
425,188
151,73
141,115
401,187
25,29
208,134
405,121
406,121
634,110
39,19
315,177
206,79
432,184
144,71
274,160
299,168
565,104
155,131
84,27
229,136
212,80
509,93
401,188
232,115
527,93
435,109
292,127
384,131
613,99
105,65
287,164
419,116
62,74
66,25
30,19
566,97
454,101
534,94
508,104
355,186
526,102
432,182
299,166
459,99
23,41
206,134
479,108
120,67
231,138
640,105
289,125
354,134
104,44
546,95
233,117
217,134
236,117
322,129
305,127
131,112
23,38
249,119
509,104
238,83
99,94
298,127
561,104
216,81
345,184
271,160
19,59
240,119
121,69
304,168
488,106
640,103
182,137
238,90
313,129
481,93
232,111
124,69
537,95
561,97
19,64
147,119
475,95
118,67
249,144
436,159
626,101
438,143
132,112
372,135
265,158
391,127
348,184
579,99
546,104
140,71
53,72
399,124
562,104
639,106
434,170
180,77
236,98
101,50
473,110
438,134
82,84
563,104
107,100
92,29
166,138
277,125
362,186
608,99
493,106
86,27
434,165
510,93
636,109
494,106
64,25
84,84
564,97
400,123
258,121
165,75
58,23
632,112
525,102
383,131
185,136
607,99
41,70
159,73
52,21
197,134
365,186
274,123
438,144
564,104
348,133
315,129
171,75
520,93
576,106
465,112
290,125
246,144
501,93
161,136
234,117
437,107
438,107
64,23
121,106
85,84
531,102
188,136
103,31
360,135
507,104
596,108
391,186
250,119
214,81
220,136
178,75
164,138
403,188
299,127
102,63
156,73
163,137
398,186
21,43
243,119
430,188
379,186
471,95
597,99
466,112
122,69
98,58
616,110
101,95
106,42
234,103
91,89
538,95
63,23
487,93
290,164
57,74
21,52
313,176
426,113
263,155
105,99
412,188
470,110
97,92
167,138
406,188
27,66
544,104
597,108
103,98
51,72
442,128
560,104
141,71
307,172
35,19
255,121
203,79
71,76
537,102
95,90
210,134
105,100
285,163
108,102
436,160
234,105
415,188
609,99
467,110
58,74
37,70
147,71
256,121
545,104
341,133
52,72
31,68
305,170
235,98
396,186
25,27
261,154
64,74
149,122
446,105
104,64
476,110
118,106
250,146
434,109
257,151
519,102
23,29
378,133
141,114
126,69
401,186
25,28
268,123
78,27
315,176
154,126
525,93
502,93
432,185
451,103
215,134
415,117
294,164
280,125
491,93
570,98
24,66
155,130
212,81
146,118
104,63
232,116
233,138
207,79
409,188
29,17
103,46
145,71
227,136
500,106
534,95
422,115
244,119
464,112
635,101
512,93
436,109
293,127
114,67
594,108
100,50
432,183
424,113
101,29
108,65
591,99
23,40
120,68
161,73
640,106
354,135
28,68
104,45
267,158
487,108
327,184
73,25
381,133
19,53
204,79
170,75
626,112
23,33
423,113
574,99
547,95
320,129
196,134
143,116
128,110
19,58
364,186
306,127
203,134
96,92
81,83
479,93
529,93
251,146
488,107
185,77
574,106
29,68
603,99
496,106
333,131
619,99
434,176
147,118
241,119
475,94
230,83
436,152
438,140
81,84
559,97
265,157
329,184
482,93
80,27
61,23
434,171
586,99
269,123
270,123
111,104
438,135
151,123
38,70
385,186
351,133
522,102
33,19
492,93
226,81
358,135
434,162
586,106
236,90
370,186
27,17
66,76
636,110
131,111
146,71
40,19
150,72
278,125
208,79
502,106
507,93
535,95
633,101
636,101
52,22
438,145
294,127
23,66
106,65
288,164
401,123
517,93
373,186
543,103
216,134
633,110
346,133
402,188
499,106
227,81
624,112
460,99
79,81
44,21
106,32
548,95
399,186
38,19
163,136
21,42
72,78
93,29
154,131
83,27
465,97
530,93
400,186
98,59
153,73
101,94
234,100
91,88
222,136
442,105
300,127
214,134
70,76
625,112
21,51
95,92
242,119
478,108
65,25
263,154
105,98
177,138
222,81
495,93
137,114
420,188
442,129
376,133
232,138
539,95
102,46
624,101
285,162
176,138
622,100
510,104
458,114
224,81
580,99
30,68
99,54
350,133
423,188
375,135
235,138
475,110
138,114
156,136
397,125
569,97
209,79
264,121
580,106
305,169
508,93
254,148
183,136
25,26
261,153
634,101
149,121
104,65
552,95
238,140
148,71
276,124
569,106
257,150
511,104
226,136
585,106
70,25
167,75
107,36
432,186
451,102
276,123
338,131
570,99
533,93
455,114
42,21
288,125
235,83
256,150
499,93
357,135
232,117
593,108
100,52
83,84
262,154
439,107
153,134
30,17
417,188
570,106
533,102
285,125
323,182
548,104
329,131
332,184
205,134
100,51
320,180
301,127
108,66
363,135
245,119
120,69
258,152
426,188
598,99
104,46
411,119
382,131
614,99
618,110
47,72
638,101
381,132
437,146
368,135
540,95
335,184
87,86
59,74
295,165
23,32
595,108
136,71
549,104
198,78
232,106
336,184
638,108
108,33
19,61
205,79
436,146
183,77
349,186
438,138
81,82
372,186
447,103
488,108
238,88
169,138
269,159
582,106
434,177
19,66
444,122
469,110
436,153
438,141
60,74
265,156
102,30
457,114
186,77
149,71
521,102
608,110
168,138
403,123
261,121
262,121
193,134
434,168
218,134
236,92
98,29
134,71
88,27
158,73
344,133
151,122
107,102
456,99
518,104
579,106
441,130
562,97
393,186
434,163
587,107
236,91
20,66
277,162
523,93
500,93
119,67
324,131
349,133
131,110
378,186
253,148
40,20
150,73
482,108
124,108
78,80
338,184
286,125
440,130
321,129
52,23
276,162
284,162
527,102
110,67
354,186
543,102
266,158
302,127
105,31
381,186
592,108
153,126
412,119
106,38
295,127
99,29
281,162
518,93
410,188
547,104
506,104
125,108
145,118
576,99
79,80
190,77
137,71
162,73
592,99
612,110
243,142
106,33
254,121
131,69
259,152
21,41
172,75
263,156
327,131
461,99
465,96
466,110
98,56
575,99
106,40
234,101
549,95
463,97
130,110
21,50
478,109
446,122
362,135
27,68
137,113
88,86
486,108
259,121
102,47
620,99
71,78
384,186
135,71
231,83
297,166
480,93
540,102
602,110
622,101
490,106
204,134
560,97
142,116
211,134
110,102
404,188
375,134
269,160
271,123
317,180
431,188
163,73
45,21
264,122
581,99
305,168
25,25
261,152
429,188
303,168
430,111
149,120
90,29
276,125
569,105
398,125
293,164
23,31
210,79
318,180
158,136
365,135
610,99
424,188
65,75
192,136
433,178
306,128
308,172
497,93
315,178
190,136
46,70
432,187
515,93
224,136
504,104
273,160
366,135
402,123
160,73
631,101
65,76
635,110
377,133
129,69
593,99
100,53
155,127
432,178
237,140
153,133
513,104
181,138
534,93
173,75
528,102
606,110
630,112
351,186
578,106
192,134
255,149
171,138
100,60
340,184
550,95
505,104
34,68
108,67
91,29
455,99
390,129
528,93
180,138
74,78
354,133
44,70
100,59
154,73
68,76
638,106
381,131
19,55
310,129
275,161
162,136
514,104
436,148
77,27
295,164
23,35
423,115
558,97
325,183
198,79
343,184
452,116
57,23
240,140
238,86
631,112
232,107
71,25
115,67
557,104
485,93
51,21
108,34
19,60
221,136
444,124
541,95
448,103
344,184
436,147
347,133
438,139
349,185
534,102
558,104
300,168
238,89
357,186
379,133
269,158
253,121
380,186
557,97
69,76
434,174
37,19
147,120
280,162
444,123
35,69
436,154
151,124
374,186
102,31
395,125
489,106
453,116
127,109
477,110
632,101
356,186
268,158
434,169
236,93
101,63
321,182
88,28
55,23
498,93
559,104
350,186
481,108
604,99
219,135
571,106
629,101
460,112
361,186
434,160
587,106
148,120
62,23
27,19
392,127
323,131
253,147
531,93
457,99
40,21
502,104
571,99
628,112
587,99
236,83
440,131
524,93
346,184
184,136
489,93
238,117
387,186
63,74
283,125
174,75
572,106
461,112
26,66
611,110
152,73
153,125
616,99
106,39
117,106
50,21
512,104
309,174
21,47
385,131
407,188
445,105
503,104
303,127
145,117
629,112
577,106
154,134
526,93
418,188
555,104
413,119
615,99
102,50
234,138
163,138
129,110
337,131
542,95
375,186
213,134
577,99
461,98
138,71
466,111
485,108
555,97
98,57
106,41
234,98
417,117
91,90
132,69
371,135
228,81
427,188
21,49
137,112
601,110
622,99
556,104
245,143
617,110
55,73
186,136
442,126
477,93
471,110
184,77
392,186
251,119
458,112
605,99
92,90
610,110
96,29
25,23
498,106
247,144
621,99
588,108
393,127
450,120
221,81
317,179
109,102
454,116
264,123
25,24
82,27
107,33
414,117
76,25
386,129
480,108
495,106
490,93
569,104
201,134
459,112
23,30
284,125
142,71
330,184
352,133
65,74
232,112
431,111
306,129
589,108
311,176
248,144
432,188
419,115
314,176
153,131
443,105
505,93
413,188
570,97
347,184
111,67
627,112
155,135
332,131
100,54
155,126
432,179
237,139
516,93
153,132
123,108
455,101
25,66
553,97
60,23
192,135
255,148
440,107
130,69
43,70
614,110
100,61
356,135
174,138
359,186
418,117
501,106
322,130
591,108
23,37
32,19
360,186
89,87
306,170
252,120
638,107
108,36
551,95
19,54
275,160
296,166
388,129
109,67
436,149
23,34
423,114
464,97
600,99
484,108
447,120
325,182
452,117
182,138
238,87
85,27
232,108
89,88
252,119
308,129
189,77
619,111
160,136
179,75
108,35
19,63
94,90
444,125
335,131
448,120
219,81
436,156
111,103
349,184
438,136
187,136
136,112
199,79
599,99
232,83
604,110
219,136
492,106
265,123
486,93
434,175
345,133
370,135
449,103
35,68
436,155
228,136
325,184
127,108
326,131
43,21
90,88
382,186
164,73
497,106
105,42
582,99
434,166
143,71
236,94
407,121
321,181
449,120
88,29
539,102
212,134
432,111
396,125
568,97
517,104
506,93
567,104
219,134
358,186
434,161
511,93
611,99
152,124
27,18
175,138
369,186
120,106
