449,226
69,260
110,190
348,138
27,205
135,100
234,289
273,77
220,332
204,22
276,78
16,190
180,95
70,257
435,209
437,253
331,288
84,232
178,85
125,271
198,16
325,349
117,96
214,368
109,177
80,116
44,138
226,312
34,144
386,168
100,206
279,407
284,405
399,265
309,395
38,140
203,207
160,26
144,265
165,263
222,328
226,320
122,273
450,226
451,240
100,102
340,130
178,257
79,195
85,232
12,184
216,377
217,32
325,335
97,288
374,158
449,245
98,212
151,265
337,130
172,69
234,282
76,246
80,241
207,22
261,68
288,403
40,212
311,393
170,14
226,227
248,407
12,183
364,277
369,275
60,126
80,287
408,188
245,54
213,29
323,382
270,411
427,204
231,393
72,120
145,102
220,336
385,269
169,104
10,178
196,217
16,154
287,87
197,213
400,180
159,41
289,90
168,63
299,97
451,231
234,253
325,119
293,94
228,40
119,273
391,268
327,292
80,239
411,188
13,160
108,98
383,168
367,153
353,141
320,114
232,244
207,207
105,283
451,236
154,104
28,148
179,96
170,104
133,100
10,164
218,380
237,48
37,211
113,98
228,309
103,285
86,191
371,157
48,136
357,146
67,203
105,284
196,16
115,96
283,86
28,147
230,302
10,175
363,149
81,114
228,231
178,98
216,348
422,259
46,213
86,289
99,182
120,273
33,209
180,96
271,75
83,193
199,213
209,207
48,134
49,211
447,221
323,323
440,212
170,69
226,38
68,274
235,259
199,210
354,281
82,114
173,73
14,157
166,104
422,198
193,14
49,212
447,218
323,328
163,265
74,283
34,211
220,221
187,12
356,279
104,200
342,285
325,374
347,137
166,16
41,140
443,215
126,98
236,281
112,279
45,136
212,210
323,305
172,13
134,267
211,26
266,70
139,265
201,208
148,102
441,212
89,189
215,30
72,280
306,397
401,265
329,289
421,198
367,276
151,104
411,263
379,273
416,261
70,120
143,265
236,272
93,185
167,104
24,202
246,404
323,310
109,281
99,287
99,210
28,206
232,295
162,46
128,98
291,91
152,104
85,193
105,200
106,198
68,271
325,376
130,269
168,104
221,332
208,207
445,217
108,194
236,271
255,61
97,183
32,145
177,258
340,285
345,283
323,319
92,187
226,388
317,112
325,353
92,108
184,245
21,152
421,259
319,391
214,364
107,98
343,285
71,120
236,262
224,326
187,241
303,101
433,206
272,76
220,383
100,210
191,229
322,116
70,276
239,50
78,244
153,104
106,200
325,362
92,107
185,242
114,184
132,100
223,37
205,207
210,26
191,12
86,231
214,359
72,199
235,46
206,22
176,101
432,255
323,301
307,103
128,269
275,78
191,226
158,36
381,165
325,339
114,179
166,55
227,39
449,225
87,228
110,191
347,283
96,212
352,281
226,318
215,213
146,265
74,250
75,248
273,76
220,333
16,191
162,50
435,208
248,56
84,233
103,202
233,292
89,226
125,270
325,348
222,326
175,259
214,369
252,60
99,102
226,313
174,73
379,163
100,207
389,172
31,209
342,132
38,141
438,253
79,197
160,27
107,177
222,329
449,243
451,243
72,252
384,168
95,106
97,212
377,273
76,248
395,178
403,265
442,251
371,275
408,263
279,81
12,185
142,102
15,156
90,226
346,136
325,334
21,197
449,244
167,59
387,170
172,70
337,129
84,288
125,98
234,283
76,247
80,242
261,67
227,312
391,174
30,207
361,148
40,213
315,112
137,267
160,41
257,63
224,385
60,127
245,53
213,28
73,252
234,258
240,400
165,106
220,337
10,179
16,155
287,86
315,393
289,89
90,289
18,194
299,96
451,230
234,250
325,118
110,98
164,52
130,100
293,93
73,118
97,104
406,263
410,263
35,142
55,211
76,116
241,51
367,152
353,140
316,112
65,205
192,14
232,245
285,405
22,198
230,238
449,223
451,239
145,265
164,51
175,102
50,134
69,122
123,273
262,68
10,165
300,399
230,391
162,104
218,381
237,47
292,401
241,52
315,391
320,389
228,310
277,79
371,156
26,148
357,145
51,132
325,120
116,275
230,303
195,219
233,44
214,30
328,291
57,209
98,104
82,238
10,172
122,98
363,148
77,116
178,99
216,349
314,393
302,399
365,277
170,261
71,199
271,74
199,212
443,216
141,102
309,106
401,182
354,142
48,135
138,265
447,220
323,322
271,409
104,179
200,209
165,55
132,267
170,66
134,100
229,42
68,275
217,344
218,342
236,396
166,105
314,110
210,207
323,331
163,264
265,70
147,102
80,195
119,98
104,201
103,179
325,373
236,395
347,136
166,17
369,155
294,401
443,214
444,216
106,100
178,12
217,31
236,282
187,237
212,211
88,289
323,304
297,96
172,14
162,20
59,209
62,126
82,287
100,181
72,281
218,344
421,197
369,156
411,262
378,162
379,272
70,121
108,196
181,10
236,273
203,21
24,203
350,281
246,405
323,313
74,199
28,207
232,296
87,289
162,47
219,34
291,90
95,289
66,124
85,192
68,264
106,199
121,273
72,256
91,108
163,20
325,359
295,94
332,287
445,216
160,104
214,362
108,195
236,264
255,60
94,289
224,320
115,275
188,235
334,126
32,146
177,257
323,318
298,96
226,389
78,242
389,269
107,283
325,352
96,104
131,100
166,58
78,285
83,287
319,390
214,365
343,284
236,263
183,247
187,240
447,249
303,100
114,96
191,228
158,34
70,277
78,245
15,187
325,361
185,241
114,185
223,36
285,86
86,228
161,104
214,356
362,277
113,186
405,263
26,204
176,102
323,300
234,292
307,102
247,405
30,208
158,37
381,164
239,399
178,88
325,338
181,253
227,38
444,251
121,98
449,224
73,199
96,213
22,152
387,269
226,319
297,399
392,267
229,391
322,385
433,255
417,261
74,251
220,334
180,89
162,51
58,128
311,107
84,234
178,83
14,160
125,269
325,347
399,179
20,196
76,284
222,327
398,178
174,78
231,43
379,162
389,171
228,389
11,162
341,285
79,196
160,28
20,195
76,283
319,113
451,242
215,373
72,253
172,72
51,211
219,338
77,197
158,30
403,264
226,230
279,80
283,405
394,176
288,88
325,333
308,395
37,142
355,144
129,99
292,92
98,210
98,287
172,71
337,128
84,289
156,265
92,289
261,66
102,206
324,297
311,395
137,266
160,42
257,62
224,386
169,263
245,52
101,287
129,100
234,259
240,401
220,338
224,224
353,281
10,176
16,156
60,128
315,392
65,203
289,88
343,133
18,195
71,256
365,152
384,271
39,140
249,58
451,233
234,251
199,17
164,53
221,36
293,92
119,275
230,306
93,106
165,18
411,190
418,196
55,210
76,117
241,50
65,204
232,246
22,199
230,239
449,222
451,238
111,279
404,184
32,209
123,272
359,147
240,399
81,238
10,162
373,275
218,378
237,46
167,263
172,261
228,311
321,115
266,411
103,287
291,401
277,78
26,149
357,144
230,300
195,218
416,194
71,201
271,76
169,65
10,173
269,411
180,10
222,222
321,116
178,96
216,350
91,187
174,12
92,218
219,217
383,271
38,211
228,232
101,102
263,411
176,259
141,101
309,105
401,181
313,110
277,80
68,203
323,325
238,48
170,67
229,41
103,181
218,343
236,397
19,154
420,196
221,383
82,112
158,265
87,189
323,330
74,281
280,407
265,69
34,209
61,126
136,267
84,193
104,202
86,110
361,279
325,372
163,105
112,186
369,154
217,30
235,395
293,401
187,236
278,80
423,199
246,403
321,389
50,211
323,307
211,28
162,21
59,208
149,265
81,195
174,259
179,257
269,74
325,381
112,177
421,196
374,273
230,42
236,274
203,20
148,265
213,211
323,312
96,185
232,297
124,271
68,265
106,196
251,59
179,253
325,358
63,205
48,213
214,363
236,265
183,249
224,321
25,203
302,100
29,207
194,14
359,279
70,275
435,255
164,263
78,243
247,55
107,282
325,367
110,192
330,122
96,105
166,59
188,12
214,354
183,246
96,216
42,140
189,235
447,248
182,10
114,97
191,231
158,35
36,142
325,360
114,182
191,14
86,229
214,357
295,401
26,205
318,391
193,225
412,261
214,212
323,303
417,259
75,197
30,209
89,289
256,62
368,275
258,411
173,12
84,236
178,89
325,337
181,252
114,177
73,281
96,214
405,186
226,316
417,260
74,248
220,335
261,411
180,90
162,48
70,260
435,210
311,106
315,111
102,181
84,235
324,332
397,178
163,51
399,178
238,398
20,197
76,285
403,183
325,346
445,251
164,18
23,201
338,285
375,160
47,136
174,79
231,42
434,255
254,409
56,128
201,19
240,50
389,170
228,390
393,175
13,185
33,144
216,373
107,179
415,193
185,11
402,182
66,203
319,112
72,254
149,102
172,73
45,213
190,231
104,100
176,12
234,286
236,46
201,20
101,206
339,130
233,395
158,31
18,191
436,210
313,393
226,231
428,257
90,224
325,332
185,12
439,212
129,98
98,211
383,167
183,10
311,394
64,205
137,265
160,43
14,186
310,395
168,59
224,387
169,262
64,124
450,243
451,227
394,267
131,267
105,100
430,206
160,265
234,256
77,246
224,225
207,24
10,177
323,385
217,377
390,172
397,267
343,132
18,192
365,151
299,98
249,57
451,232
199,16
164,54
221,35
208,24
119,274
193,223
76,118
367,154
232,247
12,160
287,403
325,295
404,263
65,124
230,236
90,108
329,122
355,279
230,298
50,132
359,146
368,154
333,126
10,163
373,274
216,30
109,98
218,379
290,403
335,287
321,114
103,286
216,344
168,16
371,158
300,98
355,143
176,80
218,32
92,220
230,301
195,221
305,397
71,200
223,326
98,102
82,236
10,170
338,130
85,289
157,265
413,191
198,213
18,154
363,150
93,289
222,223
376,160
233,249
178,97
325,297
92,219
25,150
409,188
129,269
419,196
241,401
349,283
317,391
228,233
339,285
379,271
141,100
344,283
309,104
401,180
313,109
447,222
216,213
323,324
126,269
271,411
94,218
276,409
143,102
58,209
420,259
229,40
103,180
218,340
259,65
82,113
272,409
242,52
321,387
69,203
101,181
265,68
318,112
52,132
280,82
68,260
86,111
234,44
361,278
325,371
163,104
54,132
112,187
347,138
222,383
106,98
178,10
214,350
236,276
187,239
23,150
423,198
173,261
321,388
323,306
243,52
245,403
358,146
303,397
197,16
81,194
231,298
179,256
269,73
325,380
381,271
43,138
62,207
102,102
236,275
385,168
297,401
323,315
222,384
423,257
79,116
232,298
323,117
162,45
127,269
291,92
75,283
66,122
68,266
106,197
251,58
325,357
439,253
337,287
85,191
86,232
214,360
236,266
255,62
183,248
224,322
115,277
152,265
226,387
307,395
312,393
247,54
301,100
86,112
180,253
325,366
96,106
166,56
331,123
155,265
214,355
91,289
237,397
274,409
20,152
189,234
172,102
335,127
232,393
303,102
323,297
94,185
191,230
158,32
159,265
436,255
83,236
325,343
114,183
223,38
167,16
193,224
214,213
234,290
307,104
323,302
252,408
16,187
180,92
70,258
311,108
178,86
107,196
414,192
325,336
181,251
182,251
399,180
168,64
227,40
118,275
164,20
113,177
96,215
405,185
226,317
375,273
231,44
252,407
74,249
76,197
180,91
53,211
162,49
78,197
315,110
325,345
238,399
186,241
403,182
445,250
448,247
214,372
164,19
79,287
174,76
430,257
140,100
379,164
362,148
308,104
56,129
201,18
228,391
265,411
393,174
286,405
195,16
216,374
107,178
415,192
71,279
185,10
222,332
72,255
407,187
63,126
299,399
304,397
175,79
234,287
144,102
406,186
103,100
158,28
114,277
226,228
279,82
264,68
283,407
12,180
90,225
162,265
323,381
282,84
427,203
123,271
102,204
413,261
383,166
437,212
12,179
160,44
14,187
168,60
169,261
24,150
64,125
84,112
267,71
451,226
234,254
373,158
358,279
52,211
234,257
363,277
224,226
230,392
323,384
112,98
232,241
287,405
397,266
18,193
365,150
249,56
451,235
89,108
234,249
164,55
221,34
77,285
150,102
351,281
193,222
230,304
359,148
70,201
253,60
341,132
287,88
255,409
232,248
12,161
325,294
274,78
22,197
352,140
425,202
85,112
230,237
231,241
329,121
350,140
283,85
429,206
230,299
50,133
95,216
333,125
373,273
147,265
221,221
216,345
396,178
289,403
291,403
296,401
244,401
355,142
249,407
176,81
304,102
429,257
161,22
92,221
99,181
81,287
195,220
98,103
388,170
82,237
10,171
138,100
413,190
296,94
386,269
228,312
325,296
91,189
133,267
426,202
47,213
95,185
417,195
59,207
331,287
161,265
199,209
349,282
223,223
228,234
268,411
14,158
313,108
176,79
216,214
323,327
271,410
246,54
417,196
94,106
370,156
170,65
209,26
324,381
218,341
54,130
259,64
90,222
423,200
321,386
69,202
87,191
323,332
56,209
257,411
220,217
68,261
361,277
325,370
112,188
39,211
106,99
178,11
214,351
236,277
97,185
187,238
171,104
173,260
323,309
402,265
330,289
78,116
232,292
175,12
256,409
442,214
81,193
154,265
68,268
269,72
396,267
325,379
446,218
236,268
203,22
297,400
377,162
432,206
433,208
34,142
323,314
219,381
222,385
278,407
83,112
282,407
106,179
323,116
431,255
345,135
66,123
247,56
68,267
179,255
325,356
111,98
337,286
63,207
156,104
214,361
200,18
127,98
236,267
183,251
224,323
115,276
172,104
192,225
227,389
427,257
88,108
345,136
184,10
239,49
96,289
301,99
325,365
166,57
331,122
349,140
426,257
357,279
214,352
235,45
110,177
20,153
42,138
189,233
172,103
335,126
232,394
360,148
214,211
434,208
273,409
113,279
191,225
158,33
201,207
212,28
393,267
88,226
414,261
325,342
114,180
97,287
157,104
90,189
75,118
26,203
234,291
252,409
382,166
75,199
169,14
158,40
16,188
180,93
70,259
437,255
168,263
100,287
178,87
270,74
325,351
40,140
168,65
41,213
372,158
214,370
257,64
80,114
405,184
44,136
226,314
174,74
139,100
98,183
364,150
38,142
441,253
225,227
160,24
325,344
220,34
222,330
445,249
446,249
214,373
22,150
410,188
174,77
124,98
56,130
312,108
153,265
395,177
260,411
104,285
216,375
319,114
232,44
267,72
449,247
415,261
258,64
387,169
407,186
372,275
234,284
164,106
166,263
171,261
102,202
391,173
158,29
286,86
413,192
366,277
226,229
248,405
283,406
12,181
160,22
324,118
427,202
412,190
72,118
385,271
336,128
102,205
197,215
437,211
160,45
17,191
275,409
168,61
22,200
43,213
64,126
230,240
267,70
268,72
234,255
451,229
328,120
382,271
419,259
131,269
424,257
174,102
68,122
224,227
332,124
230,393
232,242
287,404
397,265
343,134
229,235
230,235
451,234
199,18
225,38
155,104
193,221
230,305
30,146
391,267
217,215
327,291
10,166
341,131
431,257
197,217
235,282
202,20
61,207
232,249
12,162
195,15
325,293
277,407
425,201
409,263
329,120
186,12
355,281
283,84
375,159
429,205
360,279
333,124
137,100
218,377
438,212
228,306
178,100
216,346
291,402
244,402
176,82
92,222
111,281
243,401
356,144
35,211
10,168
392,174
110,281
222,221
91,188
111,177
277,409
225,387
323,321
370,275
417,194
218,216
68,272
349,281
407,263
228,235
14,159
111,190
166,106
210,208
216,215
323,326
163,263
93,218
94,216
250,58
55,130
60,207
209,25
119,97
123,98
218,338
54,131
166,18
90,223
146,102
316,391
321,385
69,201
87,190
380,164
106,283
220,218
441,214
117,275
190,12
29,146
68,262
31,146
325,369
163,106
329,291
112,189
366,152
294,94
411,261
70,122
236,278
93,187
168,14
97,184
173,259
323,308
57,128
232,293
303,399
219,33
256,410
281,83
335,128
68,269
87,110
108,177
326,120
325,378
367,275
151,103
102,100
88,189
108,192
236,269
377,161
447,247
323,317
34,143
398,265
423,259
27,148
345,134
281,84
67,122
105,179
251,60
179,254
325,355
78,286
337,285
63,206
211,209
319,389
284,86
69,275
214,366
236,260
183,250
224,324
220,381
100,208
393,176
88,109
70,278
307,397
239,48
78,246
301,98
344,134
325,364
327,120
114,186
349,139
150,265
120,98
214,353
235,44
109,192
236,259
20,154
42,139
189,232
232,395
323,299
113,278
297,95
11,179
158,38
244,52
88,227
306,102
325,341
185,245
114,181
136,100
351,140
141,265
234,288
273,78
74,252
75,198
59,128
158,41
16,189
180,94
70,256
202,207
437,254
441,251
331,289
79,242
135,267
140,265
178,84
325,350
229,306
214,371
80,115
333,287
44,137
226,315
174,75
441,252
160,25
238,397
403,184
224,38
42,213
222,331
390,269
451,241
326,293
22,151
171,69
407,188
84,287
224,223
395,176
251,407
346,283
403,263
216,376
415,194
97,289
49,134
449,246
387,168
189,12
179,10
234,285
80,240
334,287
207,23
102,203
391,172
54,211
40,211
262,411
248,406
264,411
12,182
160,23
213,30
323,383
72,119
385,270
388,269
298,399
267,411
197,214
253,409
437,210
205,22
14,185
168,62
22,201
424,200
206,207
448,222
230,241
451,228
234,252
131,268
428,204
391,269
301,399
53,132
327,293
348,283
80,238
411,189
36,211
55,209
353,142
173,102
232,243
44,213
451,237
431,206
10,167
341,130
431,256
197,216
227,231
228,308
177,100
195,14
159,28
425,200
26,150
105,285
91,222
355,280
28,146
194,221
195,217
375,158
429,204
395,267
218,215
400,265
10,174
177,12
378,273
142,265
228,307
216,347
108,281
171,14
244,403
176,83
111,280
99,183
102,287
380,271
118,96
10,169
234,395
17,154
310,106
277,408
323,320
161,45
218,217
170,68
425,257
336,287
68,273
158,104
254,60
199,211
14,156
210,209
49,213
447,219
323,329
74,282
94,217
34,210
220,220
209,24
119,96
325,375
218,339
259,66
236,280
187,235
212,209
172,12
211,27
162,22
201,209
220,219
222,36
441,213
68,263
159,104
72,279
325,368
329,290
112,190
367,277
236,279
74,118
93,186
168,15
223,385
24,201
250,407
323,311
28,205
232,294
303,398
290,90
219,32
256,411
281,82
68,270
325,377
260,66
151,102
445,218
46,136
102,101
215,350
108,193
236,270
263,68
377,160
32,144
177,259
323,316
259,411
423,258
323,118
107,281
325,354
204,207
78,287
443,251
376,273
214,367
236,261
183,245
224,325
433,207
220,382
114,98
100,209
88,110
179,89
70,279
307,396
82,193
281,407
177,83
305,102
325,363
92,106
185,243
331,124
349,138
242,401
116,96
191,13
86,230
214,358
343,283
189,231
176,100
323,298
113,277
297,94
191,227
158,39
381,166
440,253
88,228
325,340
418,259
19,195
185,244
114,178
225,320
