48,112
79,56
12,78
53,53
103,15
98,102
113,189
116,158
150,196
113,24
94,10
122,197
40,60
221,122
222,120
85,25
60,132
62,53
88,124
208,126
198,129
114,110
158,151
119,195
122,30
54,104
179,77
156,192
30,100
62,132
80,56
123,31
197,130
77,128
158,185
55,100
121,138
168,67
77,55
181,79
144,198
8,87
14,77
136,201
39,127
43,120
93,110
206,99
89,54
174,72
85,56
90,53
86,55
215,106
163,64
87,54
113,107
83,14
203,96
52,105
22,102
158,158
173,138
107,19
158,59
108,20
178,76
87,10
120,146
35,96
158,160
37,135
114,164
43,91
49,140
129,201
96,104
50,139
10,92
114,190
194,90
54,52
95,107
115,191
117,26
50,108
118,152
107,101
188,132
110,178
25,70
109,103
89,33
113,108
220,110
90,38
45,140
28,68
37,63
205,99
46,115
72,54
203,127
86,26
138,44
108,19
73,55
157,192
158,171
85,127
127,35
110,105
57,99
117,114
145,49
88,31
192,87
155,194
94,108
172,138
118,118
60,93
163,141
45,90
78,56
34,65
44,120
112,187
217,123
103,16
9,81
110,181
197,91
166,140
36,95
154,57
150,195
67,130
92,49
187,84
222,119
189,86
55,85
40,93
105,17
80,128
93,46
63,53
33,98
90,117
99,13
30,99
62,131
76,128
158,180
117,194
100,14
91,115
146,49
121,135
44,119
89,9
217,124
9,90
119,147
64,53
84,56
11,92
117,157
188,85
39,94
169,139
221,120
59,133
29,68
26,70
42,60
47,113
111,177
167,67
132,39
84,12
125,199
158,149
72,129
44,58
131,202
53,104
200,95
75,55
52,138
125,33
158,191
191,87
55,102
121,136
116,112
206,127
90,9
46,140
43,122
112,22
213,106
54,136
152,55
113,23
142,46
118,28
143,47
54,85
95,10
179,136
221,113
170,139
198,93
83,16
70,129
151,54
137,201
52,107
67,53
84,11
136,41
152,195
38,130
85,10
68,54
158,156
39,139
180,78
135,41
28,101
159,60
126,33
50,54
92,113
37,133
118,194
12,96
140,45
171,138
165,140
58,86
120,122
116,192
94,107
41,125
59,94
216,108
187,133
195,90
78,55
171,70
172,72
59,52
200,129
56,134
146,197
91,51
199,94
90,36
156,58
130,37
165,65
160,61
222,114
133,40
157,59
83,127
132,202
111,173
39,128
209,102
162,63
158,169
87,29
185,134
41,92
40,126
96,11
186,133
57,97
175,137
158,179
33,65
59,87
47,56
133,202
52,53
172,71
213,124
112,189
175,74
123,198
83,56
119,148
212,104
167,139
122,198
92,51
82,128
149,52
201,96
208,101
222,117
92,41
88,121
210,103
43,58
93,44
160,145
70,54
51,138
48,56
17,101
167,140
158,186
121,126
44,91
121,133
40,139
184,134
119,119
8,84
169,68
14,78
9,88
43,140
36,64
102,100
11,94
117,155
118,27
24,70
66,53
176,136
91,39
120,195
149,196
194,131
131,38
83,13
47,115
164,65
158,155
121,29
38,137
111,22
176,75
204,97
159,146
47,89
45,57
120,143
87,9
158,189
161,143
204,127
164,140
121,142
57,85
116,114
189,132
55,135
93,112
32,65
13,97
170,69
112,171
218,123
50,140
10,81
113,170
55,52
217,109
12,95
151,195
182,135
88,33
214,124
150,53
83,18
155,58
111,184
53,85
15,99
168,139
38,128
190,86
137,42
166,66
54,103
49,55
21,102
31,99
19,74
158,164
139,44
32,98
109,21
37,131
89,119
144,49
145,197
155,193
16,101
117,117
120,124
87,124
141,46
207,126
158,166
111,106
53,138
207,100
61,90
41,140
110,182
52,86
147,51
127,201
13,78
121,197
61,52
85,55
67,129
81,128
129,36
38,94
103,100
148,52
187,83
31,66
104,17
153,194
161,62
111,175
158,175
87,31
46,89
89,120
90,118
209,126
58,95
21,73
158,177
42,122
146,50
121,130
64,131
119,120
23,71
88,9
65,130
118,151
158,192
119,150
79,128
113,190
148,51
27,69
39,93
93,48
50,87
112,107
85,26
92,43
62,52
88,123
57,134
116,161
56,100
106,18
20,74
26,101
58,133
42,91
124,33
158,150
196,130
23,102
158,184
55,101
121,139
183,80
144,197
216,124
8,86
192,88
55,136
57,52
88,54
178,136
43,121
49,110
93,111
47,140
90,52
114,25
185,81
119,28
93,9
108,103
215,107
126,201
87,55
179,135
83,15
203,97
110,21
15,100
192,131
158,153
73,128
134,41
58,97
115,112
120,145
84,127
35,97
126,34
158,163
121,140
114,167
86,125
129,202
112,173
59,93
116,26
113,168
117,27
100,101
196,91
115,162
60,52
109,104
128,36
14,99
89,34
113,109
199,93
83,20
111,186
84,23
19,102
142,199
39,62
158,170
74,55
61,132
174,137
18,75
110,104
117,115
120,126
193,88
211,125
18,101
60,92
23,72
147,196
34,64
97,102
78,128
61,88
175,73
9,82
69,129
197,92
110,180
143,48
45,117
186,83
15,76
154,56
106,101
219,122
201,128
222,118
46,117
105,18
86,28
63,131
93,47
124,199
158,173
48,140
90,116
177,75
158,183
34,97
130,202
100,13
121,128
51,54
60,91
119,122
102,15
44,118
56,52
48,113
211,104
12,79
9,91
177,136
116,159
44,140
48,87
11,93
117,158
188,84
40,61
221,121
85,24
131,37
60,133
120,29
132,38
125,200
30,67
114,111
158,148
38,138
72,128
111,21
133,39
119,194
122,31
53,105
200,94
210,125
179,76
156,193
177,76
158,190
159,145
197,129
76,55
121,137
168,68
181,78
8,88
206,126
35,64
170,70
93,109
89,53
152,54
174,73
220,122
191,131
153,55
101,100
221,114
219,110
150,54
170,138
198,92
83,17
25,102
155,57
52,106
158,159
152,194
85,11
173,137
107,18
16,76
180,77
120,147
28,100
159,61
158,161
92,112
37,134
114,165
182,79
111,105
96,105
59,95
216,107
114,191
195,91
54,53
95,106
188,133
171,71
50,109
118,153
110,179
153,56
200,128
115,164
42,140
14,97
220,111
83,22
36,63
214,106
165,66
28,69
37,62
205,98
86,27
17,75
73,54
158,168
85,126
41,93
163,63
141,199
40,125
96,10
127,34
57,98
97,11
158,178
94,109
118,119
47,57
113,167
45,89
213,125
112,188
203,128
119,149
49,112
91,9
181,135
92,50
149,53
84,24
139,200
222,116
189,85
92,40
143,198
210,102
51,108
93,45
43,59
17,76
160,144
158,147
29,100
26,102
58,134
33,97
37,136
42,92
51,139
99,12
158,181
121,127
44,90
91,114
117,193
98,11
121,134
96,103
154,194
10,79
101,14
8,83
169,69
98,101
9,89
37,95
58,52
191,132
94,9
117,156
92,9
29,67
194,130
111,176
164,64
114,109
158,154
121,30
38,136
176,74
199,129
159,147
45,58
182,80
115,111
191,86
158,188
121,143
116,113
36,96
86,126
135,201
41,123
112,170
10,80
112,23
212,125
213,105
54,137
142,47
12,94
182,134
88,32
115,161
221,112
140,200
83,19
111,185
137,200
136,42
158,157
38,131
137,43
39,138
54,102
69,54
83,128
201,95
39,61
56,85
158,167
139,45
50,55
92,114
37,132
144,48
16,100
82,56
120,123
87,125
116,193
41,124
18,102
10,91
194,89
202,128
207,101
68,129
162,142
107,102
61,91
104,100
110,177
56,135
52,85
215,124
140,199
129,37
90,37
49,87
91,40
31,67
160,62
104,16
157,58
222,115
161,63
209,101
138,43
158,174
87,28
185,133
89,121
40,127
22,72
158,176
190,132
121,131
64,130
59,86
60,88
118,117
119,121
133,201
134,201
163,142
52,54
211,103
119,151
110,184
212,105
93,49
138,200
50,86
112,106
24,102
92,42
88,122
93,43
116,160
56,99
20,73
124,32
71,54
86,10
210,126
158,187
91,116
121,132
40,140
183,81
60,87
8,85
75,128
115,25
105,100
49,111
99,101
65,53
117,154
24,71
185,82
114,24
176,137
119,29
108,102
41,60
91,38
219,109
120,196
26,69
126,200
42,59
83,12
47,114
180,135
115,192
128,201
221,111
158,152
204,98
193,131
47,88
134,40
160,143
58,96
120,144
161,142
158,162
164,141
121,141
81,56
114,166
32,66
13,96
112,172
116,25
113,169
95,105
184,81
206,100
50,110
100,100
118,154
217,108
115,163
51,86
66,130
173,72
128,35
14,98
48,88
89,35
83,21
111,187
195,130
84,22
67,54
71,129
38,129
48,55
38,62
166,67
158,60
142,198
158,165
32,99
109,20
205,127
18,74
58,85
117,116
120,125
141,45
193,89
46,57
147,197
53,137
97,103
11,79
61,89
9,83
218,109
110,183
186,82
45,118
147,50
15,77
91,52
106,100
89,36
121,196
219,123
38,95
20,102
27,101
46,116
202,96
111,174
183,134
51,107
124,198
123,32
158,172
87,30
90,119
21,72
158,182
42,123
98,12
121,129
74,128
148,196
102,14
