89,11
197,479
165,230
220,477
169,227
11,90
92,346
80,12
371,405
252,266
10,97
124,391
241,421
258,262
89,12
308,298
149,80
26,208
191,128
34,144
181,303
371,410
26,67
106,366
35,147
37,54
320,417
355,431
87,10
90,343
325,326
272,350
165,263
222,328
226,320
14,84
183,217
221,475
222,475
249,351
212,341
12,90
32,179
304,393
34,171
110,369
131,54
242,290
119,40
123,45
303,289
335,431
178,470
185,120
239,382
150,80
249,352
30,191
34,162
165,98
169,103
187,477
140,416
162,94
325,423
204,146
350,433
282,362
177,112
180,219
325,328
308,400
165,265
78,325
175,287
52,288
223,473
198,338
326,423
169,104
316,310
68,311
353,372
173,108
84,12
30,64
208,150
207,198
175,292
251,351
72,16
217,163
227,470
355,378
193,331
31,257
20,118
167,268
243,359
65,305
84,11
216,334
126,394
290,268
237,456
241,378
24,224
151,423
248,276
217,164
291,375
369,414
78,13
260,347
226,471
230,311
233,465
147,75
170,104
193,332
196,207
126,397
241,371
302,391
290,374
175,108
16,112
145,73
221,169
190,477
300,389
356,378
175,221
213,479
34,57
239,453
241,411
24,127
246,281
228,316
51,285
236,300
38,53
94,349
241,372
132,58
332,338
173,285
338,348
50,40
364,392
183,307
191,211
158,424
365,423
354,431
29,133
179,296
141,417
218,334
201,142
293,272
241,412
24,70
228,315
104,361
286,369
236,299
241,365
22,234
24,245
88,338
323,323
351,369
281,256
138,411
232,306
30,133
274,353
215,477
241,405
336,431
192,478
35,56
22,237
187,213
314,410
280,358
262,257
32,140
162,429
127,397
219,164
309,298
113,375
294,379
321,319
230,467
12,98
195,207
233,461
221,180
359,383
52,40
199,203
183,120
185,214
241,398
187,125
297,282
67,22
159,243
40,52
22,228
28,64
266,256
322,421
216,160
50,283
36,151
112,32
184,120
334,340
118,385
252,351
307,297
306,397
224,473
168,438
80,328
170,454
338,433
214,338
14,111
34,259
159,248
361,427
187,316
97,353
259,260
176,112
139,68
194,134
251,270
284,260
287,265
116,381
244,359
137,62
28,206
30,254
231,465
268,349
303,393
108,28
36,158
365,395
100,358
335,343
191,324
197,338
200,340
148,423
241,440
350,368
170,449
261,347
209,154
262,347
156,423
121,387
48,280
286,365
217,477
129,54
352,372
189,212
29,64
34,141
36,54
237,296
62,301
28,197
193,130
215,191
317,310
241,433
170,456
176,292
159,238
363,425
163,235
294,276
296,382
98,355
318,414
357,380
68,20
270,349
74,319
291,271
288,369
143,70
201,203
329,331
239,391
201,340
240,292
241,426
276,354
102,20
24,223
26,207
32,175
324,421
182,474
56,293
167,228
171,282
171,225
252,268
329,332
263,347
157,244
124,393
241,419
205,200
170,442
99,16
297,383
301,287
89,10
363,423
165,229
77,323
169,226
26,214
207,149
226,318
67,309
234,302
92,347
327,330
331,338
371,404
252,267
240,451
203,201
62,28
89,341
72,315
241,420
222,326
114,375
14,82
198,479
254,264
200,479
26,209
248,353
34,145
181,302
115,38
371,413
264,256
106,367
83,331
320,418
197,138
235,459
325,325
36,264
165,262
272,351
189,128
212,156
183,216
26,216
212,342
304,394
32,180
33,58
34,168
177,295
195,333
299,283
195,135
15,111
36,160
131,57
152,82
45,46
123,44
303,288
78,323
135,61
283,259
178,471
130,402
42,272
299,387
193,207
30,188
34,163
181,304
54,38
165,97
169,102
298,386
173,225
140,417
33,172
53,289
143,419
111,32
42,50
282,363
283,363
142,418
308,401
165,264
175,286
52,289
319,318
321,320
188,477
261,258
173,107
345,433
181,219
72,17
217,162
102,360
144,72
82,329
193,330
20,119
167,271
152,423
216,335
126,395
237,455
241,377
24,225
337,347
248,277
18,76
369,413
174,108
230,308
233,464
147,74
221,175
174,223
238,455
46,277
211,342
359,427
93,347
94,347
241,370
337,348
290,375
183,309
22,72
264,347
175,111
16,113
145,72
221,168
223,324
197,207
217,334
239,452
183,475
166,433
241,410
257,349
250,270
310,401
241,363
136,62
173,284
50,41
358,429
183,306
369,399
191,210
158,425
57,295
147,421
365,422
120,385
66,24
214,479
179,299
201,141
203,145
40,269
241,403
25,127
104,362
158,246
70,20
343,355
241,364
22,235
24,246
333,340
117,39
192,130
88,339
323,322
163,259
351,368
232,307
12,100
268,254
16,111
79,12
10,94
263,256
268,256
199,205
241,404
192,479
250,272
13,84
314,411
280,359
174,466
32,141
219,167
321,318
12,99
221,179
359,382
185,213
241,397
349,367
187,124
297,281
151,82
242,363
246,355
159,242
22,229
188,213
28,65
179,471
39,52
154,84
177,221
122,390
88,10
362,425
307,296
168,439
80,329
170,455
214,339
14,108
159,251
361,426
287,264
219,181
30,255
36,159
274,254
365,394
100,359
335,342
161,237
197,337
253,351
241,447
170,462
44,273
209,153
247,353
48,281
161,94
129,53
224,320
367,397
26,250
189,211
247,278
36,55
245,359
28,198
215,190
164,262
134,405
282,258
233,304
241,432
204,201
80,327
170,457
191,477
265,347
32,58
363,424
163,234
218,477
296,383
318,415
357,379
68,21
291,270
21,121
22,121
44,46
64,303
155,85
288,370
201,202
329,330
239,390
161,255
240,293
241,425
276,355
64,24
66,308
48,279
130,399
216,189
324,422
182,475
56,294
184,475
26,127
29,194
252,269
312,405
98,16
62,26
245,282
157,243
174,286
339,349
324,324
113,34
241,418
205,199
170,443
119,385
301,286
176,467
169,225
315,309
26,215
207,148
226,319
234,303
260,258
371,407
105,26
285,262
72,316
109,30
222,327
258,260
298,383
14,83
254,265
191,130
181,301
164,96
295,277
206,479
371,412
30,194
292,375
241,451
320,419
197,137
90,341
325,324
36,265
41,271
229,312
123,391
177,469
199,479
201,479
132,404
26,217
304,395
12,84
103,21
32,181
34,169
30,186
177,294
195,332
186,476
351,433
299,282
195,134
107,367
238,296
131,56
242,288
119,42
49,42
303,291
273,351
135,60
283,258
130,403
42,273
132,403
101,359
30,189
34,160
165,96
298,387
173,224
282,360
357,431
162,258
142,419
199,139
204,342
137,411
125,393
223,475
46,46
194,207
232,465
90,12
96,352
355,375
163,95
201,144
59,30
173,106
181,218
23,125
333,431
63,26
72,18
217,161
136,409
102,361
240,392
277,355
193,329
30,62
178,296
167,270
243,361
216,336
359,429
239,294
241,376
24,226
337,346
248,278
320,318
49,283
157,90
193,209
230,309
301,389
213,158
147,77
221,174
33,259
257,347
241,369
302,389
290,372
183,308
150,423
133,405
175,110
158,423
16,114
175,223
197,206
239,455
241,409
257,348
250,271
70,18
343,357
60,28
173,283
107,27
219,168
369,398
84,332
365,421
203,342
352,433
208,342
278,356
120,386
179,298
15,80
218,332
201,140
203,144
94,12
40,270
95,349
241,402
246,278
104,363
343,354
22,232
24,247
333,339
117,38
88,340
217,189
163,258
255,349
351,371
84,331
232,308
12,101
268,255
70,311
218,164
274,351
38,268
242,286
10,95
215,479
163,96
199,204
241,395
276,254
297,279
250,273
314,408
174,467
213,193
162,427
219,166
294,377
177,219
221,178
241,396
349,366
297,280
193,479
105,365
14,106
34,262
117,40
281,359
28,66
139,65
322,419
244,282
210,342
29,253
177,220
144,419
273,254
134,408
122,391
161,235
306,395
186,213
188,126
170,452
338,431
361,425
14,109
159,250
187,318
180,471
28,200
231,467
215,160
36,152
365,393
168,272
278,256
191,326
161,236
197,336
159,425
71,315
253,350
241,446
170,463
44,274
209,152
48,282
161,93
129,52
224,321
367,396
26,251
27,251
71,18
164,432
55,291
369,419
44,48
245,358
28,199
16,76
159,91
241,439
32,59
24,218
98,353
155,423
357,378
68,22
74,317
166,229
44,47
155,84
48,42
33,141
288,371
198,138
201,201
239,385
185,314
334,431
161,254
240,294
241,424
64,25
66,309
109,369
271,349
324,423
56,295
260,260
252,270
17,76
312,406
62,27
339,348
113,33
241,417
114,378
170,440
99,18
301,285
176,468
13,105
18,116
23,70
315,308
26,212
27,206
226,316
234,300
164,429
93,12
58,30
130,54
115,35
260,259
171,277
185,475
330,334
371,406
105,25
285,261
323,421
332,429
63,303
72,317
109,29
222,324
258,261
169,275
149,423
14,80
181,118
285,365
35,263
181,300
295,276
172,225
106,365
238,294
241,450
282,359
197,136
235,461
308,397
169,276
347,363
132,405
12,85
177,293
103,20
32,182
34,166
30,187
32,257
326,424
58,32
186,477
207,479
110,372
309,401
242,289
206,342
123,46
303,290
359,385
178,469
202,479
130,400
239,379
225,473
34,161
54,36
298,384
27,66
173,223
170,445
42,48
153,83
189,319
282,361
357,430
199,138
236,459
368,398
118,382
363,389
127,51
364,423
186,124
223,474
353,431
28,129
230,312
96,353
355,374
163,94
293,377
167,272
116,38
81,12
153,84
181,217
182,217
311,304
26,128
175,289
217,160
75,14
136,410
313,307
60,297
192,326
193,328
30,63
243,360
216,337
359,428
126,393
24,227
337,345
157,89
18,74
37,265
369,403
193,208
213,157
340,350
199,339
75,321
147,76
221,173
313,308
20,120
241,368
243,286
290,373
21,72
97,15
369,404
229,469
16,115
70,314
43,273
175,222
360,427
197,205
293,276
239,454
241,408
154,423
70,19
343,356
54,290
60,29
314,407
173,282
211,155
107,26
217,187
84,333
179,115
215,159
38,266
278,357
101,20
66,22
120,387
218,333
56,32
241,401
40,271
275,254
246,279
104,364
162,235
22,233
333,338
214,191
88,341
217,188
163,261
309,302
323,324
351,370
28,252
176,221
12,102
30,136
73,16
329,427
38,269
242,287
10,92
231,308
215,478
241,394
297,278
159,247
314,409
25,247
209,197
121,43
47,279
213,192
219,185
244,284
209,342
28,251
140,413
125,47
161,427
221,177
99,355
160,237
349,365
187,126
211,193
160,92
14,107
34,263
159,252
171,105
316,412
121,44
139,64
295,381
244,283
144,420
270,254
134,409
122,388
307,298
170,453
44,276
194,479
95,13
167,101
22,242
316,411
287,266
219,183
28,201
30,253
231,466
36,153
365,392
317,314
253,349
241,445
39,269
170,460
44,275
247,355
48,283
161,92
108,368
53,38
163,231
224,322
26,248
234,304
164,433
369,418
118,40
245,357
16,77
218,185
196,334
159,90
241,438
131,403
170,439
171,463
32,60
108,367
24,219
318,413
36,56
155,87
48,43
146,421
239,384
185,313
330,428
161,253
126,50
241,431
170,446
64,26
66,306
361,387
298,282
284,364
345,362
91,343
181,473
182,473
105,23
289,371
143,72
312,407
20,72
113,32
241,416
114,379
115,379
170,441
173,465
301,284
176,469
266,347
361,388
18,117
256,349
26,213
207,150
226,317
284,363
234,301
164,430
220,328
58,31
115,34
371,409
171,276
26,68
105,24
285,260
332,430
109,28
74,14
311,303
222,325
169,274
14,81
181,117
367,419
210,154
32,176
34,172
346,362
96,349
137,64
30,192
110,370
238,295
111,31
241,449
303,292
235,460
308,398
347,362
185,123
239,381
170,225
12,86
195,334
30,184
34,167
32,258
177,292
54,34
326,425
366,421
189,127
299,284
195,136
69,20
110,373
292,376
131,58
359,384
199,140
78,326
135,62
283,260
185,124
130,401
225,472
54,37
292,272
298,385
138,64
348,433
42,49
153,82
172,282
189,318
357,429
141,70
142,417
207,197
118,383
280,256
156,88
363,388
127,50
182,118
203,479
227,469
192,209
46,44
28,130
319,315
74,320
202,342
355,377
354,374
237,459
26,129
356,431
175,288
328,425
73,317
78,14
136,411
51,40
255,264
313,306
60,298
30,60
31,182
243,363
265,256
216,338
312,304
24,228
337,344
157,88
160,425
18,75
369,402
190,128
213,156
305,395
199,338
221,172
34,58
20,121
246,282
38,54
241,375
205,148
183,310
97,14
353,433
229,468
11,97
70,315
148,78
278,355
344,358
91,12
182,304
55,34
293,275
241,415
189,322
320,415
228,312
69,311
236,296
54,291
310,404
60,30
211,154
212,193
217,186
112,373
22,70
351,372
138,412
84,334
12,104
30,134
179,114
17,115
215,158
38,267
101,19
66,23
179,300
52,38
198,205
218,330
56,33
203,146
241,400
258,347
104,365
22,238
209,195
262,258
32,137
163,260
309,301
28,253
249,274
12,103
30,137
341,354
10,93
161,258
241,393
190,322
159,246
209,196
121,42
174,465
305,294
287,263
219,184
244,285
50,284
140,414
267,347
125,46
269,254
36,148
221,176
304,292
129,399
168,435
277,255
349,364
34,260
187,315
171,104
26,247
316,413
139,67
52,285
133,60
45,277
16,80
144,421
36,147
209,479
122,389
241,443
275,353
170,450
44,277
286,366
128,397
95,12
167,100
22,243
167,435
279,256
301,288
175,467
34,142
219,182
62,302
155,88
28,202
178,219
36,154
257,262
317,313
160,252
159,92
221,328
241,444
77,14
170,461
247,354
195,479
159,237
108,369
224,323
367,398
26,249
180,472
369,417
245,356
193,134
302,288
16,78
185,311
335,344
58,296
241,437
209,151
172,464
340,433
215,338
164,231
76,321
24,220
32,172
358,382
41,50
22,124
171,281
336,344
155,86
48,44
125,50
239,387
185,312
330,429
161,252
241,430
349,368
170,447
172,463
318,314
66,307
361,386
284,365
345,361
92,344
327,329
331,337
188,318
105,22
20,73
239,392
339,350
241,423
114,376
59,297
367,421
315,310
26,210
157,423
30,256
34,146
87,337
164,431
92,343
220,329
115,37
371,408
171,279
64,304
83,12
289,267
202,201
332,431
179,219
74,15
311,302
169,273
181,116
221,477
12,88
32,177
30,182
96,350
295,278
331,335
30,193
289,268
163,429
110,371
165,433
111,30
241,448
308,399
331,429
342,433
185,122
241,290
239,380
32,259
12,87
103,22
30,185
34,164
54,35
165,100
186,475
189,126
292,377
177,114
96,14
206,199
78,327
269,349
127,52
348,364
259,347
65,24
28,132
319,317
227,316
68,309
235,300
19,117
353,374
141,69
240,379
214,158
363,391
114,34
46,45
28,131
267,256
319,314
74,321
60,300
82,330
355,376
211,479
216,477
106,26
178,114
237,458
205,342
248,274
175,291
328,426
204,479
170,276
228,469
199,340
313,305
60,299
30,61
167,267
243,362
120,42
46,278
342,354
124,46
160,426
256,264
369,401
23,228
102,359
147,78
221,171
193,327
327,425
166,434
24,125
315,411
142,70
310,402
241,374
205,147
302,392
50,42
103,361
290,371
183,305
353,432
191,209
229,467
341,351
70,312
337,431
35,160
271,254
293,274
241,414
24,68
189,321
228,313
158,243
343,358
236,297
310,405
241,367
24,243
82,12
323,321
107,28
217,185
254,349
112,374
256,262
22,71
281,258
84,335
138,413
12,105
30,135
175,112
232,304
76,14
101,18
52,39
218,331
56,34
184,215
241,407
368,419
22,239
153,423
85,10
32,138
309,300
23,243
27,129
279,357
233,463
341,353
180,116
10,90
161,257
241,392
314,308
25,68
151,81
159,241
287,369
40,50
22,230
305,293
287,262
296,278
97,16
294,380
244,286
135,409
50,285
213,191
140,415
36,149
360,386
307,295
183,119
168,436
277,254
211,195
14,105
34,261
166,100
187,314
104,22
139,66
86,335
52,286
133,59
28,204
36,156
100,356
335,341
58,295
168,102
148,421
241,442
170,451
286,367
128,398
22,240
194,332
34,143
61,28
62,303
28,203
215,189
328,330
36,155
220,168
310,302
100,355
134,406
210,479
191,323
317,312
241,435
170,458
163,233
224,324
357,382
180,473
326,328
110,30
291,269
369,416
22,122
117,381
245,355
28,194
193,133
16,79
307,397
19,74
239,389
185,310
31,137
201,342
240,290
58,297
241,436
209,150
172,465
196,479
146,74
219,477
76,322
168,227
149,79
24,221
339,433
32,173
86,336
345,359
56,291
219,330
347,433
22,125
171,280
122,44
125,49
329,334
239,386
157,246
197,335
241,429
170,444
165,231
25,218
345,360
92,345
327,328
331,336
167,227
220,181
20,74
10,96
145,421
36,263
241,422
114,377
254,266
18,115
367,420
26,211
191,129
30,257
177,296
34,147
220,330
166,266
115,36
371,411
171,278
26,66
64,305
289,266
320,416
234,461
90,342
325,327
272,349
169,272
221,476
26,218
212,340
12,89
32,178
30,183
34,170
96,351
331,334
131,55
119,41
363,392
347,364
185,121
183,215
239,383
249,353
30,190
341,433
34,165
165,99
349,433
81,329
177,113
359,386
165,266
186,314
78,324
250,351
28,133
319,316
213,340
200,140
202,144
111,373
68,310
313,407
353,373
207,342
141,68
253,266
370,413
207,199
61,301
79,327
118,381
363,390
208,479
225,471
100,18
227,471
60,301
82,331
20,117
167,269
84,10
237,457
241,379
370,404
248,275
321,419
175,290
344,433
328,427
369,415
42,271
78,12
230,310
313,304
189,477
212,479
311,405
167,266
300,284
46,279
286,262
126,396
139,413
302,390
322,320
160,427
369,400
205,479
175,109
343,433
145,74
221,170
300,388
193,326
34,56
166,435
24,126
246,280
310,403
38,52
94,348
241,373
205,146
173,286
302,393
183,304
277,256
341,350
70,313
300,387
47,44
179,297
128,52
201,143
293,273
239,451
241,413
24,69
189,320
228,314
286,368
236,298
54,289
241,366
24,244
43,48
211,156
88,337
323,320
112,375
256,263
281,257
232,305
179,116
274,352
38,265
241,406
192,477
250,274
31,60
22,236
280,357
262,256
32,139
162,428
163,262
219,165
291,272
184,310
309,299
346,433
294,378
85,335
12,97
233,462
341,352
272,254
221,181
169,439
10,91
161,256
185,215
241,399
151,80
317,413
159,240
40,51
22,231
190,211
322,420
305,292
294,381
36,150
118,384
158,90
306,396
307,294
183,118
168,437
338,432
211,194
14,110
159,249
92,12
187,317
171,106
210,195
52,287
116,380
133,58
137,63
28,205
86,10
268,348
36,157
365,396
100,357
335,340
191,325
122,387
148,422
241,441
206,148
170,448
319,415
214,340
180,300
128,399
95,14
167,102
22,241
189,213
140,68
288,266
116,379
28,196
193,131
268,347
196,136
200,203
317,311
134,407
191,322
241,434
208,197
170,459
159,239
163,232
57,32
296,381
98,354
172,106
357,381
74,318
291,268
22,123
28,195
193,132
306,294
143,71
239,388
362,388
74,16
201,341
240,291
241,427
276,353
76,323
149,78
24,222
26,206
32,174
86,337
345,358
56,292
366,396
167,229
125,48
329,333
330,427
134,60
157,245
124,392
197,334
241,428
205,201
225,320
99,17
66,305
