80,208
72,205
21,28
95,101
102,96
54,179
117,159
23,26
84,147
45,9
15,112
67,36
94,167
148,145
59,26
41,160
61,189
69,38
83,144
17,64
13,58
19,91
130,170
92,66
176,192
103,80
115,227
21,81
63,30
170,182
52,17
85,109
77,128
116,209
89,106
127,138
124,145
16,106
17,124
87,107
108,172
88,154
107,86
141,176
158,200
111,232
125,142
106,86
58,185
110,171
142,177
64,32
15,121
11,41
81,139
32,146
151,189
72,41
33,147
20,82
104,175
71,41
157,199
26,23
49,170
114,164
77,48
168,179
54,18
116,198
94,101
105,83
78,49
93,103
148,185
31,18
89,63
60,188
75,124
132,132
160,204
32,16
100,76
118,178
131,169
171,213
9,50
18,31
93,164
82,139
63,191
33,148
102,78
35,152
145,142
70,39
117,181
80,137
90,64
123,146
150,187
25,25
26,137
165,173
45,166
120,153
20,71
117,223
181,202
176,212
39,156
21,77
84,109
116,205
50,13
18,98
31,144
106,88
83,54
60,187
29,142
53,177
79,132
119,154
57,182
132,131
100,75
11,39
132,169
86,59
116,191
15,117
13,37
88,218
82,210
111,168
135,170
34,15
129,170
99,174
117,216
14,60
150,148
177,211
18,67
17,103
126,142
88,230
116,212
179,209
140,134
51,174
90,159
105,93
153,154
64,31
158,199
143,177
156,159
161,204
84,56
117,157
47,11
15,114
87,59
122,173
76,124
109,234
80,135
112,231
64,193
133,131
23,133
37,11
20,85
19,93
62,29
145,180
177,212
36,153
19,67
89,225
116,211
180,200
53,18
16,108
52,176
95,70
92,233
164,209
168,212
106,84
87,218
75,121
155,157
58,24
89,222
81,137
144,138
16,62
165,209
82,142
101,77
73,42
134,131
98,173
161,168
121,175
102,175
149,147
76,47
91,65
181,207
24,134
85,215
116,192
125,171
91,103
173,188
55,21
40,157
30,144
105,81
47,168
104,93
97,235
128,136
131,133
89,61
9,46
154,155
104,236
82,111
175,212
43,9
98,74
9,48
66,35
145,140
160,164
75,207
91,160
69,201
78,114
117,221
181,200
14,59
81,53
103,94
90,104
155,196
49,12
21,75
88,225
25,136
93,68
66,197
116,207
112,167
159,202
18,96
113,166
103,175
31,146
169,212
20,30
96,71
79,134
105,235
22,28
46,9
56,22
44,9
77,117
119,178
57,23
84,144
116,185
67,35
15,119
88,220
87,60
48,169
85,149
59,25
68,36
149,187
111,170
12,56
36,13
83,143
92,162
106,175
62,191
123,173
107,174
144,180
162,207
110,233
18,65
27,22
156,197
17,101
126,140
63,29
89,158
116,214
162,169
14,36
29,20
154,195
170,213
98,98
104,81
143,179
142,136
105,236
80,113
99,98
86,215
16,35
34,149
43,162
175,192
17,34
44,165
97,72
76,126
97,171
20,87
61,28
122,149
169,181
19,69
89,231
37,154
16,110
21,71
56,181
46,168
125,144
94,102
73,206
70,203
116,225
31,17
141,134
9,43
100,236
75,123
174,213
101,97
65,33
89,220
144,140
76,117
18,32
163,207
113,230
82,140
97,172
35,151
175,190
120,176
151,151
24,25
101,174
164,173
123,145
177,195
178,211
75,46
26,138
80,51
38,154
180,209
181,205
48,12
87,153
121,151
50,173
24,136
17,105
85,213
116,194
50,14
173,186
40,159
16,123
128,138
171,184
118,156
28,140
78,130
165,175
9,44
119,153
10,43
22,27
98,72
66,33
20,128
160,166
10,53
116,188
161,167
11,56
91,162
86,151
95,168
99,173
117,219
38,10
100,174
163,171
94,235
21,73
88,227
89,155
93,66
66,195
116,201
51,173
152,152
180,198
18,94
83,212
113,164
19,31
55,179
152,190
72,204
172,186
101,236
142,135
21,29
22,133
54,178
41,159
23,27
81,112
84,146
116,187
15,113
85,147
94,166
122,174
12,58
178,197
102,95
17,65
62,189
13,59
19,88
90,232
116,161
162,205
92,65
21,82
63,31
89,156
52,16
116,208
77,129
127,139
154,193
124,144
16,105
15,35
17,125
95,69
46,167
84,213
98,235
88,153
107,87
111,233
30,19
125,143
87,217
85,57
58,184
110,170
142,176
17,32
99,74
11,54
76,120
60,27
42,161
152,192
122,147
143,137
127,170
136,131
105,175
158,163
138,173
49,171
27,140
117,215
168,178
116,197
81,209
109,171
146,183
70,201
88,61
78,48
106,235
107,235
118,155
148,184
21,130
154,156
90,63
115,162
160,203
129,134
97,71
19,128
76,119
9,51
77,127
93,165
130,133
174,189
65,194
33,149
116,183
20,88
70,38
117,182
74,45
80,136
112,232
123,147
177,193
165,174
96,171
120,152
20,70
94,69
49,172
67,198
121,149
159,163
39,157
181,203
155,195
21,78
166,211
116,204
159,201
137,131
93,234
40,10
31,145
55,180
106,91
167,176
79,50
18,127
83,55
60,186
29,143
53,178
79,133
10,41
57,183
91,232
119,155
86,217
46,10
118,180
119,177
147,144
20,130
12,39
86,58
10,51
114,229
116,190
136,171
13,38
157,160
153,192
150,189
111,169
135,171
34,14
86,149
95,170
107,173
26,24
68,199
110,234
117,217
140,175
18,66
51,16
146,143
15,62
134,170
88,229
28,22
116,203
162,170
127,140
51,175
140,133
90,158
82,211
153,155
15,36
71,203
138,131
80,209
72,206
156,158
95,100
161,205
116,159
99,97
117,158
34,150
152,191
15,115
148,146
35,14
109,235
80,134
61,188
64,192
178,195
69,37
103,236
37,12
20,84
19,90
83,110
176,193
62,28
115,226
137,171
145,181
21,80
39,10
36,152
116,210
85,108
170,183
89,105
16,107
87,106
108,173
88,155
112,168
141,175
158,201
147,184
96,235
173,213
81,111
135,131
15,120
89,223
11,40
81,138
32,147
165,210
72,42
101,78
74,207
73,43
98,172
20,83
79,114
163,208
71,40
88,106
137,172
75,45
102,174
157,198
149,148
158,161
76,46
159,164
77,47
168,180
54,19
116,199
125,172
47,169
105,82
146,181
166,176
93,102
148,186
59,186
97,99
89,62
9,47
82,110
32,17
118,179
9,49
66,34
156,160
145,141
10,54
102,79
15,111
117,180
91,161
74,43
78,208
25,24
45,165
117,222
181,201
103,95
49,13
21,76
82,53
25,137
66,196
116,206
55,19
112,166
105,91
18,99
83,211
71,204
86,108
41,9
106,89
97,100
20,29
96,70
18,125
167,178
29,141
53,176
179,197
56,21
172,213
132,170
116,184
58,23
15,116
88,219
33,15
164,208
36,12
106,174
139,174
62,190
78,116
144,179
162,206
14,61
150,149
27,23
156,196
17,102
139,132
116,213
162,168
29,21
105,92
143,138
153,153
154,194
98,236
170,212
91,104
104,80
42,9
80,112
84,57
90,160
16,34
47,10
43,163
129,136
44,164
76,125
79,208
64,194
42,162
19,92
20,86
70,40
68,200
122,148
130,169
115,228
167,211
89,224
170,181
27,139
53,17
124,172
16,109
73,207
92,234
70,202
116,224
106,85
141,135
75,120
174,212
115,161
155,156
15,122
44,163
19,127
89,221
130,134
144,139
151,190
16,63
113,231
174,190
101,76
175,191
120,175
164,172
121,174
178,210
149,146
67,197
91,64
180,208
48,11
181,206
30,143
50,172
24,135
114,163
85,214
116,193
173,187
55,20
40,158
104,94
16,122
86,107
128,137
171,185
100,97
131,132
79,49
9,45
10,42
147,143
160,165
10,52
76,208
69,200
164,171
92,164
86,150
78,115
38,156
95,169
117,220
87,151
81,52
90,105
51,15
15,61
21,74
17,99
88,226
93,67
94,234
116,200
92,103
152,151
18,97
113,165
117,224
78,132
172,185
22,132
77,116
57,22
84,145
116,186
15,118
76,207
85,148
48,170
149,186
35,13
59,24
68,37
12,57
123,172
83,142
92,163
116,160
126,171
178,196
19,89
181,208
83,109
156,198
17,100
126,141
167,212
89,157
116,215
179,210
77,130
14,37
29,19
84,212
46,166
171,183
98,99
143,178
102,236
142,137
30,18
63,192
147,183
95,235
85,58
99,236
17,33
99,75
77,208
94,168
11,55
76,127
60,26
23,134
42,160
19,94
61,27
79,113
127,171
133,170
103,79
169,180
158,162
19,68
89,230
138,172
37,153
16,111
56,182
116,196
81,210
109,172
146,182
88,60
116,226
59,185
106,83
21,131
75,122
115,163
101,96
129,135
128,170
155,158
65,32
160,202
76,118
93,166
113,229
82,141
65,195
174,188
35,150
120,177
151,150
117,183
24,26
74,44
177,194
16,64
26,139
96,170
120,151
80,52
20,69
94,68
38,155
90,231
87,152
121,150
181,204
17,104
21,79
82,54
166,210
116,195
179,198
50,15
16,124
40,9
55,181
118,157
106,90
28,141
79,51
107,88
18,126
78,131
91,233
167,177
22,131
84,55
86,216
98,73
58,183
33,16
147,145
20,129
12,38
114,228
116,189
157,161
161,166
153,193
108,235
150,188
139,173
117,218
68,198
140,174
150,150
38,11
163,170
146,142
139,131
21,72
88,228
28,21
116,202
152,153
140,132
180,199
96,100
18,95
52,175
166,175
19,30
