139,16
304,411
157,23
271,462
304,362
303,418
111,10
28,320
12,138
14,279
64,20
46,345
89,12
290,320
223,482
305,370
235,170
58,26
185,479
280,453
83,14
275,279
278,288
26,313
122,430
12,129
160,26
143,451
95,401
100,407
139,14
12,272
255,223
301,419
232,481
196,68
305,363
162,468
20,295
241,184
158,24
183,48
293,330
187,53
223,137
209,96
269,465
203,85
296,433
297,339
263,468
47,347
12,271
14,95
142,16
291,320
62,363
305,364
165,471
28,318
249,209
231,481
229,150
271,268
297,340
12,262
295,433
211,107
197,68
18,291
237,173
112,420
10,178
253,222
102,408
281,292
247,476
267,258
91,397
118,427
227,144
10,189
42,39
229,152
12,165
18,79
56,358
200,481
10,213
12,126
305,407
110,418
165,29
119,12
231,157
307,373
181,46
97,10
10,220
12,117
251,474
114,421
10,175
219,127
21,301
106,10
124,432
307,378
149,457
150,457
81,387
297,432
193,60
106,413
255,225
22,66
10,199
188,480
279,454
34,48
215,115
247,201
270,463
38,44
301,353
108,416
22,69
80,385
10,206
289,320
303,355
128,12
257,229
72,377
259,237
151,459
261,241
103,409
108,415
295,331
189,58
10,201
30,321
205,90
245,195
64,369
303,360
272,270
131,14
226,144
14,100
52,354
289,443
220,483
208,96
302,419
239,182
277,282
10,240
107,413
40,338
299,345
214,483
306,397
14,111
289,444
275,458
43,38
266,254
179,477
127,435
203,483
10,251
32,324
31,323
16,83
307,385
221,134
16,285
53,355
146,455
94,401
166,471
213,109
273,275
291,441
299,425
10,226
138,447
307,390
147,455
99,405
299,343
138,14
12,158
163,26
283,302
269,260
273,276
40,41
130,439
167,30
22,306
132,439
68,20
179,43
219,128
147,18
10,237
303,415
20,70
183,47
12,149
74,17
96,403
173,475
176,475
32,48
293,439
68,19
44,36
145,17
243,188
12,140
285,447
54,356
46,343
231,162
178,42
157,22
161,467
182,477
293,327
151,20
28,321
12,139
87,12
14,276
64,21
177,477
218,124
278,455
279,289
301,425
50,350
305,369
275,278
122,431
12,130
287,445
98,404
191,59
12,273
255,222
305,362
162,469
186,479
116,423
249,207
293,329
187,52
223,136
251,211
269,464
203,84
96,10
297,338
12,264
14,92
291,323
208,483
207,96
245,477
29,54
28,319
249,208
184,48
210,102
217,483
109,10
171,36
12,263
211,106
237,172
112,421
10,179
282,451
30,54
81,14
253,221
168,32
102,409
287,313
140,448
227,147
10,186
12,166
242,479
18,76
56,359
200,482
26,60
10,210
12,127
86,391
305,406
110,419
165,28
283,449
246,200
231,156
126,434
307,372
181,45
276,282
24,307
149,20
10,221
12,118
305,399
10,172
215,117
90,395
219,126
24,64
124,433
307,381
38,42
185,51
255,224
22,67
23,307
10,196
267,255
74,377
75,381
188,481
261,469
303,357
215,114
289,319
257,227
247,200
185,52
66,369
301,352
85,14
50,32
108,417
295,333
80,386
226,481
10,207
73,18
54,28
204,86
152,20
303,354
144,451
257,228
166,30
228,150
14,98
259,236
261,240
295,330
189,57
136,443
10,246
122,12
205,89
245,194
285,449
16,288
212,108
14,101
15,281
52,355
128,435
22,302
265,254
10,241
40,339
299,344
195,68
145,453
156,22
14,108
221,483
201,79
60,361
10,248
32,325
16,84
307,384
221,133
190,481
190,58
101,10
210,483
266,465
16,286
213,108
35,46
199,73
273,274
291,440
180,477
39,42
10,227
228,481
307,393
240,479
299,342
12,159
167,471
40,42
22,307
179,42
10,234
285,308
303,414
20,71
183,46
148,455
120,427
12,150
126,12
28,54
176,476
32,49
217,123
76,381
293,438
10,258
157,465
44,37
48,32
175,39
108,10
145,16
40,335
243,191
12,141
286,308
14,274
54,357
23,64
50,30
217,124
243,477
36,44
80,14
293,326
26,316
12,132
268,465
14,277
64,22
279,288
301,424
50,351
305,368
235,172
58,24
230,481
275,281
43,341
12,131
98,405
191,58
178,477
14,90
225,143
133,14
249,206
293,328
38,334
223,139
209,102
251,210
269,463
96,11
297,337
12,265
233,166
14,93
291,322
18,294
237,178
20,296
241,183
187,479
48,347
271,270
34,328
295,435
246,477
305,411
90,12
18,289
270,264
10,176
159,465
84,14
193,481
12,168
253,220
287,312
72,18
281,298
140,449
267,260
259,469
118,425
227,146
10,187
211,483
12,167
18,77
200,483
10,211
12,120
13,273
125,12
305,405
115,10
243,193
231,159
159,25
126,435
307,375
181,44
24,308
149,19
154,462
10,218
12,119
305,398
10,173
215,116
70,18
307,380
38,43
185,50
106,411
273,461
22,64
100,10
10,197
263,245
267,254
224,140
303,356
289,318
257,226
94,12
113,421
247,203
195,481
42,340
301,351
169,34
295,332
80,387
10,204
144,452
14,99
284,304
182,46
277,287
189,56
136,444
10,247
162,26
205,88
285,448
303,362
16,289
171,473
14,106
198,72
128,436
22,303
260,238
265,253
25,311
207,91
10,254
299,347
14,109
125,433
201,78
60,362
82,388
10,249
32,326
216,483
16,85
307,387
255,473
221,132
16,287
146,453
77,16
283,299
197,481
199,72
273,273
291,443
299,427
156,464
71,18
61,24
10,224
138,445
51,30
307,392
109,417
24,60
12,152
215,483
235,481
163,28
153,22
28,56
19,295
130,437
22,304
132,14
61,363
204,483
10,235
285,307
241,479
120,428
12,151
54,355
28,55
102,10
176,477
32,50
13,112
217,122
76,382
293,437
132,440
10,259
44,38
48,33
175,38
140,447
243,190
12,142
14,275
235,479
294,437
50,31
49,349
163,469
36,45
93,12
293,325
26,317
12,133
52,28
191,60
199,481
244,477
279,291
301,423
274,276
58,25
57,359
275,280
120,12
122,429
287,447
203,81
14,91
89,395
162,467
41,40
225,142
249,205
70,374
38,335
187,54
223,138
44,341
209,101
251,213
203,86
96,12
297,336
12,266
233,165
287,309
75,16
295,437
62,366
46,36
211,103
18,295
237,177
241,182
20,297
116,424
10,182
88,393
59,24
115,423
48,348
124,431
146,18
271,265
27,317
34,329
295,434
133,441
211,108
103,10
140,16
305,410
256,471
188,479
10,177
30,52
58,360
229,156
253,219
21,70
281,297
65,20
305,403
227,149
10,184
12,160
218,483
18,74
167,32
78,16
26,58
10,208
135,443
176,40
12,121
305,404
110,417
243,192
260,469
134,442
283,451
231,158
159,24
307,374
41,339
24,309
149,18
154,463
201,483
273,459
172,36
10,219
12,112
216,118
305,397
143,16
74,380
64,367
10,170
257,232
307,383
185,49
82,14
35,329
255,226
273,460
22,65
10,194
263,244
105,411
264,467
284,449
303,359
289,317
247,202
42,341
259,233
301,350
169,33
295,335
10,205
79,14
245,199
144,453
113,10
131,439
258,232
14,96
259,238
135,14
265,251
277,286
189,55
207,93
10,244
136,445
16,88
205,87
195,65
292,439
14,107
36,329
128,437
265,252
174,38
174,475
239,179
207,90
10,255
238,178
98,10
299,346
88,12
16,281
234,166
57,26
78,384
201,77
186,52
60,363
277,288
82,389
10,230
32,327
86,14
16,86
307,386
255,472
221,131
55,28
283,298
269,264
199,75
273,272
291,442
299,426
156,465
10,225
307,395
24,61
12,153
123,12
235,480
153,21
129,12
222,483
22,305
179,44
10,232
285,306
292,324
120,429
12,144
142,450
224,481
32,51
17,289
217,121
240,182
76,383
132,441
10,256
85,391
271,461
205,483
298,429
48,34
303,417
20,72
148,456
62,24
12,143
202,80
280,292
46,346
223,481
243,479
235,169
36,46
248,204
293,324
223,135
26,314
12,134
52,29
236,479
51,351
279,290
301,422
50,349
164,469
241,187
223,140
209,99
287,446
203,80
78,383
98,403
12,268
233,163
127,12
46,34
305,367
235,167
241,188
225,141
249,204
105,10
158,465
70,375
220,128
58,359
148,18
44,342
209,100
192,60
192,481
251,212
63,22
12,267
233,164
287,308
291,324
295,436
62,367
211,102
33,48
197,71
18,292
237,176
20,298
116,425
10,183
88,394
39,335
45,36
48,349
271,264
152,459
298,342
191,481
104,409
281,295
267,257
86,392
305,409
10,190
45,343
30,53
58,361
229,155
253,218
287,314
18,80
78,14
281,296
10,214
305,402
112,10
257,471
259,471
225,144
227,148
10,185
134,14
12,161
153,461
102,407
67,371
18,75
272,461
26,59
10,209
12,122
251,473
114,422
134,443
283,450
302,354
183,479
168,471
194,481
126,433
307,377
24,310
150,458
193,63
294,330
10,216
12,113
74,381
93,399
279,453
10,171
47,34
212,483
215,118
289,315
91,12
56,26
247,204
307,382
185,48
155,463
201,80
22,70
206,483
10,195
263,247
194,64
303,358
268,260
289,316
92,397
169,473
259,232
261,244
301,349
169,32
295,334
10,202
30,322
245,198
265,467
238,479
131,13
63,367
14,97
265,250
200,76
239,181
277,285
189,54
207,92
10,245
16,89
253,473
254,473
205,86
177,42
195,64
84,389
196,481
14,104
36,330
275,457
22,301
297,431
239,178
10,252
16,80
111,419
245,200
262,469
173,38
16,282
234,481
37,333
95,12
78,385
261,239
201,76
10,231
16,87
307,389
221,130
300,348
141,449
172,473
283,301
269,263
199,74
277,455
299,429
10,238
33,327
17,80
307,394
24,62
12,154
74,18
153,20
217,119
104,10
160,465
10,233
285,305
303,411
62,22
12,145
69,373
142,451
32,52
231,161
198,481
217,120
236,172
277,457
117,10
10,257
182,478
303,416
20,73
148,457
101,407
12,136
250,210
14,273
283,304
46,347
254,222
77,383
296,336
243,478
279,292
235,168
275,277
223,134
26,315
12,135
52,30
14,280
100,405
193,64
164,28
154,22
301,421
164,470
241,186
275,282
209,98
237,479
203,83
222,134
12,269
233,162
52,351
46,35
305,366
306,372
235,166
20,300
225,140
281,453
38,333
44,343
251,215
297,342
171,35
121,429
263,467
12,260
287,311
62,364
211,105
233,481
197,70
18,293
237,175
20,299
10,180
88,395
34,46
71,375
49,32
271,267
152,460
104,410
12,259
34,327
281,294
267,256
86,393
305,408
10,191
37,44
229,154
253,217
123,431
78,15
10,215
247,475
12,124
305,401
197,72
55,357
259,470
12,162
188,54
26,56
10,222
12,123
114,423
258,471
243,194
288,445
90,396
219,125
168,472
119,11
159,26
307,376
24,311
150,459
154,461
193,62
10,217
12,114
74,378
10,168
215,113
289,314
56,27
117,425
31,52
219,483
66,370
230,156
295,336
10,192
263,246
244,194
66,20
213,483
92,398
257,231
72,375
42,339
259,235
261,243
137,445
156,463
301,348
108,413
202,483
274,459
10,203
137,14
30,323
245,197
282,298
265,466
15,90
129,437
131,12
119,427
67,20
14,102
52,352
36,332
265,249
107,10
144,16
239,180
277,284
207,95
10,242
16,90
40,336
177,41
195,67
239,479
116,10
84,390
14,105
73,377
36,331
297,430
139,447
242,188
10,253
16,81
299,348
173,37
65,369
16,283
213,111
14,112
199,76
291,439
261,238
262,244
150,20
82,387
10,228
86,12
307,388
221,129
97,403
12,156
68,372
172,474
248,475
283,300
269,262
299,428
175,475
10,239
303,413
286,447
307,397
19,74
24,63
170,34
232,162
12,155
68,371
96,401
217,118
273,271
160,466
285,304
62,23
12,146
231,160
277,456
157,24
182,479
271,463
184,479
11,168
303,419
20,74
12,137
14,278
94,399
46,344
223,483
305,371
235,171
79,385
175,40
275,276
26,312
12,128
251,216
14,281
100,406
139,15
124,12
301,420
305,372
164,471
130,12
241,185
118,10
281,451
300,425
180,44
209,97
29,321
203,82
25,60
263,469
12,270
14,94
291,321
305,365
20,301
281,452
28,317
249,210
69,18
70,373
229,151
251,214
252,216
271,269
297,341
99,10
171,34
12,261
287,310
62,365
211,104
197,69
288,314
18,290
237,174
112,419
10,181
34,47
271,266
152,461
104,411
281,293
247,477
267,259
118,426
227,145
10,188
42,38
229,153
12,164
253,216
136,14
161,26
53,28
18,78
56,357
10,212
12,125
305,400
165,30
227,150
214,112
12,163
121,12
225,481
26,57
10,223
12,116
250,475
251,475
134,441
10,174
90,397
219,124
256,226
168,473
42,40
119,10
307,379
297,433
193,61
106,412
10,198
263,248
12,115
74,379
76,16
279,455
10,169
155,22
215,112
56,28
60,24
264,248
66,371
301,354
22,68
206,90
10,193
252,473
27,56
141,16
87,393
92,399
257,230
72,376
259,234
261,242
108,414
59,361
10,200
189,481
245,196
64,368
209,483
265,465
303,361
290,443
14,103
52,353
36,333
265,248
110,10
277,283
207,483
207,94
227,481
10,243
255,471
40,337
177,40
195,66
170,473
84,391
14,110
289,445
92,12
275,459
297,429
10,250
32,323
16,82
173,36
16,284
146,454
94,400
213,110
83,389
10,229
138,446
86,13
307,391
221,128
12,157
68,373
163,27
172,475
283,303
269,261
40,40
130,438
167,31
276,457
10,236
303,412
307,396
12,148
267,465
74,16
96,402
249,475
213,112
273,270
114,10
68,18
160,467
181,477
229,481
145,18
243,189
26,311
11,259
12,147
142,449
