11,68
9,84
15,74
49,116
50,122
45,35
52,98
54,104
60,123
16,84
57,111
62,132
43,76
12,69
28,87
36,55
30,69
31,89
37,54
20,82
57,112
16,75
17,83
43,69
35,96
44,77
46,82
44,107
32,68
9,70
52,44
41,43
48,90
29,88
26,74
40,48
63,133
49,52
22,83
44,68
50,51
46,85
53,102
45,64
37,99
32,91
46,63
61,125
9,79
51,48
54,132
46,33
53,42
9,81
54,33
41,44
26,85
42,43
52,127
44,37
48,32
30,89
44,67
47,86
62,131
22,76
43,73
50,30
14,72
48,114
45,109
15,84
50,120
47,113
44,80
33,93
55,133
12,71
51,123
56,110
46,110
51,97
43,71
44,79
9,68
23,76
52,46
54,131
56,134
34,62
27,74
36,56
59,137
50,94
38,50
63,135
50,49
53,100
33,65
46,61
61,123
9,77
34,95
53,40
9,87
54,39
15,73
49,119
11,89
42,41
60,137
38,53
39,48
48,56
59,118
60,120
62,129
43,75
55,107
49,31
45,81
48,116
9,88
45,107
30,70
60,119
62,136
36,97
54,31
32,65
53,129
13,85
51,125
43,40
31,69
28,73
58,137
53,127
54,103
49,55
50,52
42,105
9,74
51,47
47,61
46,34
12,86
27,86
24,84
33,63
40,46
54,34
34,60
36,58
50,92
47,111
58,117
19,83
47,85
55,108
38,101
47,58
34,93
43,106
11,69
9,85
47,32
54,37
49,117
13,71
43,38
29,71
45,36
39,50
48,58
40,103
60,122
16,83
21,82
62,135
43,77
39,102
25,84
28,86
49,90
37,55
16,74
57,113
35,97
53,30
44,106
32,67
9,71
48,89
35,58
27,73
49,53
19,76
50,50
46,84
53,103
18,75
45,65
37,100
32,90
46,62
61,126
9,72
51,49
53,43
9,82
54,32
41,45
26,84
42,42
52,126
44,36
52,100
58,115
30,88
44,66
47,87
59,117
62,130
62,127
15,85
48,87
45,34
52,99
54,105
12,70
53,39
56,109
37,53
51,30
44,78
46,83
61,137
14,85
9,69
52,45
54,130
27,85
29,87
26,75
35,60
63,132
17,75
44,69
53,101
21,76
37,98
32,92
41,103
61,124
9,78
10,68
34,94
43,105
53,41
9,80
54,38
42,40
44,38
38,52
39,49
59,119
62,128
43,72
41,104
39,101
45,82
14,73
48,115
9,89
45,108
50,121
47,112
33,92
55,132
53,130
24,76
13,86
51,122
31,90
28,72
56,111
58,136
46,111
51,96
43,70
42,104
18,76
9,75
52,47
24,83
25,75
40,45
56,135
34,63
36,57
50,95
38,51
63,134
58,116
33,64
55,109
9,76
38,100
47,59
9,86
25,76
47,33
54,36
49,118
13,72
11,88
43,39
29,72
57,135
48,57
40,102
45,63
60,121
54,106
21,83
43,74
48,31
55,106
49,30
45,80
35,95
50,119
47,114
57,136
49,91
30,71
57,114
62,137
52,30
53,31
18,83
36,98
55,134
32,66
53,128
12,88
48,88
35,59
51,124
49,92
31,68
46,109
48,55
51,98
49,54
23,83
45,66
61,127
9,73
10,89
47,60
12,87
9,83
53,44
40,47
54,35
51,95
34,61
52,125
50,93
58,114
19,82
20,76
