47,332
51,338
72,205
70,103
296,363
61,352
99,126
196,86
185,470
95,138
278,446
113,84
76,88
58,130
62,31
210,124
107,185
166,41
23,95
298,369
71,100
92,239
131,275
114,60
49,337
266,297
256,463
298,403
190,72
28,296
85,382
103,115
252,257
218,145
111,19
94,57
76,87
287,434
19,209
294,416
222,157
298,376
228,172
46,175
121,417
214,139
34,312
89,21
93,144
121,223
90,60
242,211
83,23
252,280
114,281
78,211
43,328
45,47
107,183
19,214
21,198
27,291
228,171
66,199
199,474
96,248
131,257
23,279
98,257
154,31
121,224
213,133
184,64
298,389
252,279
70,362
37,56
98,54
90,236
163,37
237,470
19,223
113,200
112,198
95,391
60,126
280,316
214,133
206,116
65,30
87,382
35,313
163,460
93,19
298,396
248,228
220,154
21,274
187,67
43,326
278,309
64,193
104,269
19,228
21,200
39,146
149,446
23,99
117,68
100,396
248,269
263,458
254,248
240,204
100,19
123,281
50,142
141,438
35,143
71,366
184,61
39,321
29,299
252,239
19,237
22,193
23,120
262,293
64,119
48,145
111,277
294,351
133,430
70,204
91,386
53,140
94,141
29,179
31,179
33,176
109,101
48,334
250,262
19,242
202,101
259,291
149,448
133,262
121,19
106,402
80,78
68,106
129,250
132,260
127,244
110,276
59,35
43,173
252,253
270,452
37,173
19,251
296,404
208,123
133,271
62,191
37,318
116,281
27,181
267,297
29,133
58,186
101,120
250,264
108,273
74,90
19,256
296,411
150,448
133,264
191,75
68,201
230,472
104,178
52,178
56,181
93,389
129,244
130,250
63,355
246,220
250,275
252,243
126,422
181,57
19,265
28,73
32,140
256,287
117,210
99,164
282,441
27,131
252,465
288,341
260,462
281,442
65,357
103,176
215,474
62,193
112,279
115,207
151,448
160,456
179,468
274,448
21,111
39,53
231,472
105,54
62,121
194,81
91,20
77,25
115,410
25,83
226,171
234,187
157,455
29,71
103,399
71,27
182,58
238,199
57,134
21,104
81,376
138,436
286,435
107,402
147,446
55,345
244,217
79,24
283,440
232,182
258,291
25,84
116,19
84,68
72,366
186,65
24,284
139,438
161,456
235,193
182,61
21,113
95,158
115,74
119,217
55,342
26,290
84,220
121,283
268,299
110,194
131,430
166,462
295,414
115,281
230,177
294,359
95,135
115,83
277,309
82,376
101,172
31,305
292,345
113,89
224,164
209,123
84,219
66,113
33,309
31,139
107,273
292,424
117,413
228,176
192,76
46,332
85,68
178,51
109,190
251,277
201,99
147,27
76,211
114,410
95,140
109,405
204,111
170,43
261,293
98,19
100,168
88,229
298,375
82,72
72,206
70,100
296,364
244,468
196,87
84,378
103,117
183,61
76,89
58,131
210,125
107,184
19,203
222,155
23,94
298,382
119,415
286,329
52,340
93,150
76,370
131,274
49,336
25,287
298,400
190,73
85,381
103,114
252,258
100,257
19,208
294,417
23,87
298,377
228,173
121,416
214,136
290,344
75,25
221,474
23,281
245,468
121,222
90,61
110,56
94,150
27,75
88,384
252,281
21,271
278,312
45,46
49,43
268,454
107,182
19,217
20,201
21,197
27,290
66,196
96,249
131,256
23,278
206,114
103,19
184,65
258,462
207,474
298,386
38,320
250,234
125,281
90,237
19,222
95,390
60,127
280,317
23,101
51,177
254,246
94,241
203,474
208,474
206,117
119,283
65,29
35,312
115,61
298,397
248,229
263,295
125,236
220,155
94,19
21,273
64,194
124,420
19,231
23,98
117,67
248,270
254,249
240,205
241,209
96,247
167,41
105,111
50,143
51,39
72,96
35,142
184,62
39,320
29,298
19,236
97,135
23,123
48,146
49,175
204,474
98,254
280,442
137,23
247,468
68,108
70,205
45,332
31,178
109,100
131,21
80,374
250,263
31,67
19,245
242,470
133,261
104,54
114,83
123,227
68,107
129,249
86,68
288,432
290,428
110,277
59,34
252,254
270,453
19,250
203,105
296,405
133,270
50,41
37,317
59,349
251,466
80,213
64,356
29,132
54,180
113,19
58,187
25,127
83,378
192,472
108,274
198,89
74,91
19,259
296,412
135,23
68,202
105,269
161,35
52,179
56,182
75,370
93,388
131,251
259,462
243,213
56,37
294,414
63,354
246,221
103,267
250,272
35,59
273,303
19,264
174,466
85,23
99,167
27,130
252,466
73,27
65,356
87,384
96,392
24,85
119,19
193,472
156,31
253,243
115,206
42,146
234,192
274,449
21,110
39,52
118,216
36,144
209,474
40,173
224,474
169,463
25,82
226,168
37,320
157,454
29,70
103,398
128,244
182,59
110,19
284,436
55,344
223,161
117,281
244,218
232,183
111,97
84,69
194,472
195,474
297,404
21,112
95,153
115,77
119,216
227,171
210,474
84,221
265,458
107,101
294,356
115,82
101,171
31,304
33,142
108,19
240,470
292,346
113,88
224,165
33,308
31,138
271,301
292,425
117,412
118,282
228,177
192,77
212,128
196,474
109,189
295,359
80,23
109,404
38,144
266,458
267,456
88,230
74,25
298,372
82,73
64,31
99,19
47,334
49,144
51,340
72,207
70,101
296,365
244,469
270,300
72,94
77,211
278,444
79,78
78,84
190,71
103,116
218,148
76,90
58,128
205,111
99,395
107,187
19,202
23,89
298,383
119,414
286,334
93,149
131,277
30,179
216,139
25,286
298,401
85,380
31,303
100,258
268,456
19,211
294,422
23,86
79,373
228,174
46,173
214,137
290,345
77,372
23,280
279,313
121,221
56,134
257,462
58,35
242,209
27,74
21,270
114,279
43,330
278,313
45,45
49,42
268,455
146,26
19,216
21,196
152,450
27,293
66,197
104,400
178,468
33,65
256,288
240,208
96,250
131,259
225,474
206,115
154,29
140,24
197,89
298,387
101,398
250,235
251,235
90,234
19,225
23,100
248,264
142,25
254,247
56,346
94,246
25,187
140,23
35,315
110,406
115,60
298,394
279,444
248,230
211,474
216,474
125,235
108,101
21,272
60,128
44,330
64,195
160,33
19,230
113,199
117,66
64,114
248,271
124,20
240,206
226,474
246,468
232,472
105,110
123,283
284,324
70,203
72,97
272,301
91,60
184,63
41,173
39,323
188,68
29,297
31,69
19,239
97,134
95,56
23,122
123,419
124,19
98,255
280,443
284,323
68,109
91,388
190,472
45,331
212,474
86,66
143,441
110,275
109,99
188,67
250,260
31,66
70,27
253,281
128,424
19,244
202,99
97,159
23,115
133,260
272,450
135,433
228,472
123,226
233,472
103,54
129,248
115,19
288,433
290,429
101,125
250,271
252,255
19,253
296,406
133,269
62,189
37,316
59,348
27,183
281,317
80,214
225,165
54,181
238,470
58,184
25,126
63,356
246,219
229,177
108,275
198,94
19,258
75,90
296,413
68,203
125,422
117,215
229,472
50,176
288,336
127,279
56,183
254,464
131,250
177,51
35,173
54,140
294,415
102,119
250,273
35,58
97,162
22,276
85,22
169,43
97,19
99,166
73,26
111,408
244,213
82,216
173,47
194,84
103,178
127,237
43,146
265,295
234,190
111,195
42,326
115,209
151,450
104,19
103,400
234,193
217,143
112,408
21,109
39,55
102,263
255,464
111,91
115,412
169,462
226,169
25,81
217,474
29,69
238,197
99,257
61,31
284,437
106,270
107,404
244,219
118,414
232,184
111,96
258,289
84,70
53,39
74,207
274,304
294,354
95,152
115,76
22,103
81,375
119,219
292,348
31,140
102,19
178,54
89,62
70,104
73,367
218,474
57,37
93,58
294,357
44,47
101,170
31,307
33,141
292,347
106,54
292,426
118,283
192,78
212,129
254,284
109,188
296,359
23,187
68,29
127,424
236,193
78,82
58,134
204,105
88,231
148,446
298,373
82,70
173,466
176,468
198,474
200,474
92,19
296,366
244,470
120,220
270,301
72,95
95,247
278,445
140,438
103,119
86,21
218,149
58,129
99,394
100,260
210,123
122,418
107,186
19,205
23,88
298,380
233,187
286,335
73,207
93,148
131,276
132,430
105,113
216,140
34,175
89,386
196,88
25,285
85,379
31,302
100,259
102,172
19,210
166,39
297,367
26,183
79,372
228,175
177,468
290,342
77,371
23,283
121,220
49,335
56,135
27,77
21,269
120,19
49,41
146,27
19,219
21,195
27,292
102,54
33,64
256,289
240,209
96,251
131,258
206,112
133,432
140,25
256,464
298,384
180,55
79,213
101,397
250,232
87,21
90,235
19,224
23,103
248,265
254,244
94,247
223,474
25,186
35,314
187,471
115,63
298,395
248,231
125,234
220,149
134,22
160,34
19,233
113,198
114,204
23,124
133,273
64,115
101,263
26,128
124,21
240,207
97,253
284,325
105,109
123,282
176,49
51,41
72,98
130,21
132,273
118,19
71,363
272,302
129,427
39,322
188,69
65,195
29,296
31,68
19,238
168,41
97,133
23,117
154,452
67,199
123,418
93,241
80,74
280,444
172,45
68,110
55,181
45,330
86,67
34,61
143,440
109,98
129,428
111,57
58,183
282,322
250,261
19,247
97,158
23,114
82,23
272,451
96,135
135,432
228,473
123,229
105,402
214,474
288,434
127,241
54,179
290,426
101,124
74,94
19,252
296,407
149,27
133,268
96,158
27,182
143,25
80,215
54,138
58,185
25,125
289,430
198,95
19,261
296,414
208,117
155,453
67,359
125,421
107,19
60,350
117,214
120,283
102,266
30,136
50,177
288,337
131,253
97,394
88,62
60,188
35,61
92,58
19,266
111,197
41,326
97,161
276,305
85,21
69,203
27,132
73,25
152,29
244,214
82,217
79,23
194,85
103,173
127,236
111,93
60,187
25,79
86,222
234,191
111,194
115,208
61,351
21,108
115,65
39,54
117,216
165,39
62,124
83,217
282,318
145,443
25,80
226,166
248,466
107,105
60,33
182,57
75,209
238,202
284,438
106,271
55,346
232,185
33,312
145,444
109,56
53,38
93,143
57,35
174,48
30,302
200,96
274,305
294,355
95,155
115,79
81,374
119,218
162,36
292,349
245,219
105,182
178,55
107,103
254,282
73,366
109,194
57,36
23,189
230,180
271,452
184,470
41,51
101,169
48,43
31,306
33,140
88,225
94,390
167,462
192,79
212,130
254,285
91,237
296,360
243,470
99,125
270,299
236,194
95,137
78,83
113,87
113,410
204,106
266,456
130,277
298,370
82,71
173,465
87,225
296,367
237,197
206,474
298,404
103,118
88,64
218,146
94,58
76,84
100,261
123,19
89,231
19,204
222,158
78,372
298,381
23,91
32,65
286,332
93,147
293,422
28,181
105,112
216,141
89,385
196,89
242,212
25,284
26,79
85,378
58,348
250,231
236,470
19,213
294,420
136,23
287,335
290,343
77,370
23,282
23,193
49,334
86,382
33,63
255,285
56,136
187,472
298,390
27,76
21,268
77,84
69,362
53,342
19,218
113,203
21,194
298,367
27,295
280,313
66,195
214,134
96,252
206,113
163,459
54,37
298,385
248,225
69,29
42,49
278,310
101,396
250,233
269,454
90,232
19,227
113,204
39,145
23,102
153,451
117,71
248,266
63,31
254,245
92,240
94,244
25,185
105,107
112,19
187,470
188,472
115,62
298,392
125,233
288,430
71,365
220,150
39,324
134,23
247,225
29,302
156,32
160,35
252,236
19,232
97,131
95,392
133,272
153,452
262,294
99,54
64,116
107,54
254,252
110,97
227,474
47,175
105,108
250,466
284,326
176,50
72,99
51,40
90,21
249,231
71,362
272,303
129,426
188,70
84,23
252,235
19,241
202,102
168,42
97,132
23,116
117,73
126,281
72,27
98,253
80,75
172,46
83,70
285,329
165,462
189,472
155,31
86,64
109,97
55,37
111,56
24,124
282,323
250,258
19,246
208,120
102,398
68,199
272,452
164,37
205,474
228,474
123,228
105,401
257,289
29,136
141,25
127,240
290,427
169,464
101,123
19,255
202,104
296,408
133,267
51,142
59,350
25,290
116,210
55,138
129,247
101,19
47,43
87,64
54,139
25,124
250,276
252,240
198,92
92,60
19,260
208,118
155,452
45,146
67,358
125,420
117,213
99,163
282,442
102,267
288,338
125,21
131,252
97,393
81,215
66,110
88,63
35,175
126,236
92,388
60,189
170,464
35,60
199,95
92,59
111,196
41,325
97,160
275,448
276,306
74,208
98,129
99,168
244,215
62,122
61,124
194,82
103,172
127,239
91,19
111,92
86,223
234,188
44,173
61,350
21,107
115,64
150,28
284,440
52,140
129,279
147,445
282,319
145,442
113,59
171,464
226,167
248,467
107,104
276,448
277,446
186,66
48,175
139,437
175,467
251,258
34,142
238,203
95,157
115,73
119,220
284,439
112,91
262,460
120,416
232,186
109,55
128,21
292,422
113,60
131,429
53,37
93,142
174,49
230,178
181,470
200,97
276,446
95,154
294,352
115,78
31,308
162,37
292,350
40,324
224,161
221,155
66,114
105,181
172,464
212,132
86,224
107,102
178,52
254,283
109,193
219,474
23,188
230,181
236,196
36,57
113,279
41,50
101,168
158,33
204,108
170,44
88,226
235,472
153,29
118,281
212,131
296,361
61,354
104,113
236,195
95,136
97,54
78,80
57,347
241,470
113,409
113,86
58,132
204,107
210,126
266,457
67,110
37,144
24,187
23,93
298,371
173,464
193,79
139,23
286,330
197,474
92,237
220,474
131,273
117,19
100,125
61,33
190,74
103,113
218,147
57,348
76,85
99,396
100,262
285,436
107,188
236,472
19,207
294,418
222,159
23,90
298,378
27,296
286,333
269,299
291,345
93,146
23,284
62,354
32,177
216,142
89,384
90,62
73,94
242,213
90,231
236,471
19,212
294,421
79,374
23,277
23,192
206,111
121,226
33,62
53,179
56,137
298,391
27,79
33,175
124,232
252,277
21,267
78,212
246,224
69,361
53,341
146,25
19,221
113,202
21,193
60,124
280,314
27,294
214,135
254,243
94,242
131,260
96,253
25,183
28,132
163,458
298,398
248,226
69,28
220,152
21,276
278,311
61,189
104,267
106,19
90,233
19,226
39,144
23,97
153,450
117,70
248,267
254,250
92,241
94,245
25,184
99,129
207,117
46,45
122,226
284,328
50,144
35,316
298,393
141,440
125,232
71,364
288,431
220,151
275,305
180,56
156,33
29,301
30,69
252,237
19,235
97,130
262,295
45,173
64,117
284,327
176,51
72,100
59,187
29,181
31,177
129,425
38,173
41,146
188,71
54,342
19,240
202,103
168,43
96,19
23,119
117,72
65,114
123,420
80,76
172,47
68,104
215,139
71,205
165,461
264,295
194,79
86,65
143,442
59,33
282,320
250,259
270,454
19,249
38,55
208,121
137,435
164,38
78,25
135,434
123,231
105,400
144,442
66,29
29,135
213,474
47,45
127,243
83,377
101,122
198,90
74,92
19,254
202,105
296,409
43,49
133,266
137,436
200,95
273,450
25,289
249,264
69,104
75,369
129,246
111,407
195,85
52,39
246,222
250,277
252,241
198,93
19,263
39,173
276,308
96,56
208,119
144,25
256,285
117,212
99,162
27,129
102,264
32,308
50,175
106,272
288,339
131,255
97,392
116,412
260,460
66,111
138,23
35,174
239,470
73,368
112,277
130,428
41,324
115,205
276,307
185,65
132,21
43,47
156,454
108,404
74,209
274,450
260,292
127,281
82,215
62,123
194,83
103,175
127,238
111,95
119,416
67,29
234,189
96,54
115,210
29,73
21,106
95,151
260,291
150,29
122,19
52,141
289,341
129,278
147,444
261,460
262,458
264,458
113,58
63,193
248,468
195,473
106,107
107,107
231,181
186,67
139,436
174,47
175,466
161,458
238,200
95,156
189,71
286,436
106,269
101,54
232,187
105,179
268,297
88,21
109,54
292,423
131,428
222,160
81,74
46,146
93,141
230,179
127,423
181,469
200,98
274,303
276,447
294,353
115,81
292,351
113,91
224,162
84,217
105,180
33,311
31,137
212,133
86,225
178,53
109,192
23,191
162,458
236,197
76,209
41,49
98,162
78,78
204,109
170,45
151,29
88,227
82,74
47,333
51,339
70,102
291,426
296,362
61,353
99,127
44,146
196,85
179,55
59,128
95,139
78,81
57,346
113,85
113,408
58,133
210,127
19,201
166,40
23,92
298,368
286,331
92,238
49,338
266,296
182,470
219,149
256,462
186,470
61,32
298,402
190,75
252,256
35,144
218,144
37,55
94,56
76,86
100,263
68,360
19,206
294,419
222,156
23,85
298,379
46,174
121,418
214,138
201,474
93,145
129,21
222,474
216,143
242,210
27,73
175,49
114,280
43,329
109,19
19,215
21,199
171,45
66,198
122,283
290,341
23,276
98,256
154,30
63,120
121,225
47,146
50,338
33,61
56,138
128,279
57,183
298,388
27,78
252,278
36,173
37,57
21,266
78,213
81,23
246,225
69,360
159,33
53,340
36,316
19,220
113,201
60,125
116,66
280,315
64,120
202,474
94,243
65,31
87,383
298,399
248,227
69,27
220,153
148,27
21,275
43,327
104,268
19,229
21,201
149,447
116,73
117,69
23,96
248,268
254,251
240,203
99,128
284,329
164,460
141,439
180,57
134,21
29,300
252,238
19,234
97,129
23,121
64,118
66,358
48,144
25,128
133,431
123,232
91,387
29,180
33,177
158,456
90,386
129,424
101,119
31,65
19,243
202,100
23,118
133,263
80,77
211,127
68,105
288,335
74,368
165,460
76,25
290,430
111,58
282,321
252,252
142,440
19,248
208,122
62,190
137,434
164,39
37,319
123,230
112,58
134,432
29,134
47,44
159,456
127,242
183,470
83,376
101,121
198,91
74,93
19,257
296,410
43,48
133,265
68,200
25,288
136,434
100,54
249,271
52,177
108,54
75,368
93,390
111,406
129,245
246,223
283,323
250,274
252,242
253,252
35,57
19,262
276,309
95,19
42,173
155,454
67,360
157,33
256,286
21,103
117,211
99,165
282,440
102,265
27,128
106,273
288,340
252,464
131,254
260,461
65,358
103,177
108,188
168,462
62,192
112,278
111,198
40,51
115,204
151,449
260,293
150,27
127,280
146,444
62,120
194,80
103,174
126,21
91,21
111,94
115,411
226,170
86,221
96,55
157,456
29,72
175,468
180,468
238,198
21,105
95,150
115,66
39,51
106,182
286,434
107,403
253,464
52,142
129,277
244,216
262,459
79,25
282,317
232,181
40,146
258,290
25,85
226,165
195,472
107,106
161,457
109,275
182,60
238,201
21,114
115,75
55,343
105,178
268,298
222,161
249,466
212,127
114,19
127,422
181,468
200,99
294,358
115,80
162,35
145,25
113,90
224,163
84,218
66,112
33,310
31,136
98,394
117,414
192,75
191,472
254,281
109,191
127,21
23,190
266,295
20,266
76,210
95,141
78,79
239,203
22,114
133,21
105,19
124,281
109,406
218,143
293,351
113,83
204,110
85,221
88,228
234,472
298,374
