260,263
262,265
264,269
266,273
258,274
270,286
268,283
257,273
257,271
259,277
267,279
266,277
270,289
257,262
261,282
258,261
257,267
263,285
259,280
264,270
262,263
270,287
257,272
262,266
257,270
259,276
267,290
266,274
268,280
257,261
261,281
265,273
269,285
260,280
257,266
263,284
264,272
266,278
270,290
264,271
268,284
268,290
265,288
260,261
257,269
262,267
259,279
263,283
266,275
261,280
268,281
264,286
267,289
257,265
259,275
265,287
264,273
262,268
266,288
262,282
266,279
268,285
270,285
259,261
269,290
260,262
262,264
257,268
259,278
263,282
268,282
261,263
263,269
257,274
267,288
257,264
259,274
263,286
266,276
262,269
257,263
265,286
270,288
268,279
