139,16
231,163
144,229
204,219
223,201
57,50
36,205
181,10
233,94
40,60
13,169
196,223
25,195
156,12
231,151
88,223
55,217
229,183
171,231
233,96
92,36
101,223
213,212
30,66
63,48
53,215
44,56
101,32
108,29
82,40
148,229
219,34
66,219
67,219
198,16
225,194
136,227
18,86
223,40
227,45
150,229
122,226
167,10
106,225
38,208
233,71
24,73
83,40
215,211
156,11
231,140
157,10
68,46
42,57
10,153
233,105
221,202
16,181
20,82
70,44
233,115
28,198
75,42
12,102
21,189
10,114
42,210
125,22
12,159
84,221
199,18
129,20
218,207
54,52
135,227
129,227
117,26
231,175
59,50
233,72
229,50
222,201
223,197
88,36
229,185
26,197
231,133
231,60
10,128
233,82
30,199
36,62
12,162
54,217
28,68
195,15
233,116
74,42
38,60
44,211
14,172
217,32
91,223
10,125
16,88
186,12
142,16
190,14
138,16
126,22
231,164
32,202
70,219
138,227
231,130
178,10
207,22
233,91
10,139
132,18
231,152
167,231
233,125
10,149
62,48
95,34
43,56
20,78
100,32
81,40
197,16
35,205
22,76
182,229
195,223
231,126
227,191
225,42
220,205
52,215
126,227
36,207
87,221
159,229
27,70
233,92
158,10
84,38
229,181
231,145
13,94
29,68
26,70
233,102
205,21
78,221
16,176
146,14
175,10
10,111
16,86
60,218
11,153
12,105
18,84
221,38
227,47
165,10
128,20
81,221
185,229
205,218
153,12
104,223
54,51
231,176
149,229
72,220
163,231
24,75
233,69
231,142
233,111
10,135
147,14
12,165
232,125
233,113
98,34
22,193
149,12
128,227
123,22
14,171
50,54
142,229
12,96
10,112
12,153
137,16
14,90
19,185
142,15
155,229
23,76
143,14
15,90
231,169
233,78
223,199
229,48
177,10
88,38
34,62
26,195
198,223
231,135
202,18
90,223
26,72
231,62
10,142
173,231
90,36
233,80
86,38
24,193
231,157
28,70
50,215
233,122
29,199
99,32
80,40
203,220
68,219
196,16
211,24
10,123
16,90
14,93
223,38
20,185
219,206
215,28
117,225
231,166
80,221
184,229
64,48
112,26
230,54
189,227
231,55
10,137
233,89
177,229
18,185
231,154
183,11
233,99
10,147
56,217
46,213
172,10
212,26
219,33
213,27
12,108
162,10
225,40
130,227
181,229
152,12
33,203
97,223
169,231
233,66
104,224
124,227
229,179
231,147
221,205
233,100
42,58
144,14
16,178
12,168
97,34
210,215
148,12
107,30
71,44
227,192
10,109
93,223
109,28
12,107
18,82
10,119
199,17
221,36
12,156
22,191
136,16
32,65
128,22
151,229
71,219
102,31
130,20
116,225
139,227
228,48
12,95
103,30
233,75
229,53
201,18
229,188
231,136
159,10
162,231
109,225
10,133
233,109
176,229
12,167
193,14
233,119
48,54
98,32
39,60
195,16
14,169
202,221
50,52
12,98
10,126
12,155
59,217
187,12
46,56
34,205
20,188
227,189
211,214
23,193
189,14
127,227
180,229
231,171
38,207
233,76
60,49
231,129
131,20
10,140
173,229
231,56
233,86
24,195
77,221
31,66
231,159
40,209
94,36
50,213
10,150
100,223
183,12
233,120
171,10
211,26
122,22
10,121
147,229
119,225
161,10
224,40
51,52
231,125
20,187
228,189
215,30
231,160
56,50
195,224
165,231
112,28
180,10
189,225
199,222
233,95
40,59
203,18
187,227
41,58
18,183
88,222
231,148
108,225
233,97
10,145
170,10
141,227
213,213
108,28
225,195
83,221
57,217
233,62
217,207
227,48
78,41
154,12
118,25
24,72
233,64
64,47
31,201
156,10
229,177
231,141
65,46
221,203
68,45
42,56
10,152
79,221
105,30
233,106
16,180
76,221
30,68
20,81
148,14
28,197
122,24
150,12
124,22
225,196
12,101
10,117
221,34
12,158
22,189
136,18
103,223
118,225
46,55
116,26
47,54
217,208
231,172
233,73
229,51
229,186
26,196
231,138
162,229
231,61
10,131
233,83
230,177
110,28
12,161
54,216
166,231
94,35
212,213
233,117
209,216
14,175
203,219
143,229
77,42
10,124
21,78
131,227
14,94
34,203
219,205
34,64
189,12
231,165
121,225
39,209
32,201
51,215
25,72
179,10
206,22
231,131
217,30
231,58
10,138
233,84
30,201
65,219
231,153
169,10
10,148
74,221
209,22
41,209
231,127
225,43
15,175
140,227
231,162
53,52
223,200
174,229
36,206
233,93
203,20
229,182
18,181
231,150
233,103
205,22
213,211
134,18
207,217
30,67
121,24
47,213
10,110
108,30
60,217
225,193
12,104
164,10
227,44
225,44
115,26
122,227
205,219
54,50
48,213
27,197
120,225
231,177
38,209
72,219
233,70
24,74
215,210
61,219
62,219
133,227
197,223
231,143
89,223
221,201
172,231
10,134
102,223
113,225
233,104
12,164
233,114
28,199
194,14
22,192
14,170
142,228
12,103
10,115
42,211
161,229
142,14
188,12
211,213
190,225
231,174
176,10
233,79
229,49
88,37
188,227
229,184
231,132
233,81
10,129
132,20
182,10
12,163
73,44
28,69
37,62
195,14
50,214
74,43
233,123
38,61
206,217
14,173
203,221
110,225
211,25
10,122
16,89
58,217
222,38
14,92
223,39
210,24
191,14
52,52
215,29
219,207
231,167
73,221
32,203
127,22
154,229
96,223
168,231
199,221
193,225
61,48
233,90
10,136
183,229
132,19
18,184
231,155
133,18
233,124
10,146
112,225
120,24
209,215
46,212
20,79
92,223
22,77
163,10
213,28
227,190
160,229
225,41
185,227
78,42
118,26
155,12
233,67
114,26
84,39
229,180
91,36
224,197
231,144
85,38
26,71
205,20
66,46
233,101
96,34
16,177
106,30
216,209
227,193
10,108
16,87
201,221
60,219
132,227
151,12
12,106
18,85
10,118
142,227
157,229
221,37
22,190
227,46
32,64
128,21
122,225
185,228
205,217
141,16
102,30
179,229
37,207
79,40
12,94
72,221
24,76
200,18
229,54
233,68
208,217
119,24
229,189
67,46
231,137
192,225
162,230
233,110
10,132
72,44
192,14
69,44
146,229
12,166
135,18
111,28
17,181
49,213
99,223
233,112
12,97
10,113
42,209
12,154
14,91
82,221
209,24
34,204
211,215
231,168
95,223
55,50
233,77
164,231
223,198
105,225
60,48
34,63
231,134
35,62
231,57
10,143
173,230
233,87
214,211
24,194
16,175
231,156
87,38
233,121
191,225
46,211
153,229
185,12
226,193
10,120
200,221
160,10
33,64
11,108
123,227
156,229
20,186
231,161
166,10
195,225
111,225
134,227
63,219
112,27
189,226
199,223
86,221
158,229
113,26
231,54
233,88
40,58
114,225
203,19
18,182
54,215
88,221
183,10
204,20
233,98
10,144
231,149
75,221
69,219
115,225
173,10
43,211
219,32
213,26
232,62
226,44
140,16
233,63
175,229
78,40
58,50
118,24
233,65
215,209
104,225
64,46
178,229
137,227
229,178
231,146
104,30
221,204
68,44
233,107
16,179
93,36
12,169
145,14
20,80
148,13
45,56
152,229
102,32
220,34
225,197
12,100
18,83
10,116
199,16
221,35
12,157
136,17
32,66
46,54
145,229
217,209
98,223
170,231
231,173
194,225
233,74
229,52
84,40
125,227
231,139
229,187
233,108
10,130
64,219
12,160
94,34
233,118
74,44
98,33
38,62
17,86
49,54
94,223
14,174
184,12
76,42
50,53
209,217
12,99
10,127
186,227
20,189
107,225
189,13
231,170
45,211
60,50
216,30
231,128
89,36
217,31
231,59
10,141
233,85
30,200
168,10
231,158
10,151
19,82
174,10
122,23
218,32
85,221
22,78
208,22
209,23
214,28
