100,106
46,42
111,88
103,15
39,70
78,39
112,29
41,23
111,70
94,10
9,62
59,36
90,79
90,42
73,82
60,39
91,35
87,57
77,76
90,84
69,38
52,98
67,74
73,35
112,66
50,39
83,111
46,97
86,8
56,75
77,55
39,97
112,62
46,45
71,100
10,85
93,110
97,107
111,79
90,53
73,91
87,54
79,85
77,69
25,103
36,55
110,26
73,36
22,102
87,44
56,108
35,26
42,67
55,71
43,69
109,25
83,90
81,62
77,48
59,102
16,97
54,18
112,53
44,107
70,81
9,70
60,70
51,43
72,100
81,79
45,97
86,84
102,18
67,12
50,108
97,108
58,70
111,84
12,90
92,28
90,60
73,92
86,78
10,47
43,23
58,37
65,38
11,46
9,50
59,40
40,48
62,39
45,21
36,62
34,26
43,45
90,38
63,38
87,37
37,63
95,31
48,41
90,64
71,38
45,47
39,57
37,25
26,30
47,73
81,55
69,92
57,99
67,100
88,31
112,44
34,103
85,89
14,95
89,30
70,72
9,79
18,98
69,102
38,97
90,29
81,64
86,111
31,27
53,42
9,81
86,65
109,96
9,59
23,31
57,17
10,48
87,34
90,75
105,17
52,101
67,71
39,54
106,22
79,111
41,71
51,19
66,73
67,109
65,109
112,35
43,73
77,60
15,39
99,19
39,106
112,57
89,9
70,101
62,70
111,90
40,24
47,45
73,78
81,83
112,31
9,60
40,62
73,80
88,88
51,76
90,40
49,76
67,38
87,59
61,36
78,84
77,74
90,82
43,49
52,108
41,72
72,10
40,106
69,78
52,19
32,105
46,73
55,102
53,18
59,99
62,103
81,59
99,24
110,93
45,76
112,48
43,100
100,19
91,110
62,73
9,67
10,83
68,100
90,9
101,18
60,73
47,42
86,83
52,39
95,108
46,21
79,41
53,38
111,73
90,51
73,89
95,10
108,98
32,27
65,35
87,48
11,43
79,87
18,34
33,26
77,67
87,46
37,52
70,34
111,29
47,100
90,71
96,30
51,97
58,108
42,107
98,28
81,60
77,46
39,24
64,109
80,87
34,106
112,55
9,68
68,99
81,77
82,85
37,66
78,55
49,100
91,29
31,28
56,41
87,88
111,86
72,76
90,58
86,76
69,12
93,31
82,111
55,41
94,28
9,48
42,46
66,35
90,36
12,43
36,56
41,51
13,42
87,39
111,26
24,30
42,72
38,50
62,15
74,40
90,78
75,37
39,59
63,14
44,70
76,38
81,53
96,11
68,76
69,90
77,39
64,100
37,97
34,101
84,111
112,46
14,93
55,18
9,77
81,70
87,81
50,101
98,107
103,18
81,88
39,69
86,71
87,79
109,94
55,38
11,89
111,69
9,57
90,47
60,36
49,73
41,52
80,9
87,60
78,83
77,79
104,22
90,73
39,48
56,98
65,73
26,103
50,40
81,46
68,75
112,37
77,58
101,13
59,108
69,109
39,100
19,34
43,97
112,59
100,22
46,46
105,101
10,86
81,81
45,107
77,110
47,21
73,86
90,54
13,92
87,53
77,72
92,32
40,70
72,38
90,80
69,34
73,39
35,25
42,68
74,36
96,25
54,108
69,76
75,41
58,99
65,100
28,104
83,89
48,21
38,24
71,74
77,51
69,86
81,57
60,109
99,26
89,110
112,50
48,107
70,82
61,103
9,65
10,81
72,97
21,33
64,14
81,74
45,100
15,95
49,97
99,107
11,87
111,75
68,12
90,49
73,95
86,75
87,50
11,45
35,56
77,65
66,38
60,16
19,100
87,40
85,8
107,23
90,69
36,25
64,73
39,60
97,29
61,15
35,100
76,41
47,76
81,50
68,71
69,95
77,44
28,29
34,104
37,102
112,41
70,85
96,108
9,74
89,87
66,109
81,67
82,83
68,109
37,64
78,53
80,111
102,22
111,80
38,68
90,56
86,66
101,106
102,104
41,47
56,17
9,54
40,52
95,27
13,40
87,33
20,101
48,45
89,86
96,23
45,43
90,76
49,40
97,22
80,42
41,66
98,21
53,98
60,99
69,88
17,98
66,74
112,32
41,100
55,108
77,63
69,98
66,100
81,68
38,101
88,9
87,83
39,105
63,103
70,102
111,89
86,69
58,40
111,71
9,63
42,23
90,45
73,83
86,63
91,32
87,62
61,39
78,81
68,38
24,103
42,49
40,65
77,77
112,65
81,44
23,102
58,102
56,74
37,104
112,39
55,101
77,56
110,94
99,23
112,61
71,101
10,84
75,110
47,41
48,76
61,70
111,76
16,37
90,52
73,84
93,9
87,55
59,16
77,70
54,72
36,54
84,8
82,8
87,45
46,107
54,98
55,98
81,63
77,49
16,96
36,99
45,72
112,52
70,80
9,71
72,99
82,86
81,72
38,105
67,13
65,13
107,98
111,85
12,89
38,67
64,38
86,73
10,46
54,41
58,36
50,73
73,93
90,63
35,58
9,51
45,22
95,28
36,61
63,39
87,42
70,38
90,67
54,101
51,101
88,111
39,62
44,75
33,106
81,48
77,42
69,93
60,102
88,30
112,43
34,102
44,97
41,97
85,90
14,94
55,17
48,100
9,72
69,103
81,65
52,42
104,103
111,82
57,40
86,64
109,97
63,70
55,37
106,101
76,110
9,52
40,54
87,35
90,74
105,18
39,55
80,44
112,34
100,13
41,106
77,61
69,96
58,71
19,33
80,88
112,56
50,97
46,43
111,91
103,14
71,110
40,23
73,79
112,30
49,107
9,61
90,43
73,81
88,87
58,16
91,34
87,56
77,75
83,8
81,8
72,35
90,85
56,102
112,67
69,79
65,103
52,18
14,40
46,72
71,73
110,92
75,10
99,25
73,110
112,63
85,86
20,33
59,70
10,82
101,19
95,109
93,109
111,78
12,92
53,39
90,50
73,90
81,111
52,76
108,97
50,76
87,49
70,11
77,68
33,27
53,72
65,70
19,99
87,47
37,53
27,104
44,48
90,70
69,72
35,99
109,24
74,10
42,106
81,61
77,47
49,20
112,54
44,100
50,19
92,110
79,9
61,99
9,69
77,9
70,86
51,42
82,84
86,85
81,78
78,54
49,101
87,89
56,40
107,100
111,87
12,91
57,37
72,75
90,61
43,22
52,75
94,31
9,49
66,34
90,39
12,42
71,11
36,63
43,44
62,36
95,30
87,36
111,27
44,47
90,65
62,14
45,46
49,43
39,56
76,37
81,54
96,10
53,101
69,91
57,98
67,103
64,99
97,11
37,98
34,100
94,109
112,45
89,29
29,28
70,73
9,78
18,99
81,71
9,80
59,74
74,110
81,89
86,70
54,38
91,9
22,31
109,95
104,15
9,58
57,16
90,46
80,8
87,61
78,82
42,50
47,107
105,16
90,72
51,108
67,70
39,49
49,44
106,23
79,110
50,43
81,47
40,100
68,74
66,70
99,12
56,71
112,36
14,39
98,11
77,59
101,14
59,109
15,38
69,110
110,91
87,111
112,58
63,99
105,102
81,82
73,77
86,89
63,73
48,73
61,73
111,67
92,9
40,63
73,87
90,41
17,35
13,93
87,58
78,85
68,34
77,73
90,83
43,48
74,39
55,75
72,11
96,24
46,100
69,77
57,108
108,24
73,10
32,106
42,97
48,20
83,86
71,75
81,58
69,87
89,111
99,27
45,75
112,49
84,90
9,66
51,39
72,96
81,75
79,40
111,72
90,48
73,88
88,32
86,74
54,42
17,36
64,35
87,51
79,86
35,57
18,35
77,66
62,35
110,25
15,96
22,101
87,41
37,51
26,104
70,35
111,28
90,68
108,23
39,61
97,30
43,70
44,72
98,29
81,51
90,110
77,45
69,80
28,28
37,103
112,40
48,97
70,84
9,75
81,76
37,65
78,52
91,28
22,32
50,107
70,110
111,81
92,31
72,77
90,59
86,77
69,11
9,55
90,37
54,71
41,50
13,41
87,38
20,100
104,16
63,35
24,31
42,73
38,51
96,22
48,44
71,35
25,30
49,41
39,58
31,105
80,41
29,105
26,29
44,71
41,67
98,20
81,52
77,38
69,89
112,47
9,76
69,99
57,74
66,103
73,96
88,8
87,80
84,86
81,69
38,100
43,107
72,110
39,68
86,68
87,78
11,88
111,68
9,56
90,44
86,62
51,72
67,34
91,33
78,80
77,78
40,64
105,22
64,70
112,64
81,45
53,108
23,103
37,105
43,74
85,111
112,38
42,100
62,99
77,57
75,9
99,20
112,60
100,23
63,109
61,109
101,22
81,80
78,40
111,77
16,36
90,55
73,85
93,10
87,52
77,71
40,71
53,75
54,75
36,53
72,39
90,81
42,69
74,37
96,26
75,40
30,105
28,105
87,8
46,76
38,25
81,56
77,50
58,74
36,98
78,9
112,51
76,9
50,20
70,83
61,102
9,64
68,103
72,98
21,32
86,86
78,51
81,73
82,89
99,106
65,14
56,37
11,86
107,99
111,74
66,13
38,66
73,94
86,72
90,62
52,72
50,72
11,44
44,22
35,59
77,64
36,60
87,43
44,44
47,97
90,66
60,15
51,98
21,101
78,110
44,74
76,42
98,27
81,49
62,109
27,29
69,94
77,43
37,101
34,105
112,42
9,73
57,71
81,66
30,28
103,104
104,102
103,22
59,73
111,83
40,47
90,57
86,67
101,105
93,28
102,105
41,46
106,100
9,53
42,45
40,53
90,35
95,26
36,59
60,40
103,103
87,32
104,18
44,43
78,79
89,85
38,49
90,77
97,21
80,43
41,65
40,97
69,71
57,102
17,97
64,103
112,33
100,12
98,12
77,62
69,97
15,37
87,82
102,14
