181,153
159,221
222,181
181,96
147,176
175,222
98,203
198,213
181,131
121,205
141,145
224,101
154,139
96,201
189,218
190,216
224,91
216,49
94,201
128,77
220,182
154,95
132,218
178,220
206,206
103,203
117,205
154,121
145,200
143,150
137,142
222,154
181,79
178,175
222,55
154,99
144,220
204,210
199,51
147,185
133,218
181,105
121,79
156,109
109,84
181,140
109,203
224,124
147,159
154,146
129,140
140,205
90,214
224,82
101,216
214,197
90,95
143,203
127,79
156,168
102,87
139,219
209,204
179,172
175,178
79,115
224,72
119,216
218,50
188,63
116,216
145,193
222,157
146,154
181,72
85,201
89,142
215,47
140,144
224,132
183,70
222,167
181,114
147,190
93,144
203,45
166,179
121,80
181,149
184,220
151,220
123,207
224,115
154,157
147,164
120,205
224,105
154,135
156,167
75,205
99,88
79,120
224,79
83,132
158,171
180,220
216,194
224,62
181,81
195,59
116,205
154,117
81,201
145,220
195,214
222,174
110,83
104,203
181,123
181,158
158,220
222,176
181,101
147,173
217,194
224,96
154,142
81,124
82,130
135,140
181,162
224,70
124,79
145,153
117,81
220,185
122,140
117,216
79,111
83,104
91,93
113,81
103,85
222,143
194,61
181,90
162,177
154,124
110,205
196,59
194,215
222,145
84,201
197,58
107,216
148,79
154,102
185,220
199,52
181,110
147,178
104,216
136,77
156,159
98,201
118,140
149,220
181,129
224,103
154,137
160,176
76,203
139,206
181,171
224,93
164,222
187,218
75,209
95,146
98,146
79,116
181,220
154,93
132,77
130,77
218,190
202,212
108,144
222,152
181,77
139,144
170,222
191,61
222,53
95,201
80,201
154,97
222,162
181,119
147,187
218,194
125,140
181,138
98,89
224,126
154,144
147,161
113,142
116,141
171,222
224,84
156,170
133,140
206,45
179,174
186,63
157,171
212,201
100,214
119,218
224,74
211,45
101,87
116,81
212,46
108,143
213,47
141,205
145,199
109,142
181,86
103,216
168,181
89,140
129,207
221,182
224,134
87,98
222,165
181,112
147,192
144,78
105,216
161,222
80,109
181,147
224,117
205,45
147,166
174,222
154,155
127,207
87,201
81,130
224,107
154,133
156,161
185,65
115,205
188,218
75,207
140,220
210,203
89,201
79,122
139,77
224,65
181,167
152,83
83,134
220,188
216,196
83,101
220,53
222,138
182,71
181,95
139,142
195,61
154,115
222,172
181,121
135,218
181,156
192,216
135,77
100,144
222,182
147,175
181,99
198,214
181,134
224,98
154,140
122,79
135,142
181,160
224,88
97,146
220,187
91,95
103,87
91,214
222,141
181,88
126,140
93,93
154,122
87,139
143,149
222,151
197,56
106,216
95,91
138,142
198,55
154,100
171,180
80,212
107,85
209,45
199,54
124,140
147,180
208,205
181,108
181,143
224,121
154,151
147,154
81,107
138,77
181,169
86,201
130,140
224,95
110,142
214,198
79,211
153,85
179,171
175,177
88,201
79,118
207,45
154,91
169,181
156,220
96,146
218,188
202,210
191,216
82,201
143,146
222,158
134,77
181,75
191,63
148,80
224,129
222,59
193,216
183,69
186,219
222,160
199,47
147,189
183,220
218,192
181,117
156,105
181,136
121,218
224,112
154,158
147,163
81,108
155,159
94,146
77,202
224,86
156,164
128,207
137,207
160,175
99,87
115,81
180,171
224,76
83,131
112,83
141,203
145,197
224,59
181,84
147,220
85,213
201,47
154,118
81,212
183,66
222,171
223,59
181,126
133,207
181,145
136,218
224,119
154,153
147,168
151,83
97,90
81,128
224,109
154,131
156,163
81,127
143,220
85,138
181,165
127,77
224,67
101,215
152,85
137,218
157,220
143,77
158,175
141,77
162,178
154,87
83,103
177,222
154,220
123,140
222,136
181,93
165,179
167,222
85,101
154,113
173,179
87,140
194,216
90,144
91,201
83,212
102,144
222,146
145,79
86,99
181,71
177,176
131,140
181,154
122,218
100,146
222,180
147,177
181,97
98,202
80,124
198,212
181,132
141,146
108,203
224,100
173,222
119,140
154,138
139,205
126,79
224,90
89,95
79,212
174,179
216,48
154,94
88,97
93,91
94,91
154,120
145,201
222,149
222,54
154,98
204,209
199,48
147,182
181,106
160,222
211,202
149,81
156,108
109,85
181,141
122,207
224,123
154,149
147,156
81,105
161,177
90,201
108,216
224,81
214,196
142,77
145,150
138,218
85,134
134,140
179,173
175,179
79,112
154,89
119,217
114,205
206,208
189,63
110,216
121,140
145,194
222,156
181,73
89,143
84,101
87,97
224,131
222,57
183,71
136,207
222,166
181,115
147,191
93,145
97,214
121,81
156,107
204,45
181,150
87,214
224,114
154,156
147,165
117,140
224,104
154,134
156,166
126,218
99,89
210,204
79,121
224,78
132,207
78,210
83,133
93,214
105,144
111,142
222,135
224,61
181,82
201,45
89,144
154,116
101,144
155,110
144,201
105,85
222,169
181,124
166,181
128,140
150,83
147,79
99,146
181,159
222,179
181,102
147,170
146,193
108,85
109,216
101,203
102,203
81,125
224,111
135,141
154,129
85,136
181,163
224,69
214,200
79,201
145,154
125,207
158,173
220,184
113,82
154,85
83,105
222,142
131,77
93,201
129,77
181,91
85,99
127,140
110,204
141,220
194,214
89,96
222,144
155,103
197,59
154,127
163,179
208,45
171,179
181,152
159,220
123,218
96,91
199,53
147,179
181,111
120,81
181,130
120,218
141,144
224,102
154,136
197,214
139,207
190,217
89,214
224,92
220,183
79,117
154,92
178,221
206,207
120,140
177,175
222,155
181,78
135,207
154,96
104,85
186,220
199,50
181,104
147,184
172,179
156,110
109,83
181,139
150,220
122,205
112,142
224,125
154,147
147,158
116,140
126,207
152,220
224,83
127,78
156,169
143,202
179,175
139,218
79,114
212,200
224,73
182,220
78,201
104,144
218,51
187,63
154,111
212,45
179,220
108,142
118,205
176,222
181,87
92,201
214,47
200,212
166,222
89,141
87,99
224,133
183,65
222,164
181,113
147,193
197,55
144,77
181,148
167,181
224,116
146,79
147,167
154,154
172,222
224,106
154,132
156,160
75,204
125,218
210,202
107,144
79,123
224,64
219,51
216,195
220,52
224,63
181,80
139,143
86,138
154,114
110,203
222,175
181,122
150,81
181,157
222,177
132,140
147,172
181,100
82,105
184,65
181,135
153,220
224,97
137,77
154,143
111,205
128,218
181,161
99,203
163,222
213,200
224,71
145,152
220,186
203,210
79,110
193,61
220,51
222,140
181,89
201,212
129,218
154,125
133,77
222,150
197,57
105,203
169,222
171,181
154,103
159,222
199,55
181,109
147,181
208,204
96,214
210,45
176,177
181,128
86,214
224,120
154,150
147,155
115,216
160,177
77,210
181,170
224,94
125,79
75,208
79,119
99,214
217,49
92,93
154,90
92,214
94,214
218,191
170,181
143,147
222,153
181,76
224,128
222,58
154,110
186,218
222,163
181,118
147,186
142,146
156,104
181,137
95,214
106,85
224,127
154,145
147,160
81,109
116,142
77,203
224,85
156,171
185,63
106,144
139,220
79,124
212,202
224,75
218,49
207,206
212,47
130,218
141,204
145,198
181,85
85,214
183,67
222,170
181,127
144,79
156,103
181,146
224,118
154,152
147,169
111,216
92,144
97,91
81,129
224,108
154,130
156,162
185,64
146,220
75,206
196,214
181,166
88,214
224,66
152,84
142,203
136,142
158,174
154,86
159,175
222,139
181,94
148,220
195,60
130,207
154,112
112,216
82,212
222,173
181,120
177,177
181,155
114,142
100,145
181,98
147,174
181,133
224,99
154,141
190,218
224,89
140,77
216,47
91,94
113,205
103,86
178,222
155,220
93,92
154,123
87,138
143,148
222,148
84,212
115,142
154,101
204,208
199,49
147,183
208,206
134,218
181,107
199,212
181,142
122,206
224,122
154,148
147,157
81,106
123,79
127,218
181,168
144,150
224,80
214,199
102,216
79,210
143,201
145,151
124,218
75,210
85,135
84,134
79,113
131,207
223,134
154,88
119,81
218,189
202,211
113,216
145,195
222,159
190,63
181,74
191,62
148,81
224,130
222,56
183,68
222,161
83,201
147,188
93,146
218,193
181,116
156,106
181,151
91,144
224,113
147,162
154,159
103,144
97,201
77,201
100,203
224,87
165,222
142,220
215,196
156,165
75,203
162,222
224,77
124,207
83,130
131,218
119,205
112,205
145,196
222,134
224,60
200,47
85,212
181,83
106,203
107,203
201,46
154,119
202,45
222,168
205,208
181,125
168,222
166,180
98,214
150,82
181,144
88,140
111,83
222,178
181,103
147,171
97,89
224,110
154,128
81,126
138,207
76,210
85,137
100,87
181,164
224,68
101,214
219,188
192,61
158,172
79,109
113,83
118,216
83,102
164,179
162,179
114,216
222,137
118,81
181,92
221,53
114,81
85,100
154,126
89,97
222,147
134,207
