194,295
213,121
231,163
14,74
156,290
140,113
143,36
110,41
58,19
80,12
248,200
122,52
12,59
160,148
14,162
113,37
193,77
90,130
255,214
92,239
124,101
235,170
147,38
115,39
95,243
44,25
227,267
84,128
16,181
205,106
209,111
123,20
87,10
159,50
14,165
186,297
140,144
22,148
206,106
51,209
241,184
117,139
100,245
249,200
17,50
164,295
189,297
103,249
251,208
89,237
14,172
111,137
166,91
167,56
30,191
37,87
56,122
31,85
91,93
168,56
24,146
193,80
107,61
181,68
130,108
95,89
207,110
12,72
32,193
237,173
35,134
130,142
84,12
229,159
138,276
67,221
143,144
182,117
22,185
151,287
176,62
12,71
76,228
22,40
170,97
122,83
88,95
178,298
225,269
84,11
178,112
109,253
46,203
18,79
76,227
225,149
227,153
138,113
122,90
215,125
221,278
40,201
116,41
126,70
40,88
96,132
97,10
155,99
133,109
29,140
231,261
106,251
107,251
153,42
82,128
120,51
10,62
135,142
107,136
18,46
259,255
133,271
157,46
256,257
184,297
98,243
244,259
101,134
105,67
82,232
112,138
37,197
203,293
41,130
225,272
198,88
187,297
259,228
134,142
191,75
124,62
144,36
105,68
159,291
100,134
191,297
235,259
181,136
19,152
45,126
247,198
70,14
203,100
169,148
99,87
261,241
190,297
217,128
201,94
134,272
105,77
30,140
35,195
245,195
193,296
113,14
155,289
119,16
155,148
49,124
160,89
199,88
261,250
124,76
107,12
56,212
239,182
46,89
174,146
123,140
128,107
184,120
221,141
168,295
10,67
38,198
96,89
258,255
21,150
25,83
126,101
186,70
23,146
124,75
89,95
242,186
223,273
173,146
103,81
184,127
93,91
94,91
59,215
130,269
136,113
20,150
261,236
47,91
36,133
220,279
149,285
153,103
154,287
172,146
49,22
67,124
159,89
109,52
164,148
20,46
213,118
86,236
182,133
75,125
148,285
166,148
33,30
16,50
141,277
163,293
118,44
213,285
153,104
62,18
136,144
232,164
140,277
109,45
25,38
118,261
192,76
201,293
93,132
117,14
124,80
128,269
12,61
111,12
243,188
127,140
184,131
168,93
213,120
231,162
14,75
89,10
80,126
156,291
54,93
148,146
122,53
232,259
162,50
204,102
42,89
84,233
14,163
193,76
216,283
22,146
117,16
44,26
205,105
209,110
172,297
14,170
55,124
38,28
239,259
85,95
129,107
22,149
119,261
117,138
100,246
38,132
151,42
14,173
111,136
96,10
233,167
20,184
63,122
48,124
152,42
176,144
69,16
163,87
56,123
156,46
90,237
108,252
26,187
64,122
63,18
85,97
233,168
107,60
181,67
182,115
130,109
114,38
94,241
154,103
12,73
177,142
32,194
237,172
97,87
111,41
102,83
229,158
108,251
92,93
138,277
107,53
164,52
211,115
76,229
22,41
225,147
176,142
178,299
55,211
64,217
178,113
253,214
17,181
68,221
33,85
112,14
225,148
80,231
227,152
47,24
30,32
122,91
215,124
36,196
221,277
116,42
135,144
126,71
110,253
40,89
183,132
121,18
14,56
182,68
58,94
48,24
249,259
231,260
52,92
18,156
36,195
131,26
10,63
18,47
259,254
135,30
159,148
169,58
25,144
179,113
134,109
82,233
195,81
86,95
179,299
52,91
142,278
203,292
247,200
261,247
191,74
124,63
198,295
48,22
105,75
30,138
79,12
147,283
226,150
67,16
32,30
70,15
260,230
99,86
261,240
212,287
201,93
164,87
134,273
83,97
105,76
15,54
24,38
153,147
245,194
121,263
116,14
199,91
185,70
149,40
261,249
124,77
56,213
184,121
147,111
221,140
168,296
153,148
10,64
88,10
38,199
151,107
182,136
57,20
154,44
89,94
103,80
158,48
51,22
257,257
185,297
60,216
172,148
101,10
66,124
34,85
88,128
20,151
261,235
16,75
73,14
145,38
36,134
60,215
172,147
109,51
19,183
118,259
86,237
161,87
75,124
116,138
172,100
16,51
61,18
118,45
19,79
31,138
109,44
40,130
131,109
156,99
231,164
127,23
93,131
172,99
174,60
124,81
12,62
17,77
243,191
251,207
52,20
184,132
168,94
106,67
129,24
118,140
230,160
133,28
84,234
88,237
14,160
150,286
75,99
22,147
197,87
235,172
145,113
74,226
147,40
227,269
47,126
252,259
38,130
205,104
14,171
107,65
255,217
21,44
100,247
249,206
120,18
30,84
251,210
197,295
166,89
243,259
233,166
20,185
48,125
11,67
237,178
241,183
26,83
210,289
104,249
56,124
108,253
66,220
85,96
158,291
107,63
181,66
183,297
114,39
95,91
25,187
103,11
32,195
124,140
234,259
52,209
255,257
153,287
122,86
29,191
16,156
162,87
182,297
111,40
76,126
229,157
105,135
252,210
142,113
112,255
124,20
87,128
170,297
99,133
211,114
72,97
98,87
225,146
102,248
176,143
214,124
64,218
45,24
105,136
178,110
253,213
35,30
173,297
68,222
14,54
18,77
205,291
120,261
122,88
30,33
215,127
36,197
116,43
207,289
81,127
126,68
39,130
14,57
58,95
137,31
155,101
166,295
81,231
231,263
52,93
15,75
91,10
144,144
259,225
191,76
200,92
169,57
100,10
132,269
27,36
195,80
142,279
203,97
259,230
261,246
72,14
36,28
48,23
121,140
105,74
30,139
165,54
66,16
123,97
87,95
240,259
32,31
203,102
60,18
201,92
57,122
54,20
24,39
153,146
245,193
151,109
119,18
199,90
185,69
261,248
247,259
124,78
54,124
174,144
140,32
184,122
221,139
168,297
10,65
193,295
141,144
112,256
38,87
157,48
89,93
58,122
223,275
171,297
189,74
103,83
238,259
148,111
257,256
60,217
39,199
43,128
86,235
74,124
261,234
176,105
146,282
165,89
150,40
170,148
118,43
16,76
145,37
127,267
159,91
109,50
59,95
127,105
114,14
172,101
48,91
16,52
108,12
150,146
135,273
109,43
45,89
102,10
127,22
93,130
23,187
124,82
155,45
20,79
111,14
243,190
209,114
251,206
52,21
127,142
168,95
132,109
171,58
64,16
157,99
14,73
28,189
92,130
133,27
122,51
16,177
84,235
14,161
126,63
163,51
150,287
136,111
211,287
50,22
71,97
29,34
197,86
145,112
74,227
167,148
227,268
34,30
220,136
38,131
205,103
210,114
83,128
138,32
174,297
14,168
108,136
37,132
23,81
84,97
107,64
255,216
26,38
237,259
249,205
175,61
111,37
30,85
111,138
233,165
107,57
149,111
48,126
197,88
237,177
241,182
101,247
104,250
105,12
31,193
18,182
167,93
66,221
32,85
107,62
130,107
95,90
207,107
103,10
52,210
41,26
154,148
122,87
16,157
81,12
229,156
49,91
105,134
161,148
42,202
65,123
138,275
107,55
75,14
39,28
43,89
99,132
211,117
33,195
72,98
142,144
102,249
122,94
178,297
114,257
64,219
85,128
178,111
253,212
126,66
65,124
68,223
14,55
57,93
93,241
152,146
120,262
169,95
243,192
227,154
122,89
215,126
81,126
120,47
126,69
18,50
202,96
259,251
47,205
219,281
137,30
155,100
175,105
69,97
122,96
123,82
231,262
178,142
103,134
18,154
94,10
222,277
259,224
126,266
21,81
169,56
129,269
76,12
58,214
132,270
244,192
117,259
82,231
173,60
156,148
137,144
195,83
76,99
203,96
261,245
64,95
32,136
124,57
36,29
219,279
105,73
125,22
165,53
23,40
81,97
180,136
199,92
53,124
168,148
139,277
160,291
179,65
180,113
24,40
245,192
126,22
151,108
185,68
261,231
50,208
124,79
164,88
239,179
223,277
174,145
184,123
238,178
221,138
224,146
98,10
78,230
89,130
38,197
114,138
176,297
126,104
112,257
251,259
145,146
223,274
78,126
189,73
103,82
124,264
199,293
152,107
139,144
159,93
28,34
71,124
39,87
95,10
42,130
261,233
176,106
34,136
90,93
146,283
124,263
16,77
145,36
242,259
67,97
159,90
109,49
48,205
234,168
75,126
20,152
172,102
209,289
16,53
219,133
151,146
223,145
208,289
144,280
109,42
257,223
60,95
229,267
213,124
254,214
240,182
144,113
201,96
58,20
155,44
217,283
209,113
141,34
52,22
169,297
64,17
157,98
40,26
28,190
235,169
133,26
104,134
16,178
53,211
123,19
159,49
14,166
163,50
74,14
146,38
124,97
197,85
181,299
249,203
30,192
205,102
101,85
119,47
85,235
30,83
14,169
21,185
59,122
107,67
255,219
165,148
28,140
81,128
249,204
175,60
52,124
16,160
14,176
41,201
136,30
248,259
233,164
107,56
149,110
207,109
103,12
70,223
237,176
184,68
119,140
104,251
18,183
134,28
60,122
65,97
73,225
182,118
92,240
114,37
96,243
116,257
22,186
207,106
12,68
52,211
90,10
72,124
255,259
170,98
122,84
16,158
187,71
116,39
229,155
177,109
218,281
42,203
43,203
65,122
157,95
107,54
211,116
174,104
12,67
72,99
22,44
61,95
27,83
118,16
122,95
179,140
246,259
253,211
126,67
55,93
165,295
97,132
175,297
215,283
120,263
73,124
136,273
207,291
120,48
65,219
141,113
69,223
219,280
58,93
98,244
155,103
131,142
170,95
122,97
18,155
70,16
259,227
126,267
104,79
105,71
76,13
58,215
132,271
173,59
195,82
142,277
257,224
247,197
203,99
261,244
226,269
32,137
124,58
217,131
36,30
27,142
105,72
125,21
165,52
77,99
24,81
180,137
115,257
217,132
239,181
79,97
46,90
160,292
179,64
180,114
62,122
15,160
258,224
63,217
31,32
126,102
147,146
261,230
121,51
50,209
124,72
161,50
164,89
239,178
223,276
134,271
122,18
184,124
221,137
78,231
245,259
89,129
28,36
212,118
70,124
126,105
132,26
43,26
261,239
145,145
189,72
124,265
170,58
159,92
28,35
182,134
261,232
176,107
139,113
125,72
153,107
102,134
162,148
109,48
55,20
48,206
172,103
68,16
16,54
219,132
196,295
223,144
243,187
144,281
109,41
184,128
257,222
229,266
213,123
231,161
70,97
236,172
163,148
196,84
216,128
122,54
217,282
209,112
137,275
141,33
24,187
64,18
193,79
157,97
40,27
152,287
28,191
177,297
235,168
143,35
93,10
129,142
113,257
190,74
83,12
16,179
20,80
123,18
177,64
159,48
14,167
144,279
150,285
211,289
22,150
46,24
124,98
197,84
181,298
74,225
241,186
249,202
122,56
30,193
51,124
164,293
223,143
151,41
101,84
214,285
14,174
204,291
64,96
107,66
72,224
255,218
26,36
44,126
28,141
125,101
145,111
202,293
97,89
111,39
187,72
178,64
14,177
90,238
166,92
24,144
26,188
107,59
94,242
149,109
167,55
207,108
230,263
237,175
75,227
137,113
157,291
123,57
13,58
233,259
66,219
53,20
182,119
92,241
131,269
22,187
116,258
12,69
123,263
71,223
255,258
130,24
94,132
22,42
170,99
122,85
105,251
16,159
187,70
188,72
225,271
133,142
173,103
229,154
26,142
157,94
215,285
97,243
99,134
192,297
174,105
68,97
227,151
154,288
122,92
40,199
148,40
77,126
228,267
178,109
253,210
126,64
110,254
46,204
73,99
62,95
136,274
56,20
131,25
207,290
120,49
50,91
106,12
160,50
250,259
18,48
259,253
26,144
135,29
122,140
98,245
44,89
155,102
215,128
34,195
57,213
134,110
178,140
18,152
203,291
162,293
110,136
259,226
82,12
124,60
105,70
108,53
76,14
173,58
177,63
125,140
247,196
17,156
146,111
203,98
260,251
99,85
261,243
85,10
32,138
124,59
217,130
105,79
125,20
19,46
77,98
24,82
180,138
208,110
49,207
239,180
22,81
46,91
160,293
180,115
128,105
35,87
128,24
183,119
229,160
13,73
142,34
126,103
124,73
110,12
126,140
112,37
93,93
221,136
184,125
66,97
89,128
34,86
82,97
32,32
161,89
92,10
261,238
145,144
125,63
199,295
79,231
15,177
20,44
229,263
182,135
42,128
63,95
28,83
176,108
34,134
146,281
188,297
118,46
213,287
37,28
41,89
153,106
83,233
109,47
48,207
122,263
87,237
236,259
219,135
128,267
56,93
243,186
184,129
257,221
229,265
213,122
231,160
254,259
91,239
156,289
58,18
155,46
46,126
122,55
12,58
217,281
175,144
86,128
141,32
193,78
157,96
127,24
255,215
40,28
124,100
235,171
143,34
147,39
44,24
99,245
16,180
20,81
125,265
14,164
163,52
211,288
181,115
255,220
20,183
44,128
124,99
181,297
36,87
241,185
206,291
117,140
249,201
122,57
164,294
223,142
151,40
101,83
251,209
14,175
166,90
64,97
72,225
111,255
80,97
26,37
44,127
28,142
97,88
175,62
54,211
111,38
90,239
109,12
166,93
222,142
24,145
99,10
26,189
107,58
145,281
94,243
167,54
115,138
45,203
68,124
237,174
18,181
158,148
120,140
182,116
150,109
116,259
172,58
65,16
174,103
12,70
22,43
170,96
122,82
106,136
59,18
225,270
84,10
253,259
42,201
26,143
157,93
215,284
18,78
78,12
211,118
195,295
69,124
225,150
227,150
154,289
122,93
30,34
51,91
221,279
40,200
116,40
126,65
110,255
40,87
46,205
139,32
14,58
109,136
146,146
27,189
128,142
77,229
115,14
136,275
102,247
131,24
153,43
120,50
135,143
126,72
18,49
259,252
44,203
135,28
157,47
134,111
231,259
178,141
18,153
225,273
153,44
246,196
259,229
124,61
126,265
224,273
78,97
171,148
105,69
58,213
177,62
195,84
42,26
61,217
62,217
247,199
180,140
203,101
261,242
217,129
201,95
149,146
98,132
105,78
245,196
193,297
200,293
257,255
77,97
24,83
119,17
180,139
199,89
117,43
100,85
261,251
56,211
179,66
128,106
184,119
221,142
61,122
10,66
194,80
132,142
167,295
228,154
50,124
91,130
11,62
50,207
124,74
86,10
143,113
184,126
93,92
78,229
158,93
34,87
136,112
161,88
143,279
113,138
261,237
171,99
219,136
137,32
103,79
180,66
199,294
36,132
109,53
256,220
20,45
183,68
77,12
138,144
157,148
213,119
180,299
72,223
182,132
148,284
241,259
42,129
176,109
34,135
71,14
95,132
79,126
118,47
213,286
33,136
218,132
153,105
250,206
109,46
118,260
74,99
148,283
117,15
135,111
29,83
104,12
53,93
219,134
128,268
12,60
111,13
223,146
243,189
161,293
127,141
184,130
257,220
166,54
229,264
