171,86
172,88
29,44
47,134
33,41
59,131
218,150
165,286
25,49
189,136
155,280
140,153
87,226
91,231
185,110
96,234
140,104
51,200
143,45
41,34
150,49
33,147
55,204
89,228
131,94
222,157
228,172
214,139
147,47
26,74
104,240
196,286
218,152
131,54
98,63
250,226
214,275
125,257
228,171
193,95
49,133
71,90
21,55
95,80
149,98
172,69
118,147
174,90
52,200
98,71
248,221
38,190
167,286
152,88
119,33
142,104
62,131
102,42
67,212
87,137
254,241
131,262
170,288
123,256
93,19
194,96
105,240
220,154
80,135
45,33
103,239
202,115
132,77
102,45
254,248
21,57
150,98
100,19
45,195
120,252
175,94
53,131
184,78
34,39
35,143
128,32
182,290
79,222
39,139
156,82
72,23
143,153
182,76
58,86
241,203
96,141
151,276
179,96
71,214
239,250
133,100
154,155
52,84
247,251
251,252
252,230
92,82
133,262
124,40
107,32
51,133
127,45
240,250
184,290
224,260
43,82
190,135
121,252
78,135
27,45
101,238
31,184
179,150
142,270
148,49
115,248
82,19
134,151
144,45
254,237
27,181
119,252
225,167
191,288
183,106
187,111
188,87
70,23
74,90
133,264
192,129
104,35
122,149
129,91
44,82
100,55
101,143
123,254
68,88
184,106
245,250
194,95
113,21
96,75
41,139
40,190
151,90
110,145
129,92
220,266
168,288
27,48
100,141
29,151
158,80
25,74
246,215
141,153
169,157
43,33
191,121
89,86
173,153
69,88
125,43
94,80
148,102
79,19
133,65
244,210
64,131
43,137
226,171
160,80
234,187
35,38
114,30
49,198
238,199
47,82
164,286
19,62
149,276
133,74
245,213
172,155
232,182
159,80
125,149
126,29
96,80
187,139
31,42
142,43
129,54
166,157
154,54
201,113
110,21
61,26
137,39
213,276
204,121
130,260
43,135
93,139
23,160
230,177
70,133
155,82
199,286
20,70
224,164
132,100
23,72
212,135
181,102
91,232
186,83
42,137
67,131
141,270
200,107
219,153
130,33
166,286
77,219
188,290
189,87
162,59
98,19
136,151
140,268
21,170
131,83
87,228
135,103
29,43
174,70
33,40
167,157
218,151
111,21
58,131
203,284
20,59
189,135
84,88
89,19
181,104
91,230
92,232
185,109
191,131
34,145
73,90
54,84
58,27
41,33
148,153
33,146
71,133
38,141
133,151
67,88
184,145
228,173
90,138
150,94
117,25
46,31
216,145
27,75
84,136
176,153
196,287
69,23
218,153
131,57
98,60
172,288
83,135
250,227
125,256
37,143
102,48
85,88
93,232
25,179
103,19
242,203
98,68
79,90
117,147
153,279
155,55
220,156
152,89
119,32
123,37
161,157
111,145
186,143
131,79
102,43
230,252
127,49
254,246
80,90
25,180
98,236
34,186
95,233
189,116
153,280
194,97
106,143
220,155
94,19
153,86
45,32
103,238
162,284
39,141
234,250
145,272
57,86
21,56
206,124
116,250
210,131
45,194
195,288
71,216
36,78
184,79
94,139
51,84
128,33
250,252
158,157
252,232
92,84
167,81
99,58
182,77
146,153
179,99
195,99
103,143
178,290
84,19
247,250
252,231
92,83
132,60
176,94
51,132
127,44
22,72
78,21
160,284
80,222
81,224
30,43
179,290
35,188
55,86
121,27
144,46
27,180
48,31
107,243
147,274
187,110
201,286
136,37
104,36
159,157
129,90
100,48
83,88
220,268
115,30
170,66
82,224
86,86
96,76
41,138
183,147
23,159
117,32
198,286
128,149
147,102
220,267
79,21
133,71
244,212
100,142
29,150
61,208
67,25
180,149
222,264
226,256
45,135
191,120
200,112
133,63
154,84
27,155
134,264
125,42
94,81
133,64
244,211
193,288
43,136
226,168
46,135
185,79
149,49
90,84
238,196
19,65
149,275
133,73
232,183
23,53
138,151
129,53
40,35
114,22
154,55
70,131
239,199
61,25
151,155
193,129
51,31
108,20
19,70
227,171
139,151
55,27
21,167
131,100
23,163
63,88
39,35
108,19
180,75
224,165
61,131
141,43
216,270
181,101
186,80
141,269
200,108
36,37
236,192
77,218
54,202
21,169
131,82
99,19
185,107
23,177
135,102
191,133
174,71
97,74
76,90
250,222
108,144
109,30
192,91
185,108
117,31
191,130
148,154
33,145
106,34
178,74
108,143
218,270
228,174
90,139
97,235
150,95
216,146
98,74
27,74
84,137
131,56
98,61
81,19
250,224
37,142
229,252
230,250
74,133
97,236
25,178
98,69
153,278
220,157
152,90
189,288
120,25
137,266
123,36
103,240
166,80
131,78
102,40
124,29
127,48
254,247
206,122
129,149
95,232
189,115
99,237
210,280
200,286
45,31
87,19
108,244
91,84
202,113
39,140
97,141
181,75
182,75
21,71
150,96
206,125
242,250
247,252
177,96
252,233
112,246
113,248
167,80
47,197
151,278
118,250
179,98
62,88
187,83
82,135
144,153
109,244
173,290
126,258
127,47
76,133
171,155
169,65
78,133
132,262
27,47
137,104
156,156
132,149
233,250
178,96
198,103
114,248
115,250
132,36
208,125
144,47
163,285
59,205
243,207
66,25
156,155
107,242
34,78
75,90
132,35
60,27
136,38
28,76
104,37
121,35
191,117
122,147
129,89
100,49
54,29
170,67
138,104
86,87
96,77
41,137
66,131
129,33
38,37
183,146
222,262
121,36
161,59
164,80
97,19
100,56
140,41
165,63
79,20
133,70
244,213
100,143
29,149
114,146
246,213
247,217
67,24
29,76
104,19
157,55
200,113
57,131
133,62
154,85
27,154
139,267
125,41
19,59
153,155
167,288
226,169
234,185
57,27
129,51
147,153
90,85
165,80
238,197
108,30
127,258
19,64
24,53
149,274
133,72
232,184
55,29
187,141
129,52
38,78
114,23
186,79
23,165
32,147
196,100
39,37
193,128
158,56
51,30
108,21
93,82
221,157
150,155
177,95
21,166
193,127
102,19
86,226
205,282
23,162
196,99
190,90
123,149
224,166
35,78
164,157
24,178
23,74
64,25
216,271
181,100
186,81
152,278
135,104
48,82
141,268
200,109
236,193
92,139
177,73
21,168
186,290
131,85
136,104
45,82
209,131
211,278
212,136
50,31
70,90
127,31
92,19
185,106
23,176
191,132
32,184
130,54
218,149
36,188
185,145
250,223
108,145
192,92
111,245
117,30
175,71
177,153
33,39
148,155
83,19
66,88
178,75
228,175
214,142
97,234
150,92
216,147
242,206
248,217
163,80
131,59
98,58
250,225
37,141
230,251
238,250
98,66
37,37
221,264
226,254
120,26
119,34
137,265
123,39
102,41
254,244
240,200
22,165
206,123
210,134
213,139
152,51
189,114
99,236
251,227
66,212
235,250
21,70
150,97
156,280
175,91
31,183
151,51
228,252
105,143
160,57
252,234
198,106
208,128
43,193
47,196
145,271
164,61
224,256
99,141
178,151
64,210
85,137
253,237
173,289
236,250
127,46
94,232
21,72
180,100
76,21
27,46
248,252
156,157
132,150
50,84
252,248
167,65
132,37
208,126
64,88
163,284
241,250
27,182
125,29
126,149
59,204
81,223
155,155
246,216
160,78
136,39
121,34
104,38
191,116
107,19
129,88
25,159
100,50
46,82
121,147
244,207
249,252
181,149
96,78
204,282
63,209
253,248
146,104
222,263
65,88
100,57
140,42
133,69
114,147
81,90
191,122
145,153
74,218
238,195
133,61
154,82
139,266
125,40
108,32
52,131
77,133
127,149
116,23
192,122
129,50
23,175
202,286
122,28
159,283
108,31
19,67
223,163
232,185
88,19
55,28
131,97
222,162
23,55
116,30
82,90
187,140
236,189
23,164
154,53
196,101
39,36
158,57
177,94
74,21
168,82
21,165
193,126
88,137
230,180
68,23
190,91
36,143
224,167
21,174
169,288
216,272
182,147
116,147
171,85
47,133
230,175
200,110
236,194
86,19
53,202
185,143
208,280
146,47
40,139
131,84
60,86
189,139
212,137
191,135
174,69
51,199
144,104
181,290
78,90
150,50
185,144
85,226
52,29
222,158
25,53
192,93
111,244
150,90
171,67
177,152
123,40
106,32
90,230
109,21
218,268
41,192
26,180
33,78
214,143
90,137
150,93
216,148
69,131
145,104
242,207
98,72
27,76
248,218
131,58
98,59
134,37
138,40
254,242
165,157
131,261
65,25
98,67
131,35
59,27
226,255
120,27
246,250
137,264
123,38
202,116
42,192
102,46
127,50
254,245
240,201
210,135
175,93
70,214
95,234
152,52
189,113
118,25
210,278
33,186
79,221
120,34
252,236
72,133
37,190
211,135
46,196
139,41
214,144
109,145
28,153
175,90
243,250
100,238
29,182
31,182
148,47
228,253
49,83
160,58
252,235
198,107
166,64
167,82
208,129
43,192
135,37
69,214
145,270
164,62
240,199
224,257
43,81
117,250
50,133
179,100
37,78
170,84
61,88
179,149
163,79
173,90
49,84
31,76
203,117
113,247
173,288
158,282
254,238
171,157
122,254
58,204
244,250
128,50
183,105
132,151
188,84
62,208
252,249
208,127
176,72
212,276
100,52
75,133
81,222
101,19
137,151
107,244
204,284
24,74
188,83
246,217
160,79
191,119
25,158
100,51
103,38
73,23
55,131
60,206
170,65
157,282
181,148
96,79
204,283
63,208
173,69
91,139
222,260
187,290
130,94
100,58
140,43
133,68
31,147
87,86
91,19
79,135
28,45
234,188
35,37
133,60
154,83
19,61
148,98
133,77
161,284
126,30
183,77
77,21
226,167
157,157
31,41
180,290
23,174
71,23
133,37
122,29
174,153
158,55
159,282
19,66
102,143
162,157
131,96
222,163
23,54
187,143
236,190
148,274
114,21
230,178
196,102
171,288
122,36
124,256
204,117
101,48
193,125
73,218
39,79
230,181
130,34
80,19
170,157
118,32
190,88
162,60
21,173
59,86
65,131
216,273
171,84
72,90
200,111
236,195
53,201
208,281
62,25
135,264
123,29
168,65
131,87
25,51
189,138
212,138
194,288
163,157
23,178
191,134
51,198
150,51
162,78
35,145
138,39
85,225
250,221
89,230
222,159
25,52
192,94
233,185
150,91
44,135
28,182
30,182
177,290
55,203
111,30
77,90
106,33
159,57
178,73
144,270
218,269
150,276
33,77
214,140
216,149
242,204
98,73
81,135
190,116
248,219
41,191
152,86
138,41
214,276
254,243
131,260
131,149
98,64
194,98
105,242
88,86
106,19
202,117
102,47
240,202
21,59
206,121
210,132
175,92
169,83
152,53
189,112
99,238
210,279
249,221
33,185
60,131
79,220
252,237
37,189
102,38
156,80
214,145
53,29
96,139
26,49
169,84
133,102
47,31
106,242
225,256
61,207
135,151
228,254
49,82
30,76
160,59
252,228
198,104
96,19
166,65
208,130
191,91
47,198
51,131
69,213
164,63
224,258
43,80
192,288
121,254
30,149
142,153
57,204
61,87
35,187
163,78
112,145
173,89
156,55
252,227
55,85
113,246
157,80
254,239
152,155
171,156
119,147
86,88
56,27
147,273
113,30
183,104
188,85
65,211
107,143
252,250
26,155
190,288
138,266
176,73
212,277
163,286
100,53
119,251
129,259
59,206
65,212
119,25
191,118
73,133
129,94
25,157
73,22
129,260
220,264
206,282
29,153
157,281
31,149
181,147
54,131
146,102
222,261
176,71
85,19
129,87
173,155
69,90
94,82
148,100
133,67
244,208
114,145
187,112
32,41
234,189
75,218
168,157
139,268
159,284
19,60
148,99
133,76
49,31
126,31
128,31
231,181
217,149
202,284
105,34
19,69
41,80
83,224
89,137
131,99
222,160
116,24
188,112
82,88
187,142
193,123
176,290
142,44
236,191
230,179
196,103
110,30
76,218
56,86
204,118
154,280
193,124
73,217
39,78
235,189
146,272
130,35
188,288
190,89
196,288
162,61
42,80
205,121
84,224
86,137
21,172
131,81
207,282
48,198
216,274
171,87
209,280
29,45
47,135
128,258
95,139
44,33
53,200
208,282
174,290
131,86
25,50
189,137
212,139
32,76
140,152
87,227
182,104
191,129
237,195
41,35
84,135
35,144
85,224
175,153
89,229
131,95
192,95
140,151
111,246
186,110
188,139
56,131
104,143
55,202
131,55
98,62
214,274
125,258
163,61
33,76
214,141
22,174
172,68
177,151
242,205
98,70
248,220
131,60
167,287
152,87
41,190
63,131
126,44
131,77
254,240
75,21
172,67
112,30
98,65
194,99
105,241
220,153
78,220
202,114
63,25
102,44
68,212
240,203
21,58
115,147
210,133
45,196
112,21
184,77
169,82
33,184
227,254
110,244
37,188
40,80
24,159
120,147
102,39
156,81
175,290
231,250
219,268
183,290
96,140
207,125
151,277
179,97
90,19
71,215
133,101
42,33
61,206
232,250
252,229
197,286
198,105
208,131
43,194
133,263
69,212
224,259
121,253
78,134
61,86
179,151
35,186
148,48
173,88
252,252
55,84
39,190
115,249
215,274
124,149
115,23
102,238
147,272
130,149
188,86
65,210
141,104
252,251
199,107
44,194
48,133
104,34
122,148
212,278
237,250
98,141
25,155
100,54
119,250
123,255
129,258
22,55
134,102
96,74
153,53
183,145
95,19
56,204
129,93
25,156
215,145
73,21
220,265
27,49
136,264
29,152
157,280
31,148
63,210
246,214
67,23
161,78
146,103
149,155
154,86
173,154
27,153
69,89
125,44
143,104
148,101
185,290
133,66
244,209
226,170
229,175
234,186
35,39
143,270
113,145
90,86
238,198
130,87
179,75
145,47
19,63
133,75
232,181
31,43
72,216
50,198
202,285
61,27
122,27
51,29
19,68
204,120
131,98
222,161
116,25
82,89
193,122
142,45
39,80
23,161
171,88
230,176
70,132
53,84
223,260
190,87
217,270
204,119
224,163
166,63
23,73
68,131
73,216
181,103
186,82
139,104
197,103
77,220
188,289
105,19
160,157
88,228
21,171
131,80
