490,363
236,174
85,63
582,407
587,405
454,337
222,120
459,211
336,166
432,319
272,200
573,374
24,14
598,358
487,221
396,297
184,137
113,37
384,289
496,368
663,357
371,179
669,339
28,10
305,225
569,359
532,394
494,224
261,193
284,211
140,104
505,375
144,107
333,164
61,63
523,387
320,231
600,356
412,194
88,67
257,189
131,49
177,70
399,190
555,316
663,354
82,61
582,374
107,79
569,360
350,172
171,68
140,103
602,349
197,82
645,303
44,16
464,345
338,168
363,176
660,314
37,63
209,96
119,40
547,309
591,403
558,407
504,286
306,227
416,309
569,369
110,83
534,396
331,233
495,224
334,166
262,195
372,285
652,306
266,142
565,336
457,339
93,26
241,177
170,127
634,302
12,32
214,108
366,283
187,74
298,219
618,311
639,373
87,24
472,351
92,69
193,80
667,328
649,306
541,303
392,293
659,361
143,56
607,393
22,17
631,381
317,160
464,343
502,228
342,168
507,235
664,320
277,205
646,304
529,393
186,137
592,369
21,57
263,140
292,215
494,367
388,184
163,66
62,34
13,49
586,373
126,95
491,251
567,352
55,65
425,198
501,371
483,261
404,190
595,366
667,326
338,253
501,228
431,201
19,20
94,28
665,320
45,19
102,76
18,55
577,407
557,323
82,24
483,266
265,195
544,403
579,407
107,32
533,298
661,357
442,327
333,233
154,115
338,244
355,283
655,310
627,304
610,328
22,58
503,245
108,80
270,142
403,299
339,275
485,272
584,407
70,28
35,10
471,349
401,190
258,138
167,68
519,292
633,379
227,124
89,67
510,379
520,387
338,239
501,246
505,243
268,198
169,68
225,167
319,160
108,79
163,121
219,116
493,365
663,316
544,306
465,212
502,371
344,280
587,372
515,381
651,365
266,197
486,360
291,215
309,156
475,217
474,352
442,329
336,272
178,133
349,172
594,403
354,281
561,407
445,206
617,389
485,258
146,109
422,198
171,127
448,333
619,310
290,214
309,229
456,210
488,280
218,161
237,131
205,90
479,218
273,144
153,61
10,43
526,389
567,349
208,96
63,34
194,143
216,160
311,158
540,400
137,53
143,107
238,175
336,270
482,357
321,161
531,393
421,198
525,294
307,227
567,346
495,367
616,313
432,202
14,30
53,65
189,76
383,289
148,109
438,323
494,284
460,212
79,24
336,261
246,182
536,398
663,320
187,139
669,334
149,59
283,147
486,276
659,313
80,24
596,401
105,32
529,296
51,28
152,111
49,22
276,144
543,306
619,389
234,173
182,133
480,357
354,172
580,376
637,377
327,163
311,229
331,164
388,293
481,218
112,85
220,161
94,69
590,405
461,212
462,343
322,231
506,376
594,366
92,26
21,18
424,314
260,192
100,74
373,180
375,287
269,142
551,312
315,231
389,186
548,404
643,302
153,113
172,128
232,171
604,342
74,24
77,61
132,99
28,12
641,373
236,175
510,288
352,281
581,376
174,70
590,372
459,210
263,195
268,142
341,277
548,403
272,201
553,405
572,407
518,384
24,15
243,133
134,52
598,359
487,220
384,290
113,36
168,68
369,178
496,369
371,178
663,356
669,338
28,11
466,345
639,302
569,358
532,395
46,20
140,105
235,173
115,38
539,302
649,367
546,308
488,361
383,183
131,48
42,64
249,183
599,356
566,407
555,319
591,405
99,30
212,156
582,375
569,367
29,61
285,211
565,342
287,211
602,346
145,107
58,34
645,302
169,125
155,62
321,231
51,65
506,230
272,199
346,281
276,204
522,292
561,327
445,329
232,128
123,44
547,308
638,375
381,289
199,147
532,298
476,353
496,367
208,153
212,155
569,368
326,231
534,397
40,12
539,399
207,96
338,273
211,101
375,180
363,283
66,61
12,33
487,257
400,190
276,203
507,287
142,105
629,302
114,38
667,331
649,305
541,302
392,294
483,359
430,200
216,159
379,182
659,360
631,380
525,389
215,110
507,234
643,371
274,201
555,405
188,76
258,190
259,139
448,208
214,157
592,370
336,235
453,210
58,63
278,205
567,355
418,310
14,49
666,349
667,345
26,60
338,250
427,317
501,227
431,200
133,99
579,376
122,91
123,91
158,117
34,63
401,299
45,18
102,77
67,61
229,128
127,95
205,151
557,322
483,269
449,208
485,359
626,304
338,245
417,309
454,210
610,329
22,59
373,285
378,287
503,244
414,305
507,241
108,81
181,133
55,33
59,34
426,316
282,146
223,122
633,378
191,77
599,399
604,397
398,297
667,343
26,14
501,245
505,242
584,374
268,199
293,217
294,217
195,81
224,122
663,319
10,38
301,154
49,65
654,365
344,281
254,138
326,162
609,393
117,39
443,329
63,63
228,126
450,208
486,361
474,353
475,216
80,61
48,22
174,129
568,407
145,58
534,298
517,290
336,273
134,100
640,302
452,335
220,118
537,300
349,171
485,257
516,381
387,291
652,365
157,63
290,215
39,63
97,28
430,317
380,287
237,130
295,219
336,264
249,135
623,306
20,18
111,83
168,123
153,60
10,40
231,128
468,214
567,348
18,24
491,223
458,339
352,172
351,172
172,127
33,10
216,161
622,308
239,177
44,65
540,401
137,52
615,314
285,148
565,407
420,311
265,140
336,271
464,212
321,160
249,136
342,277
421,197
77,24
614,316
525,293
67,30
350,281
616,314
355,174
148,110
368,178
336,262
317,231
246,183
304,223
638,302
506,375
571,371
536,399
183,73
280,205
669,333
213,108
149,58
283,146
659,312
242,178
334,233
559,325
563,331
395,295
198,146
531,297
624,304
24,59
152,112
595,401
88,24
489,222
346,170
619,388
288,148
217,114
434,322
312,229
154,62
637,376
16,51
255,138
327,162
563,336
220,162
368,283
224,165
138,54
598,362
506,377
604,344
489,282
594,367
329,164
611,391
424,315
498,286
260,193
100,75
65,63
194,144
230,169
68,28
125,93
473,351
110,36
590,370
498,369
335,235
389,185
657,311
548,405
435,202
492,284
185,137
628,302
597,399
118,87
172,129
463,343
232,172
486,220
604,343
414,194
74,25
495,285
540,302
218,114
491,365
313,158
514,288
200,147
164,121
221,120
41,63
150,60
316,231
564,336
487,277
518,385
24,16
243,132
598,356
384,291
203,89
402,190
535,397
669,337
228,167
621,387
642,373
16,24
130,48
226,124
395,188
488,362
381,182
436,202
383,182
665,353
42,65
597,401
390,186
555,318
591,404
212,157
569,366
75,24
534,395
620,308
602,347
565,341
400,297
650,367
271,144
204,149
276,205
561,326
119,42
641,302
208,154
558,405
409,303
483,272
563,407
247,134
306,225
253,187
398,188
110,81
262,193
211,100
386,184
170,125
12,34
487,256
640,373
438,204
535,299
187,76
295,152
299,221
304,224
639,375
507,286
658,361
74,61
127,48
327,231
494,251
667,330
649,304
392,295
637,302
143,58
607,395
593,403
353,281
47,21
179,133
507,237
567,357
258,191
259,138
139,55
144,58
217,161
516,290
332,233
405,301
336,236
338,256
427,199
484,359
566,342
453,209
606,340
494,365
322,162
549,311
418,196
101,75
102,75
126,93
491,253
418,311
567,354
623,385
166,66
483,263
236,130
495,249
667,344
26,61
338,251
501,226
216,110
292,216
512,288
492,365
443,205
45,17
446,330
32,10
470,348
18,53
183,135
612,320
557,321
483,268
233,130
286,148
107,34
288,211
394,295
127,47
75,61
365,283
370,285
575,376
154,113
338,242
360,283
416,194
610,326
41,14
66,30
138,102
488,255
252,136
507,240
128,48
55,32
426,317
451,335
492,251
576,376
633,377
227,126
191,76
510,377
667,342
190,140
104,77
505,241
645,371
542,304
195,80
219,118
148,58
663,318
23,16
10,39
343,169
491,224
422,312
497,249
117,38
651,367
581,407
266,195
289,213
219,161
553,315
155,115
47,65
269,199
134,101
27,61
101,30
600,350
178,131
20,20
349,170
420,196
397,297
146,107
516,382
520,292
95,28
577,376
157,62
622,306
90,67
553,316
511,379
73,26
336,265
249,134
453,335
20,19
168,124
614,314
668,332
10,41
374,286
376,180
323,162
307,156
567,351
491,222
492,224
348,170
117,40
560,407
508,288
71,28
631,302
336,256
49,26
421,196
614,317
84,63
525,292
433,321
254,188
636,377
85,24
14,28
244,180
193,143
364,176
399,297
310,156
148,111
277,146
336,263
499,286
158,64
141,56
571,370
183,72
629,381
280,206
298,152
596,362
669,332
213,107
308,228
493,224
60,63
124,92
345,281
380,182
382,182
327,164
242,179
649,369
244,179
559,324
563,330
51,30
198,147
531,296
624,305
152,113
81,61
175,129
608,330
222,164
337,273
390,293
434,323
217,113
53,32
308,227
470,216
312,230
637,375
124,91
16,52
36,63
54,65
165,66
115,85
529,295
220,163
368,284
224,166
408,301
462,341
246,134
485,220
305,155
159,64
252,185
489,281
604,345
20,55
192,78
300,154
43,15
65,62
194,145
68,29
551,314
627,381
590,371
225,123
389,184
506,286
657,310
628,303
293,151
574,376
541,401
229,127
232,173
305,156
109,36
515,289
495,284
636,302
357,283
471,216
552,314
264,140
200,148
474,351
164,122
221,119
459,212
97,73
225,124
617,312
600,352
487,276
37,10
598,357
487,222
622,385
435,323
203,88
371,180
461,341
669,336
160,117
621,386
661,316
191,141
391,293
103,31
16,25
454,335
241,132
391,186
12,45
488,363
131,50
665,352
597,400
653,308
450,334
157,117
89,26
569,365
57,65
260,191
620,309
565,340
289,150
400,298
291,150
83,24
66,32
413,194
437,204
204,150
576,407
547,310
644,302
208,155
139,56
654,308
583,374
330,232
149,111
427,200
211,103
452,208
202,149
630,381
535,298
210,100
304,225
639,374
549,405
328,231
135,52
384,184
606,338
184,74
607,394
47,20
52,65
507,236
550,405
643,373
573,407
386,291
116,38
575,407
300,221
567,356
116,85
139,54
157,64
53,31
182,72
336,237
100,30
427,198
428,200
656,363
453,208
238,132
506,241
549,310
156,62
491,252
483,262
602,397
124,44
72,26
312,158
667,347
248,134
338,248
505,230
213,157
431,202
292,217
578,376
502,245
644,371
478,354
443,204
45,16
446,331
485,276
605,397
470,349
612,321
557,320
483,271
233,129
288,212
200,86
127,46
473,216
630,302
540,399
338,243
429,200
340,168
610,327
41,13
22,57
478,218
614,391
389,293
66,31
138,103
549,312
625,383
551,405
330,164
261,140
192,141
211,155
526,294
39,11
26,12
190,141
541,304
104,78
215,159
606,334
645,370
650,306
134,99
527,391
87,65
489,255
162,120
419,196
64,32
10,36
318,160
343,168
493,251
422,313
497,248
647,304
651,366
553,314
474,216
475,218
206,94
498,226
205,94
299,153
600,351
173,70
503,373
516,383
121,43
546,403
622,307
290,213
662,357
313,231
133,52
336,266
168,125
614,315
374,287
50,65
567,350
18,22
199,85
423,198
444,329
121,44
656,310
14,26
72,61
491,283
457,210
476,218
522,387
570,407
336,257
615,389
49,25
596,364
469,215
253,138
567,343
254,189
332,164
14,29
36,10
571,407
244,181
558,324
467,347
277,145
246,181
250,184
603,346
571,373
131,97
206,152
280,207
596,363
120,89
213,106
217,111
308,229
538,300
43,16
337,168
283,148
124,93
362,176
433,202
659,314
310,229
458,210
649,368
118,40
248,183
563,333
624,306
296,152
98,28
243,179
595,403
431,319
624,385
608,331
222,165
651,306
217,112
312,231
357,174
16,53
626,383
173,129
393,187
411,193
86,24
529,294
368,285
440,325
224,167
408,302
598,360
467,214
13,30
252,186
305,154
489,280
604,346
538,399
446,206
251,185
142,56
343,279
490,364
611,393
43,14
65,61
377,182
68,30
468,347
434,202
504,373
255,189
645,304
519,385
225,122
317,159
356,174
393,188
655,363
293,150
664,353
634,377
119,89
229,126
177,72
109,35
515,288
189,139
156,116
582,376
387,184
196,82
200,149
164,123
221,118
61,34
600,353
487,279
15,26
517,383
243,134
561,330
399,189
365,178
663,353
648,369
82,62
279,205
156,115
160,118
621,385
569,363
57,63
330,231
661,315
613,391
48,65
103,30
175,70
527,294
16,26
548,310
602,350
456,337
190,76
484,220
12,46
361,175
293,152
81,24
209,99
601,399
450,335
106,32
178,72
323,231
530,296
91,67
653,307
228,168
89,25
569,364
57,64
666,324
315,158
647,369
620,310
33,63
565,339
289,149
400,299
489,363
128,95
437,203
111,36
257,138
204,151
535,300
298,220
209,100
562,330
70,61
126,46
38,10
283,209
330,233
523,292
211,102
377,287
22,18
314,158
410,304
86,63
583,407
371,285
151,60
598,399
603,397
256,138
186,138
424,198
233,173
150,111
667,332
501,286
177,131
432,320
606,339
348,281
511,288
507,239
568,358
163,65
643,372
477,353
62,63
300,222
396,188
586,374
329,231
258,189
259,140
116,86
53,30
351,281
667,325
336,238
499,247
338,254
272,144
176,129
250,136
592,403
665,323
470,347
418,309
38,63
483,265
451,208
513,381
72,27
71,61
642,302
495,251
667,346
26,59
559,407
338,249
505,229
657,363
655,309
137,101
86,64
665,324
478,355
485,275
605,396
166,123
496,249
612,322
483,270
233,128
503,286
288,213
419,311
78,24
190,139
338,240
46,65
509,377
610,324
41,12
613,318
658,312
219,115
55,34
426,315
444,206
439,325
281,146
192,142
191,78
104,32
447,208
39,10
26,13
104,79
417,195
606,335
275,144
204,90
645,369
195,82
489,254
162,121
96,72
354,282
64,33
10,37
466,214
302,223
485,261
129,95
484,261
196,145
585,374
417,196
274,144
205,93
299,152
91,26
665,351
372,180
10,44
173,69
526,390
586,405
472,216
550,312
648,304
121,42
176,70
528,294
486,359
607,334
311,157
242,132
133,51
542,401
545,403
12,30
547,403
125,46
15,51
287,148
93,69
336,267
482,358
250,183
628,381
42,14
151,111
64,63
567,345
18,23
199,84
254,187
230,128
447,207
585,407
14,27
491,282
292,150
314,231
359,174
112,36
223,165
336,258
49,24
30,10
226,167
596,365
653,365
469,214
253,137
415,307
567,342
40,63
497,226
60,34
99,73
499,371
410,192
103,77
51,27
277,144
227,167
250,185
620,387
571,372
183,74
222,163
206,153
120,90
102,30
543,305
213,105
217,110
182,134
57,34
557,405
562,407
412,305
242,177
423,313
559,326
563,332
198,145
531,298
554,316
94,70
595,402
118,88
507,377
146,58
608,332
518,290
281,207
32,61
434,321
469,216
588,405
308,156
393,186
411,192
512,379
655,365
440,326
408,303
598,361
302,154
252,187
460,341
265,142
490,365
611,392
405,191
633,302
377,181
504,374
627,383
385,291
317,158
528,392
34,10
73,61
573,376
370,178
318,231
109,34
184,135
20,56
495,286
500,286
669,341
193,79
156,117
466,346
362,283
284,209
601,350
469,347
539,301
333,166
483,220
600,354
12,48
88,65
487,278
271,143
628,304
297,219
245,181
561,329
52,30
399,188
365,177
202,88
203,90
99,29
82,63
282,208
301,223
31,10
160,119
234,130
569,362
661,314
210,155
197,84
456,338
165,123
455,337
410,303
12,47
361,174
518,383
209,98
601,398
653,306
625,304
256,189
403,190
228,169
89,24
416,307
625,385
555,320
338,274
565,338
289,148
93,28
98,73
17,53
162,64
383,184
437,202
298,221
393,295
502,286
324,231
142,106
472,349
364,283
436,323
369,285
306,156
612,318
78,61
659,359
237,175
410,305
69,28
215,109
507,233
274,202
280,146
493,284
554,405
186,139
303,154
214,158
556,320
504,228
432,321
606,336
536,300
609,330
662,316
296,219
47,22
507,238
163,64
201,149
578,407
300,223
524,388
580,407
304,154
490,253
567,358
96,28
116,87
14,50
181,72
130,96
667,324
336,239
338,255
152,60
176,130
30,61
507,231
17,24
665,322
120,42
524,387
521,387
497,286
574,407
612,324
136,52
483,264
544,401
284,148
72,28
661,359
402,299
495,250
667,349
498,247
560,326
500,247
320,160
338,246
505,228
267,197
657,362
655,308
235,130
605,340
76,24
610,330
79,61
86,65
159,117
414,306
621,308
443,206
463,212
446,329
485,274
605,395
612,323
223,121
514,381
39,12
520,385
338,241
484,272
610,325
294,218
477,218
83,63
138,101
618,389
219,114
465,214
251,136
141,105
556,405
167,67
519,291
192,143
201,87
345,170
417,194
489,253
56,34
271,199
203,149
96,73
59,63
349,281
354,283
64,34
10,34
502,372
485,260
31,61
160,64
343,170
448,331
201,88
105,79
430,318
455,210
437,323
205,92
428,317
344,170
328,164
665,350
353,172
10,45
173,68
526,391
303,223
35,63
198,84
458,340
497,247
68,61
130,95
311,156
133,50
207,95
12,31
125,45
56,65
19,55
442,204
336,268
482,359
342,278
96,71
632,302
374,285
212,104
379,287
161,64
513,288
567,344
18,20
185,74
404,300
355,173
449,333
447,206
340,276
585,406
262,140
179,72
108,34
238,176
336,259
27,12
615,391
356,283
488,222
593,368
206,151
596,366
279,146
229,169
253,136
129,48
497,225
404,299
545,307
267,142
340,275
334,234
359,283
51,26
270,199
438,324
120,91
543,304
619,387
213,104
182,135
186,74
459,341
480,355
408,192
545,308
11,45
360,174
563,335
180,72
380,288
112,83
94,71
118,89
197,145
608,333
572,374
259,191
594,368
597,362
465,345
32,62
231,171
325,162
240,177
385,184
337,167
11,34
230,170
606,395
294,152
521,292
498,370
479,355
122,44
512,380
655,364
588,372
440,327
543,401
604,340
74,26
533,395
421,311
132,97
282,207
265,141
374,180
236,173
347,281
405,190
409,192
135,101
377,180
504,375
286,211
454,336
627,382
482,220
528,393
487,280
567,407
509,288
113,85
573,375
396,296
487,361
515,290
184,136
20,57
113,38
475,353
337,256
669,340
193,78
247,183
466,347
50,26
106,79
290,150
532,393
537,399
139,103
284,210
539,300
333,165
600,355
12,49
88,66
271,142
589,372
275,203
561,328
319,231
177,71
396,295
552,405
365,176
555,317
663,355
25,59
99,28
278,146
282,209
569,361
480,218
188,139
207,153
405,192
602,348
197,83
456,339
591,370
464,344
528,391
358,174
413,305
273,201
496,286
209,97
119,41
601,397
450,333
415,194
497,369
558,406
45,65
161,119
306,226
416,308
625,384
110,82
569,370
499,226
172,68
262,194
338,275
358,283
565,337
54,32
589,405
93,27
612,391
170,126
425,315
187,75
245,134
618,310
394,188
142,107
472,350
92,68
600,399
239,132
612,319
667,329
406,192
211,104
447,331
143,57
147,58
22,16
530,393
215,108
507,232
274,203
42,63
325,231
92,67
25,14
500,371
214,159
570,370
592,368
95,71
500,226
29,10
660,359
606,337
494,366
631,379
616,389
392,186
503,228
524,389
618,312
487,255
586,372
126,94
567,353
611,324
264,195
14,51
130,97
441,327
667,327
407,192
338,252
508,377
316,158
176,131
507,230
347,170
665,321
462,212
45,20
507,288
18,54
132,50
557,324
117,87
426,198
483,267
544,402
632,379
107,33
661,358
114,85
667,348
154,114
337,239
338,247
504,243
564,407
505,286
657,361
90,26
335,166
524,292
414,307
478,353
635,302
84,24
485,273
223,120
227,125
569,407
382,289
510,378
520,386
667,341
501,247
140,56
268,197
221,163
294,219
440,204
297,152
339,168
503,243
219,117
663,317
465,213
411,305
344,279
490,282
180,133
167,66
519,290
266,196
201,86
442,328
43,65
260,140
170,68
406,301
178,132
162,119
109,81
367,178
10,35
502,373
485,259
490,222
146,108
167,123
448,332
608,393
103,32
430,319
237,132
441,204
205,91
481,357
299,154
324,162
665,349
153,62
10,42
458,341
496,224
422,311
207,94
137,54
125,44
147,109
76,61
646,369
336,269
321,162
194,80
361,283
342,279
614,318
567,347
18,21
199,86
404,301
616,312
355,172
340,277
585,405
491,284
238,177
336,260
615,390
341,168
536,397
23,59
209,155
407,301
669,335
240,132
149,60
497,224
545,306
164,66
334,235
51,29
438,325
49,23
571,374
367,283
28,61
378,182
480,356
65,32
610,393
388,292
481,219
563,334
361,176
657,312
380,289
112,84
462,342
608,334
366,178
668,341
121,91
429,317
32,63
424,313
100,73
337,166
230,171
486,257
551,313
498,371
244,134
388,291
481,220
411,194
195,145
512,381
69,61
635,377
604,341
397,188
439,204
132,98
136,101
376,287
