225,163
254,184
177,137
216,156
329,175
151,107
21,28
136,75
121,70
159,112
67,30
172,88
186,93
322,181
294,190
125,88
298,186
200,145
86,60
241,142
172,118
63,42
232,110
153,81
298,196
282,186
101,70
93,41
49,32
328,177
115,68
112,66
192,141
98,45
71,48
186,139
278,166
99,48
261,150
80,56
310,159
241,113
223,161
48,17
53,20
228,165
159,83
293,199
262,191
51,34
226,163
149,80
178,137
238,131
304,174
31,21
271,197
217,105
203,147
247,115
235,170
165,112
67,45
100,69
65,45
141,100
68,46
269,155
10,14
69,47
8,18
61,25
126,89
235,111
267,153
81,36
119,83
132,74
239,173
114,67
37,16
301,195
295,198
105,73
118,69
101,51
259,149
239,139
143,102
50,18
296,188
325,156
289,191
243,114
260,188
315,154
109,77
46,30
234,170
329,163
57,38
47,31
123,70
300,184
212,103
222,106
170,116
263,191
44,16
59,40
146,104
122,70
272,198
128,91
152,81
243,144
308,191
173,122
179,91
229,109
268,153
199,144
277,165
308,165
116,68
279,199
54,21
102,51
147,104
240,113
168,87
136,96
250,182
150,80
243,123
31,27
20,28
151,108
324,180
188,94
86,59
173,89
201,98
14,26
48,32
71,31
205,147
165,86
327,177
143,78
128,72
283,188
70,48
302,180
154,82
303,177
280,179
62,26
27,20
51,19
77,34
172,129
252,183
52,20
241,126
233,169
107,61
104,73
246,178
108,62
242,114
150,107
159,84
148,79
109,63
274,159
263,151
283,200
329,173
66,29
280,200
245,122
324,179
251,146
305,192
111,64
139,99
239,127
83,37
247,116
90,40
64,43
194,96
214,103
169,114
201,146
317,154
95,43
301,183
73,33
97,44
80,36
257,186
275,199
193,142
36,16
119,84
208,150
117,68
106,59
52,19
38,26
227,164
77,53
268,195
49,18
261,190
324,156
284,190
106,74
314,186
309,162
279,169
156,111
238,129
181,138
135,95
168,113
18,8
317,185
21,13
300,195
248,116
43,16
58,24
32,27
97,67
233,111
330,173
250,118
8,20
242,176
113,67
9,17
74,33
173,136
72,49
245,177
167,86
116,81
198,144
13,11
156,82
94,65
256,186
101,49
269,196
311,189
55,21
110,78
144,78
281,200
121,86
238,136
310,160
31,28
89,61
79,54
210,151
306,192
137,97
329,161
151,81
195,96
88,38
120,70
97,68
89,39
180,138
224,107
33,19
137,75
278,199
86,38
167,113
305,174
326,179
71,32
209,102
173,120
312,188
302,179
74,50
153,109
280,174
131,73
172,132
129,73
232,167
175,137
236,112
278,168
275,161
213,153
184,92
218,105
42,15
322,182
313,155
249,116
67,29
163,112
22,28
56,22
98,69
239,112
68,30
33,20
57,23
137,76
195,143
247,121
69,31
34,19
102,71
208,101
240,140
87,60
61,41
94,41
140,76
92,41
198,97
96,44
10,24
115,67
112,79
303,179
98,46
38,15
105,57
172,131
280,181
236,111
294,198
214,155
134,74
309,189
239,129
282,200
291,191
65,28
236,170
240,173
40,26
123,86
120,84
226,164
84,58
17,8
41,27
135,96
46,16
237,171
85,59
230,166
314,155
122,86
43,29
274,198
85,37
166,113
60,25
99,46
180,91
24,18
320,154
196,143
25,19
129,91
82,36
237,112
246,145
281,185
148,106
321,155
152,109
131,93
215,155
143,101
148,80
222,160
309,160
272,158
279,171
238,135
169,87
191,140
20,10
53,36
140,100
42,27
266,152
273,159
319,183
299,186
292,191
17,27
244,144
293,190
246,121
125,71
330,171
200,98
250,116
218,157
115,81
305,171
9,23
243,143
164,86
173,125
15,9
73,50
249,180
11,25
26,19
224,162
320,183
231,110
119,69
321,182
312,157
39,26
82,57
240,126
134,94
209,150
242,124
78,53
207,100
296,198
140,99
144,102
185,93
192,96
110,63
229,165
244,122
32,20
220,106
18,27
319,154
327,158
171,116
172,126
305,172
277,199
202,99
330,164
306,171
25,29
311,158
141,77
104,55
142,101
157,83
265,193
307,166
280,176
12,25
172,134
304,193
114,80
28,20
286,190
103,54
276,164
287,191
40,15
64,28
145,79
274,160
292,199
211,102
253,147
83,58
16,8
216,155
54,37
202,146
265,151
274,161
125,89
197,97
318,184
99,69
63,43
220,159
256,148
330,167
101,71
49,33
112,65
211,152
35,18
204,100
234,111
280,183
71,49
166,86
182,92
106,60
310,158
76,53
190,140
133,74
53,21
276,163
249,146
228,164
221,160
262,190
170,88
110,64
138,97
187,139
206,149
279,172
19,10
193,96
188,140
241,174
238,130
265,152
23,16
162,85
22,15
323,180
142,77
284,200
66,45
45,29
225,107
11,12
35,27
50,33
61,26
70,47
204,99
244,177
248,180
130,73
242,143
94,66
100,49
221,159
105,74
95,66
192,95
260,149
154,109
325,157
88,61
315,155
52,35
188,139
238,133
56,38
210,152
328,161
57,39
90,63
123,71
248,120
212,102
196,97
217,156
330,169
223,107
227,108
128,90
225,108
272,197
189,94
9,21
155,82
205,100
308,190
36,27
173,123
37,26
176,90
199,145
262,150
277,166
174,137
308,164
27,28
132,94
315,186
147,105
212,153
155,110
183,92
267,194
147,79
323,156
245,114
249,119
55,37
297,187
285,200
326,157
23,28
201,99
60,41
171,118
163,85
172,120
228,109
271,156
94,42
190,95
198,98
303,193
306,169
291,199
205,148
117,82
130,91
283,189
185,138
76,34
307,168
280,178
308,163
77,35
172,128
181,91
13,26
178,91
93,64
102,53
238,173
252,182
104,72
253,183
108,61
150,106
328,175
225,162
329,174
238,112
280,199
145,103
249,120
108,76
207,149
251,147
297,188
111,65
325,179
59,39
298,187
219,158
255,185
84,37
241,141
172,119
169,115
219,105
298,197
330,165
282,187
301,184
97,45
80,35
257,187
246,146
75,52
117,69
208,149
106,58
261,149
278,167
48,18
184,138
268,194
284,189
309,163
108,75
304,175
31,20
271,196
111,78
217,104
203,146
42,28
299,185
47,17
21,14
179,137
100,70
65,44
264,151
68,47
33,27
246,122
203,99
269,154
330,172
10,15
313,156
8,19
218,158
302,193
11,14
266,193
9,18
254,147
14,9
103,72
167,87
245,178
258,187
301,194
26,20
243,176
256,185
231,109
101,50
259,148
239,138
50,19
296,189
288,191
78,54
260,189
162,112
109,76
270,156
46,31
79,55
89,62
146,79
329,162
195,97
120,69
300,185
222,107
180,137
18,28
187,94
90,39
245,145
34,27
307,191
326,178
24,29
183,138
10,16
75,34
173,121
255,147
268,154
80,55
312,187
307,165
311,157
277,164
280,173
157,112
29,28
103,53
213,154
136,97
231,167
264,191
83,57
319,184
78,35
43,15
213,103
328,176
98,68
257,148
239,113
240,139
299,196
173,88
34,18
58,23
87,61
61,42
70,31
126,72
92,40
14,27
127,90
96,43
210,102
204,147
230,109
302,181
128,73
112,78
113,80
35,17
303,176
280,180
62,27
105,58
172,130
290,199
39,15
241,125
233,168
214,154
107,60
29,21
246,179
309,190
189,140
313,187
149,106
310,189
109,62
65,29
135,75
263,150
138,98
123,87
237,172
19,9
294,189
160,84
79,35
139,98
83,36
138,76
64,44
201,145
142,78
85,38
44,29
124,71
330,163
166,112
95,42
60,24
301,182
15,27
73,32
99,47
275,198
50,34
24,17
193,141
12,12
36,17
281,186
63,27
197,143
148,105
152,108
261,189
247,179
154,110
106,75
107,75
314,187
175,89
285,190
309,161
272,157
238,134
270,155
191,141
168,114
18,9
317,184
244,114
21,12
292,190
67,46
127,72
233,110
125,72
330,170
250,119
8,21
221,106
113,66
9,16
276,199
72,50
12,11
10,23
116,82
164,85
249,181
13,10
191,95
247,146
255,148
91,64
224,161
320,182
269,195
311,188
82,56
312,156
28,28
315,185
267,193
259,188
209,151
158,83
121,85
238,137
157,111
207,101
296,197
161,84
234,169
323,155
151,80
88,39
229,166
170,115
220,105
326,158
146,103
246,115
62,42
214,104
327,159
171,117
91,40
172,125
87,38
194,142
139,76
305,173
306,170
209,101
318,154
130,92
104,54
26,29
142,100
74,51
307,167
280,175
118,83
172,133
278,169
232,168
304,192
288,200
316,185
64,27
250,181
19,28
184,93
243,124
41,15
174,89
286,200
54,36
254,185
182,138
57,22
247,120
195,142
240,141
69,30
295,189
273,198
220,158
59,24
140,77
72,32
330,166
282,188
327,178
154,81
92,64
306,191
280,182
105,56
303,178
75,51
281,183
76,52
294,199
248,146
48,31
134,75
276,162
290,191
239,128
242,113
160,112
236,171
206,148
40,27
240,174
120,85
279,173
241,175
46,17
20,12
85,58
230,167
23,17
176,137
43,28
162,84
215,104
22,14
323,181
328,159
322,155
23,15
45,30
302,194
11,13
113,79
244,176
248,179
14,10
258,188
25,18
270,196
281,184
242,142
264,192
321,154
100,48
81,56
289,200
131,92
239,137
177,90
95,67
251,182
133,94
222,161
216,104
287,200
30,21
279,170
52,34
206,100
238,132
56,37
273,158
20,11
53,35
266,153
328,160
16,27
90,62
158,112
58,39
91,63
171,88
244,145
199,98
124,88
187,93
217,157
250,117
330,168
102,72
115,80
242,175
9,22
36,26
173,124
75,33
15,8
11,24
176,89
38,16
174,136
27,29
132,93
172,136
197,144
212,152
240,127
155,111
55,22
161,112
134,95
110,77
30,28
242,125
170,87
316,154
96,67
144,103
245,115
244,123
250,146
304,176
124,87
23,29
258,148
45,16
60,40
164,112
299,195
172,127
228,108
271,157
226,108
127,89
190,94
297,197
306,168
117,83
302,182
265,192
104,56
157,82
185,139
280,177
12,26
131,74
181,92
172,135
290,200
178,90
28,21
93,65
102,52
238,172
275,162
286,191
253,184
145,78
252,147
