50,96
203,63
44,147
171,86
172,88
34,153
130,59
207,59
10,158
11,171
194,28
51,112
219,12
76,88
138,58
91,118
223,40
117,96
106,76
22,157
208,57
99,103
69,158
73,91
150,49
122,63
52,105
192,33
131,94
224,39
223,17
46,175
193,70
110,72
95,107
5,164
44,129
99,108
100,102
104,97
174,83
196,68
53,168
81,140
7,156
229,28
113,70
77,88
80,137
83,132
101,82
15,157
132,95
171,44
191,33
85,89
51,169
71,90
203,34
189,11
48,123
201,24
8,163
207,22
103,97
13,174
212,50
72,154
135,59
213,29
225,42
25,181
228,33
197,68
143,56
55,170
204,58
152,48
163,93
54,171
58,166
12,174
217,50
92,92
37,178
24,153
188,34
117,68
181,77
110,93
57,87
5,159
154,97
228,40
28,157
34,180
201,10
184,78
97,105
98,89
108,98
66,161
102,85
230,30
185,34
45,171
182,76
58,86
150,101
105,81
169,90
6,169
64,160
62,90
226,29
33,176
41,144
205,7
102,76
55,94
168,45
191,69
53,100
186,10
115,96
52,172
197,63
56,167
190,22
10,175
109,94
148,49
41,153
43,173
63,166
173,87
156,49
192,27
55,87
132,58
206,33
157,46
213,49
73,153
186,21
27,181
140,57
201,61
170,90
138,99
52,90
205,57
153,51
217,14
17,153
75,88
26,153
62,166
124,62
161,44
90,122
200,65
196,6
182,81
83,89
211,12
197,33
78,145
133,95
226,38
108,70
227,29
14,157
141,96
50,173
190,11
109,73
41,140
65,163
66,156
102,104
146,100
45,136
164,93
182,35
152,97
173,42
195,69
65,164
46,134
102,99
49,117
9,154
154,47
48,171
174,42
193,24
115,69
133,57
197,28
94,91
209,9
40,147
151,97
68,158
50,116
42,135
124,66
218,11
125,61
179,83
118,68
212,9
86,125
15,179
202,35
40,154
96,87
120,93
49,103
230,38
107,98
20,157
228,24
90,89
219,49
38,152
96,110
224,19
188,9
210,26
50,102
142,53
200,28
42,137
206,22
125,94
46,117
88,118
134,61
119,92
195,33
87,119
91,112
220,47
50,97
203,62
172,89
47,129
139,96
204,23
207,58
190,70
33,153
216,50
36,178
112,67
219,15
187,38
86,134
166,46
210,12
232,33
106,77
178,37
200,10
74,146
208,58
99,102
69,157
190,73
84,129
47,127
175,42
52,106
66,90
215,48
223,16
213,10
20,177
5,163
44,130
9,160
30,181
32,180
140,96
196,69
231,33
143,53
207,8
84,136
229,27
80,138
61,168
101,81
72,148
166,88
116,69
107,71
199,32
149,97
9,169
48,124
201,31
59,169
8,164
36,175
131,62
187,77
156,46
212,51
12,176
91,92
213,28
196,36
199,25
95,88
228,34
197,67
97,87
8,171
207,30
88,89
216,14
54,168
188,76
217,49
167,88
223,15
57,86
167,41
48,106
184,79
97,104
98,86
209,57
123,66
31,181
188,75
181,36
193,33
182,77
208,29
47,171
105,80
94,114
29,178
51,93
58,169
82,134
102,77
191,68
144,55
73,151
53,99
186,11
98,104
226,21
52,92
109,93
128,63
40,177
111,68
148,50
43,172
63,161
192,28
156,50
176,85
157,45
73,152
218,45
186,18
201,60
138,96
52,91
205,56
227,23
74,91
75,91
39,177
62,167
90,123
25,153
11,154
143,100
147,97
29,157
87,92
215,11
45,125
49,122
39,174
45,142
65,90
67,161
50,170
145,51
77,142
134,95
109,72
101,105
66,157
106,100
160,90
129,59
206,59
100,87
193,6
145,52
219,45
222,42
40,173
96,90
46,135
198,66
129,60
149,49
157,49
221,20
189,75
207,33
13,157
158,48
162,47
94,88
222,45
86,123
141,57
40,148
82,92
68,159
50,117
88,128
161,94
127,97
203,10
186,78
179,37
8,155
214,52
165,43
222,20
212,10
215,47
43,134
210,32
191,6
156,100
49,102
230,39
186,73
171,90
228,25
114,96
207,55
46,115
219,48
118,92
177,81
87,121
198,36
146,54
96,111
168,87
210,27
156,99
34,156
72,87
125,93
130,62
175,39
88,119
51,109
180,82
71,150
183,39
170,40
212,24
224,43
223,45
192,68
206,30
47,128
139,99
47,113
216,51
16,176
52,108
36,179
112,68
37,156
21,178
188,24
193,67
84,89
232,34
95,108
135,95
57,170
84,130
52,107
184,35
113,67
41,177
101,87
215,51
198,9
188,23
26,182
193,68
70,87
20,178
5,162
9,167
28,178
231,32
144,100
143,52
79,92
207,11
84,137
229,26
61,167
101,80
14,178
72,149
166,89
135,60
139,57
107,70
199,35
25,178
9,168
228,36
48,125
125,97
147,54
59,168
204,61
8,165
187,76
205,26
12,177
195,28
220,12
39,151
188,37
156,94
213,27
196,37
200,32
199,24
221,43
95,91
208,32
228,35
104,81
105,101
175,83
214,10
145,100
201,7
97,86
8,172
112,96
102,80
195,5
167,91
139,55
48,107
214,13
169,87
31,180
38,174
41,173
151,48
82,140
85,129
230,28
17,180
49,174
76,142
189,20
75,149
170,86
133,98
226,27
29,177
51,92
113,96
82,135
192,6
127,94
55,88
132,61
136,56
213,54
53,98
172,43
155,101
30,153
190,20
229,39
18,157
202,27
111,71
63,160
173,85
217,11
220,16
176,86
196,25
90,113
186,19
208,12
211,9
201,35
78,140
134,98
194,66
86,92
108,73
60,164
74,88
54,98
114,66
11,157
68,90
187,9
190,6
123,97
215,10
227,31
45,124
120,67
49,121
99,89
45,141
67,160
211,23
194,37
77,141
209,29
210,52
101,104
160,91
203,31
206,56
193,5
70,150
169,44
137,59
219,44
209,22
15,175
202,63
40,174
96,91
205,34
81,92
46,132
198,67
185,78
221,19
189,74
103,83
158,49
162,44
177,38
141,56
91,111
19,177
40,149
21,157
111,96
79,139
50,114
88,129
161,93
121,63
90,92
165,89
8,156
214,53
165,42
222,21
187,21
153,101
190,34
159,91
92,110
96,105
79,144
199,65
95,112
42,140
228,26
67,156
207,54
211,51
194,9
56,90
190,37
138,55
87,120
168,88
24,178
50,100
199,62
203,59
34,157
53,90
54,88
130,63
204,26
211,56
175,38
51,108
180,83
183,38
170,41
198,28
224,44
223,44
227,41
157,99
178,40
70,90
22,153
44,142
47,131
73,87
7,171
10,157
11,172
47,112
158,45
16,177
128,64
76,91
222,14
86,132
178,80
223,21
188,25
65,159
46,171
232,35
106,75
107,75
110,68
95,111
53,172
57,169
78,92
81,136
150,52
84,131
41,176
77,92
101,86
67,90
171,40
191,37
5,161
189,15
9,166
231,35
143,55
204,7
13,178
180,40
128,94
131,59
83,137
212,54
14,179
142,100
91,89
71,87
129,98
189,8
48,126
204,62
103,98
162,93
163,89
159,45
217,46
220,13
39,150
156,95
213,26
221,42
80,92
208,33
154,101
104,82
105,100
175,82
201,6
55,167
152,51
8,173
16,157
18,177
58,165
192,9
85,135
163,47
117,65
45,175
139,54
87,131
110,96
130,98
150,97
189,26
48,108
34,179
97,110
62,86
35,176
38,175
205,11
43,176
151,51
85,128
230,29
168,41
116,92
49,173
199,9
76,143
186,14
189,19
75,148
94,112
170,87
61,89
62,89
123,93
51,95
148,53
160,48
74,87
55,91
132,62
213,53
89,127
199,6
208,22
155,100
56,170
204,34
6,167
190,21
10,170
122,96
158,98
202,24
205,61
153,47
173,84
220,17
26,157
62,162
117,92
221,14
186,16
189,37
27,182
176,38
6,158
226,42
194,67
108,74
60,165
153,48
101,101
14,153
90,121
114,67
77,147
226,37
190,7
229,40
123,96
19,157
202,10
136,95
45,123
227,30
49,120
23,153
99,88
64,86
45,140
70,156
186,34
94,108
77,140
209,28
195,65
198,62
111,93
43,149
210,53
121,67
126,97
44,172
70,151
133,61
27,157
137,58
211,31
103,85
148,97
173,39
195,70
31,153
202,60
205,33
151,101
46,133
49,106
203,23
9,159
100,88
48,174
32,157
89,92
218,15
221,18
115,70
179,79
197,25
36,153
93,88
118,64
212,13
177,37
40,150
183,75
59,89
224,24
43,131
79,138
191,27
68,153
50,115
88,130
206,11
124,93
103,75
179,84
180,78
12,153
92,111
96,106
120,96
192,72
230,37
106,95
200,24
63,90
71,155
56,91
134,57
119,64
87,123
191,9
50,101
142,56
203,58
44,144
171,85
53,89
54,89
204,27
46,120
51,111
216,46
187,34
91,117
166,42
60,86
227,40
121,96
84,92
157,98
178,41
200,6
74,150
44,143
47,130
57,167
7,170
10,154
137,95
11,175
47,115
190,69
222,15
86,133
178,81
215,52
92,116
166,45
65,158
107,74
74,145
110,69
20,181
5,167
225,27
99,107
28,181
30,177
231,37
124,97
53,171
207,12
77,91
192,37
83,131
92,115
171,43
85,92
199,36
95,87
5,160
149,101
44,125
9,165
189,14
104,101
174,87
140,99
196,64
201,27
147,51
97,90
8,160
122,66
13,177
35,156
131,58
187,73
80,141
212,55
195,25
15,153
198,6
39,152
51,173
129,97
225,21
189,7
9,174
100,105
48,127
145,97
201,28
162,90
38,178
160,44
167,92
213,25
167,45
104,83
197,64
184,75
98,90
88,92
66,162
85,134
102,86
123,63
17,177
163,46
92,88
24,157
87,130
110,97
114,92
167,42
225,39
189,25
28,153
48,109
34,176
97,109
98,85
6,170
35,179
108,94
82,138
55,93
185,38
73,147
53,103
181,82
186,15
189,18
176,41
94,113
98,108
64,164
33,180
51,94
109,97
82,133
63,165
192,24
176,81
196,28
89,126
73,148
104,72
68,86
52,168
78,139
98,103
190,26
10,171
205,60
63,162
220,18
62,163
161,47
221,13
186,17
105,71
197,36
93,115
78,146
6,159
227,24
101,100
141,99
17,157
39,178
193,9
54,96
164,43
105,72
77,146
209,26
87,89
159,97
35,175
41,143
45,122
203,24
206,55
45,139
196,9
70,157
130,94
169,41
50,169
94,109
198,63
109,69
43,148
81,89
121,66
106,99
185,75
149,53
174,39
164,89
182,39
211,30
103,84
222,41
152,101
102,103
49,105
161,90
42,152
9,158
193,28
218,12
214,48
118,65
86,126
159,92
141,54
224,25
43,130
191,26
68,154
50,112
186,77
206,8
154,50
103,74
51,96
180,79
187,23
12,154
198,32
96,107
210,31
20,153
42,138
125,65
46,118
11,176
71,154
38,156
170,44
119,67
87,122
220,44
59,86
224,23
136,99
210,22
50,98
106,71
107,95
23,181
44,145
206,26
47,132
54,94
115,92
155,47
51,110
216,47
187,37
195,37
220,43
192,71
106,78
74,151
23,178
172,85
135,99
57,166
190,74
47,114
194,25
33,157
16,179
180,36
112,71
159,48
126,61
92,117
37,153
223,23
213,13
5,166
225,26
99,106
32,177
69,153
231,36
144,96
204,10
138,95
184,38
66,86
14,174
142,99
225,19
44,126
189,13
104,102
174,84
196,65
147,50
81,135
8,161
155,50
103,103
187,72
80,142
61,164
205,30
220,48
39,155
166,92
116,65
135,57
139,58
51,172
199,28
221,47
225,20
9,173
100,106
105,97
175,87
145,96
55,168
207,29
216,11
18,180
205,23
12,172
160,45
213,24
87,132
200,35
127,61
93,110
207,26
188,72
151,52
66,163
123,62
181,39
92,89
49,170
157,94
89,115
57,90
22,178
225,38
208,26
48,110
47,174
75,145
137,99
29,181
31,177
41,146
188,71
82,139
102,78
126,64
55,92
193,37
85,127
89,116
144,52
73,146
53,102
181,81
186,12
22,181
189,17
155,97
176,42
75,150
98,109
226,22
64,165
209,54
128,60
202,31
37,175
136,59
176,82
89,125
218,46
58,90
208,8
104,73
68,87
52,169
75,143
194,70
60,168
127,64
64,90
191,73
90,124
53,104
114,70
140,54
201,32
93,114
209,32
215,14
192,23
101,99
99,85
231,31
70,155
54,97
129,94
25,157
83,92
105,79
143,96
187,10
29,153
159,96
41,142
45,121
210,56
66,158
203,27
42,151
100,84
45,138
137,55
69,90
145,55
148,100
177,41
43,151
81,88
191,23
49,119
106,96
160,94
146,97
129,63
185,74
149,52
100,83
89,89
182,36
137,56
36,156
222,46
158,92
89,128
183,76
79,143
49,104
42,153
63,86
165,93
189,71
103,76
13,153
214,49
162,43
112,92
165,46
94,92
153,97
64,159
209,12
159,95
141,53
43,133
68,155
50,113
186,74
171,89
154,51
187,22
190,33
198,33
91,121
224,17
210,28
156,96
199,66
203,7
42,139
204,30
46,119
47,111
211,52
88,116
197,9
71,149
113,92
212,29
177,85
168,91
224,40
24,181
60,89
227,37
210,23
121,93
50,99
107,94
44,146
72,91
54,95
155,46
183,35
178,84
91,119
183,80
21,181
223,41
135,98
78,88
150,48
84,135
16,180
52,104
180,37
67,86
37,152
223,22
210,9
46,174
193,71
5,165
225,25
44,128
100,101
69,152
204,11
81,141
7,157
35,153
113,71
80,136
83,133
101,83
14,175
142,96
202,64
132,94
26,178
71,91
208,54
44,127
189,12
48,122
147,53
79,88
8,162
103,102
219,16
80,143
61,163
83,138
72,153
39,154
116,66
135,56
200,61
221,46
80,88
25,182
225,43
228,32
105,96
175,86
55,171
204,57
16,153
18,181
163,90
205,22
12,173
163,43
117,69
196,33
127,60
181,78
76,148
214,14
93,109
59,165
108,97
195,9
126,94
185,35
45,172
157,93
89,114
76,147
75,144
169,91
6,168
226,28
122,93
33,177
41,145
205,8
102,79
126,65
168,44
42,176
85,126
53,101
199,10
186,13
189,16
172,40
155,96
61,86
209,53
226,23
10,174
173,88
181,40
213,50
89,124
90,114
186,20
208,9
27,178
172,39
104,74
30,157
118,96
10,169
86,89
158,97
18,153
202,7
217,15
191,72
196,5
200,64
182,80
164,46
189,34
211,13
69,87
78,144
6,157
226,41
108,69
19,153
111,72
120,64
68,160
42,173
23,157
99,84
231,30
70,152
218,49
186,38
105,78
147,100
190,10
119,96
41,141
45,120
210,57
44,176
45,137
201,64
27,153
194,33
145,54
148,101
173,43
195,66
31,157
43,150
121,64
102,98
49,118
191,22
160,95
206,60
44,175
9,155
65,86
48,170
193,25
32,153
161,48
115,66
133,58
128,97
93,92
158,93
202,59
40,146
183,79
46,136
42,134
124,65
165,92
189,70
125,62
179,80
197,6
112,93
12,157
86,124
15,176
19,181
40,153
21,153
59,90
131,98
43,132
202,34
82,89
107,99
228,31
67,155
179,40
56,87
38,155
119,68
212,23
91,120
224,18
116,96
188,8
199,61
42,136
44,148
204,31
46,116
47,110
211,55
88,117
194,5
134,60
119,93
212,30
177,84
198,25
91,113
146,51
132,98
227,36
191,10
