251,186
143,183
148,290
389,19
360,157
303,104
368,77
64,315
120,328
446,47
176,234
390,50
379,24
89,293
364,153
44,356
427,59
394,128
158,185
274,119
155,280
432,29
113,182
350,165
67,315
414,44
126,321
241,135
99,244
408,69
40,315
95,256
315,99
427,48
340,89
90,343
265,190
19,318
386,48
260,188
414,23
440,35
132,313
43,315
333,93
121,328
33,353
142,299
95,265
297,194
452,55
327,95
206,194
351,85
423,61
234,139
94,265
393,75
362,154
274,190
160,185
106,336
58,354
245,133
374,145
19,332
239,135
96,255
373,146
141,300
271,119
75,350
99,340
99,235
448,49
178,230
379,36
257,128
402,21
298,194
372,77
140,302
336,91
360,81
380,140
91,284
73,313
236,137
97,248
426,100
334,176
192,212
213,151
107,336
220,145
419,44
376,143
391,50
371,148
214,151
380,139
91,277
177,185
129,318
386,135
280,115
101,229
196,207
70,351
348,85
326,179
42,356
212,190
158,278
440,87
23,315
340,173
213,153
394,127
415,25
279,115
303,194
425,48
189,183
410,113
122,327
400,71
160,274
60,315
89,285
402,121
204,173
413,44
406,117
211,159
30,350
225,184
174,243
105,213
179,228
80,346
104,336
251,131
182,185
456,67
111,184
116,181
351,164
396,50
381,23
408,21
93,271
366,151
39,354
353,162
310,101
348,168
332,178
442,37
207,168
393,50
163,270
312,190
77,311
421,63
358,159
394,19
87,297
415,108
57,315
316,186
337,91
417,67
454,72
46,315
105,336
329,178
348,167
438,33
352,162
210,192
381,41
146,293
382,137
293,109
242,186
412,23
33,315
71,313
369,150
405,48
410,45
22,315
101,338
450,55
418,44
128,319
261,125
451,76
126,181
200,204
218,186
384,19
103,223
412,110
455,72
21,339
109,197
263,188
302,105
404,118
172,250
121,179
164,268
321,180
107,202
398,48
442,86
26,348
396,126
109,190
36,354
148,292
102,338
267,190
216,188
307,103
309,194
131,181
116,330
89,291
164,267
221,145
168,259
43,356
448,78
54,356
372,146
148,291
360,158
399,73
120,329
173,246
176,235
32,352
446,44
379,27
89,292
364,154
243,133
427,58
127,181
83,307
113,181
166,185
385,136
142,182
436,90
310,194
166,264
338,174
392,128
257,188
95,259
427,51
133,312
406,69
265,189
48,315
138,181
108,336
19,321
438,31
440,36
132,314
333,92
387,50
426,27
33,352
18,321
95,264
51,315
327,94
366,79
420,25
294,109
206,195
253,188
420,104
403,48
393,74
362,155
119,179
58,355
140,304
183,185
150,290
27,315
299,107
109,336
19,335
425,100
448,50
178,231
379,39
140,303
41,355
267,123
430,96
159,185
313,188
97,255
421,104
353,85
151,286
192,213
433,29
235,137
20,317
317,184
358,81
347,87
376,144
447,80
72,350
41,356
118,330
300,105
140,181
91,276
453,74
403,71
45,315
193,210
238,137
153,183
101,228
185,185
279,117
264,125
392,50
212,191
86,303
440,88
387,134
340,174
213,152
281,115
172,185
328,178
78,311
378,142
161,185
383,46
438,90
79,348
194,210
160,275
368,150
105,211
198,206
211,158
401,71
397,19
237,137
221,186
293,194
367,79
227,143
444,82
174,240
105,212
331,93
385,47
80,347
355,83
63,354
104,337
231,139
52,356
456,68
111,187
138,304
194,181
381,22
408,22
414,108
92,273
388,132
157,278
93,270
390,132
17,327
207,171
230,141
312,191
193,183
343,87
454,62
202,175
294,194
337,90
376,75
417,66
454,73
422,102
305,194
234,184
325,180
400,21
352,163
190,216
210,193
381,40
23,343
424,100
250,186
161,272
144,296
181,226
112,183
396,73
205,173
277,117
450,52
172,252
218,187
110,336
154,284
103,222
412,111
199,177
346,170
21,338
441,86
395,126
306,194
109,196
446,80
357,160
284,192
399,122
404,119
116,332
298,107
117,181
172,251
262,125
408,114
375,75
323,97
164,269
201,202
107,205
398,49
182,226
423,27
372,148
109,189
400,122
421,65
118,181
116,331
333,176
266,123
89,290
415,67
275,190
168,260
448,79
402,71
222,145
80,309
372,147
228,184
251,188
141,181
152,284
411,44
285,192
308,103
219,145
436,92
399,72
439,33
332,93
99,241
120,330
446,45
176,236
379,26
202,202
95,261
150,286
142,183
436,91
166,265
132,316
392,129
174,185
95,258
427,50
265,188
212,157
19,320
286,192
56,315
440,37
132,315
225,143
333,91
407,46
119,181
379,40
203,198
245,186
29,350
115,332
423,63
420,105
59,315
393,73
379,33
291,109
130,181
387,75
316,99
452,56
398,20
299,106
430,94
91,281
19,334
353,83
134,312
287,192
35,315
148,183
99,237
448,51
250,131
178,228
361,156
416,44
415,44
379,38
321,97
365,152
41,354
112,334
97,254
353,84
426,98
192,214
266,190
419,65
167,185
347,86
393,19
91,279
435,31
128,320
97,247
248,133
156,278
418,108
100,235
101,227
124,324
53,315
279,116
309,103
78,348
158,276
421,25
404,71
25,347
450,78
31,352
322,180
197,206
71,350
318,184
29,315
180,185
313,101
24,315
445,43
233,139
145,183
453,59
25,348
170,258
375,144
160,276
444,84
82,307
409,46
174,238
105,210
125,324
434,30
231,141
51,356
323,180
111,189
420,44
211,161
428,28
214,190
190,183
215,149
367,78
422,26
227,142
444,83
65,354
174,241
199,204
130,318
385,46
21,317
80,348
390,130
104,338
69,315
456,69
111,186
138,305
428,27
381,21
292,109
408,23
317,99
31,351
414,109
343,89
388,133
246,186
93,269
280,192
285,113
17,326
98,340
207,170
190,214
146,296
401,48
193,182
87,299
454,63
136,306
337,89
341,172
417,65
222,186
422,103
388,19
209,167
231,184
108,197
254,188
352,164
411,67
88,297
35,354
239,185
23,342
171,252
124,180
110,334
424,101
232,184
377,75
144,297
186,220
281,192
240,135
257,127
205,172
425,27
450,53
86,346
375,77
124,179
419,25
103,217
405,71
109,195
406,46
446,81
303,103
235,184
244,186
408,115
323,96
451,55
164,270
107,204
93,273
442,84
282,192
421,64
282,115
435,92
446,43
89,289
434,92
220,186
168,261
439,88
107,197
247,186
110,189
170,254
152,285
401,21
384,75
99,240
81,346
176,237
379,29
383,136
95,260
243,135
150,287
283,192
334,91
283,113
269,190
126,324
310,192
392,130
448,47
277,191
427,53
103,338
171,185
237,184
151,183
82,346
119,180
268,190
29,349
423,62
279,192
47,356
420,106
311,192
156,185
379,32
136,181
444,41
452,57
398,21
150,288
430,95
91,280
19,337
81,309
408,46
196,181
275,117
99,236
178,229
70,352
424,61
137,306
302,194
258,188
405,118
91,273
239,137
97,253
426,99
156,280
235,139
271,121
384,46
319,182
206,171
103,225
175,185
380,23
94,342
330,178
66,354
91,278
97,246
386,19
173,185
156,279
213,157
101,226
429,96
124,325
441,37
167,262
318,182
309,102
313,99
385,75
61,315
158,277
268,123
399,21
25,346
443,84
101,235
382,75
38,354
378,140
254,129
437,90
111,183
313,100
438,88
212,192
37,315
188,185
194,208
32,315
411,23
314,188
174,239
105,209
434,31
198,204
398,73
231,140
111,188
207,167
211,160
428,29
217,188
50,356
422,27
335,176
391,130
85,307
174,246
184,220
21,316
390,131
391,19
69,314
456,70
76,348
97,340
188,216
120,179
355,162
291,193
242,135
317,98
31,350
87,301
343,88
370,150
388,134
249,133
93,268
430,29
17,325
79,309
190,215
389,50
418,25
59,354
331,178
23,344
84,346
193,181
393,128
87,298
454,60
419,106
223,186
136,307
185,220
209,166
356,83
48,356
77,348
189,216
239,184
350,85
426,48
322,97
124,181
110,335
424,102
107,209
144,298
201,175
385,48
114,334
208,194
228,141
253,131
420,65
205,171
403,120
60,354
421,46
426,59
375,76
352,85
154,282
137,181
269,123
416,108
199,179
346,168
437,31
405,70
226,184
66,315
109,194
258,127
406,47
431,29
55,315
111,334
408,116
433,92
271,190
202,198
223,145
413,110
107,207
182,224
93,272
203,173
442,85
428,96
42,315
354,162
404,120
394,50
31,315
89,288
168,262
417,108
383,19
37,354
115,181
170,255
152,286
350,166
210,163
445,82
126,322
92,342
219,147
117,330
99,243
176,238
379,28
89,297
18,330
202,200
311,101
95,263
243,134
28,348
449,78
261,188
19,317
406,48
142,181
310,193
95,255
154,184
416,25
277,190
427,52
139,181
162,270
256,188
410,23
46,356
329,93
152,183
74,350
96,340
166,262
404,21
357,83
323,95
179,185
320,97
29,348
398,19
276,190
374,146
399,48
19,331
81,307
418,65
412,44
379,35
291,111
382,44
277,192
444,42
83,346
65,315
155,185
447,47
412,67
452,58
164,185
295,107
150,289
319,97
288,192
91,283
19,336
97,251
81,308
378,75
379,75
344,87
200,177
99,239
389,132
342,172
273,190
259,127
427,27
395,50
182,222
256,129
207,194
396,19
239,136
97,252
394,73
235,138
128,181
271,120
276,117
386,136
347,168
278,192
388,75
103,224
288,111
76,313
289,192
168,185
97,245
315,186
354,83
213,156
418,106
387,19
101,225
124,326
181,185
398,124
388,50
299,194
318,183
229,141
432,92
73,350
309,101
192,183
410,114
25,345
191,214
450,76
404,48
407,69
101,234
402,122
95,342
157,185
378,141
438,89
406,118
290,192
170,256
49,356
194,209
342,89
197,181
198,205
330,93
300,194
284,113
17,330
456,64
425,61
211,163
214,188
324,95
320,180
215,151
135,310
249,131
85,306
105,217
184,221
130,316
21,315
229,184
69,313
17,323
456,71
76,349
442,38
188,217
291,192
170,185
317,97
87,300
159,276
249,132
93,267
211,192
17,324
345,87
425,47
123,326
381,44
146,294
382,138
454,61
382,21
136,308
209,165
410,46
90,285
442,40
411,69
255,129
389,75
390,75
107,208
186,218
21,342
423,102
253,130
406,21
450,51
86,344
349,85
421,45
429,29
154,283
338,89
103,219
107,201
252,188
269,122
199,178
346,169
204,196
259,188
405,69
109,193
399,71
443,41
172,246
356,160
139,304
202,199
224,184
149,290
223,144
422,63
407,116
63,315
107,206
182,225
383,21
428,97
61,354
87,344
91,342
255,188
129,181
154,183
409,114
176,232
50,315
89,295
287,113
427,57
68,352
107,199
363,81
39,315
205,196
413,23
401,122
147,183
170,252
278,117
126,323
272,190
219,146
312,101
99,242
407,21
379,31
89,296
218,147
202,201
95,262
26,315
125,181
385,19
145,296
62,354
283,115
241,186
369,77
440,33
387,49
154,185
177,232
223,143
427,55
392,19
448,80
69,352
162,271
363,79
327,93
264,188
216,149
362,156
414,24
96,341
166,263
409,69
45,356
357,82
123,179
358,160
196,208
142,300
58,356
132,181
341,89
187,185
295,109
134,181
19,330
335,91
28,315
178,232
379,34
342,170
291,110
367,150
150,183
444,43
232,139
140,300
144,183
452,59
263,125
452,74
91,282
163,185
97,250
192,210
359,158
275,119
99,238
153,284
390,19
270,190
413,67
182,223
423,46
431,94
91,275
56,356
24,344
134,310
296,194
100,338
101,231
68,315
363,154
397,124
398,122
260,127
373,77
417,25
66,352
361,81
384,136
113,334
213,155
418,107
176,185
324,180
405,21
44,315
432,93
289,111
380,40
326,180
383,45
189,185
304,103
25,344
98,245
450,77
160,272
292,194
101,233
85,303
89,287
187,218
370,77
425,59
119,330
211,157
67,352
272,119
165,185
170,257
198,179
345,170
364,79
40,354
224,143
314,186
339,174
105,215
197,180
434,29
201,177
424,27
17,329
343,170
417,44
54,315
456,65
314,99
386,75
425,60
209,194
211,162
339,89
377,142
410,69
214,189
34,354
320,181
215,150
381,138
422,25
85,305
105,216
174,244
175,238
344,170
184,222
130,317
41,315
383,75
422,104
17,322
456,72
76,350
332,176
442,39
188,218
30,315
325,95
312,188
77,313
87,303
454,59
370,148
316,184
227,184
106,209
178,185
180,226
454,74
93,266
147,292
366,152
209,163
425,46
79,311
210,194
379,140
381,43
146,295
136,309
209,164
380,75
346,87
442,41
411,68
230,184
359,81
217,149
239,186
261,127
336,176
374,77
200,202
218,188
133,181
301,105
103,221
186,219
21,341
114,332
427,98
253,129
240,186
337,174
86,345
421,44
149,183
172,248
265,125
290,111
295,194
154,280
103,218
305,103
107,200
269,121
270,121
398,50
204,197
396,124
109,192
244,133
336,174
172,247
356,161
224,185
243,186
246,133
383,20
203,175
114,181
428,98
251,187
360,156
303,105
446,46
176,233
379,25
89,294
287,112
364,152
402,48
427,56
395,19
107,198
72,313
363,80
58,315
22,342
307,194
328,93
113,183
350,164
170,253
47,315
126,320
166,266
99,245
379,30
75,313
95,257
422,46
135,181
427,49
412,112
89,344
90,342
326,95
233,184
34,315
146,183
19,319
183,222
283,114
440,34
132,312
387,48
33,354
379,23
142,298
57,356
427,54
249,186
162,185
208,167
247,133
308,194
191,183
414,25
127,320
96,342
357,81
287,111
90,344
165,266
169,258
206,196
295,108
299,105
374,144
452,76
19,333
448,48
379,37
342,171
397,73
257,129
140,301
36,315
456,63
391,75
452,75
91,285
19,338
97,249
262,188
192,211
275,118
100,340
347,85
296,107
376,142
169,185
301,194
380,138
91,274
134,311
84,307
195,208
55,356
386,134
100,339
101,230
196,206
70,350
398,123
226,143
162,272
326,178
400,48
66,353
20,338
440,86
340,172
213,154
394,126
424,46
432,94
143,298
93,342
184,185
383,44
189,184
410,112
122,326
52,315
160,273
70,313
64,354
101,232
104,217
89,286
402,120
449,51
312,192
406,116
367,77
314,187
227,141
102,225
174,242
105,214
252,131
197,179
201,176
17,328
456,66
111,185
138,306
411,112
122,328
88,344
273,119
62,315
320,182
414,110
436,31
365,79
85,304
174,245
416,67
180,228
366,150
349,166
395,73
17,321
332,177
207,169
49,315
219,186
291,194
312,189
77,312
195,181
213,190
358,158
87,302
38,315
370,149
316,185
180,227
93,265
348,166
186,185
438,32
79,310
217,147
381,42
146,292
327,178
382,136
25,315
297,107
136,310
392,75
53,356
410,44
450,54
217,148
128,318
261,126
318,97
265,123
85,346
215,188
414,67
200,203
238,184
103,220
21,340
114,333
236,184
381,75
131,316
371,77
446,82
122,179
172,249
248,186
265,124
286,113
397,50
154,281
409,23
107,203
362,81
204,198
396,125
109,191
403,21
74,313
336,175
356,162
164,266
168,258
224,186
304,194
306,103
455,63
203,174
27,348
