131,143
65,24
88,147
153,190
147,176
80,125
161,206
94,157
170,243
35,41
74,116
57,20
168,241
178,232
52,68
129,139
149,184
162,208
173,247
71,26
136,183
139,162
117,163
48,59
191,246
82,40
56,75
167,214
26,12
127,138
53,20
139,158
30,14
95,68
175,249
158,200
73,113
89,54
29,37
193,254
18,10
83,40
36,41
34,41
52,67
99,77
108,96
87,54
113,107
76,121
129,140
119,162
165,211
171,220
152,219
54,73
10,14
101,79
178,253
64,95
166,237
44,55
163,209
81,36
145,175
156,223
157,199
37,16
50,18
24,33
181,235
138,158
179,233
189,242
150,214
70,107
160,204
187,240
140,196
97,70
113,108
151,186
40,48
183,237
135,151
149,180
10,19
101,82
15,10
72,28
189,259
155,194
58,83
117,114
148,209
138,191
127,134
74,30
141,162
90,148
112,165
68,104
159,200
75,31
144,202
64,24
174,249
26,34
61,87
143,168
75,117
72,113
78,34
50,65
56,20
109,96
140,195
173,226
23,31
177,231
58,22
80,128
126,164
96,163
192,257
81,40
103,85
77,34
51,19
123,129
154,219
86,140
52,20
60,84
66,99
119,117
123,126
156,225
153,188
147,178
80,127
161,204
17,10
190,244
46,18
193,251
159,229
74,114
168,243
86,50
69,26
52,70
97,74
130,142
38,46
136,185
39,47
114,108
80,36
101,167
48,61
63,24
56,77
115,108
50,63
60,83
116,112
49,18
58,79
95,70
165,237
193,252
83,42
36,43
92,152
34,39
43,16
91,58
63,93
113,105
171,222
162,233
135,152
10,12
60,22
178,251
79,125
133,150
12,10
145,173
176,249
157,197
100,165
110,100
148,212
120,122
180,253
46,58
111,104
185,238
184,257
160,232
125,133
70,105
62,90
90,58
92,151
187,242
100,78
98,74
44,18
18,29
84,137
138,192
98,164
172,245
10,17
101,80
126,163
189,257
154,222
155,196
124,161
58,81
117,112
86,139
166,214
134,182
138,189
148,211
159,202
144,204
105,90
118,116
72,109
19,29
152,188
88,144
107,92
20,30
62,93
143,170
164,237
21,31
170,244
94,158
131,144
158,228
85,50
173,224
191,257
177,229
33,14
14,24
42,51
80,130
132,177
139,161
11,21
130,175
191,245
12,22
77,32
103,87
25,10
136,154
190,257
13,23
121,126
127,137
27,12
60,86
66,97
119,119
156,227
160,230
29,14
111,100
147,180
168,239
28,37
188,242
193,249
79,34
150,216
42,16
132,146
69,24
146,209
97,72
87,53
119,161
165,214
38,44
136,187
54,74
43,51
166,238
78,124
107,167
44,52
48,63
81,39
56,79
115,110
170,220
104,88
68,102
175,227
32,39
89,58
20,10
107,96
143,166
83,44
16,26
47,18
128,169
92,154
43,18
17,27
91,60
87,50
151,185
85,46
76,117
135,154
93,62
149,183
44,51
133,148
176,251
10,20
183,257
100,167
155,193
137,187
108,167
180,255
46,56
141,165
109,166
124,130
137,157
122,126
146,176
128,138
113,163
125,131
184,259
182,257
62,88
50,66
109,99
158,227
18,27
84,139
142,166
82,135
41,49
172,247
14,23
142,200
96,160
76,32
103,88
154,220
124,163
73,29
63,22
121,123
93,66
134,180
138,187
105,88
119,120
66,100
72,111
113,164
169,218
88,146
107,94
153,191
147,177
128,167
161,207
94,156
41,16
131,146
85,48
68,24
173,222
57,21
168,240
118,163
42,49
132,179
38,43
71,27
37,14
78,123
130,173
121,161
104,167
191,247
155,223
193,256
65,97
121,124
167,215
139,159
95,69
184,238
29,12
111,102
175,228
88,54
19,10
89,55
193,255
83,41
146,207
34,40
99,74
129,141
152,218
76,120
171,221
119,163
84,135
165,212
162,234
54,72
178,252
64,94
11,12
44,54
81,37
45,55
157,200
115,112
94,66
133,179
95,66
181,236
24,32
46,55
137,154
168,216
189,243
89,56
70,106
62,87
163,235
128,171
187,241
91,62
97,71
151,187
85,44
76,119
149,181
167,239
133,146
142,199
10,18
75,32
101,83
155,195
58,82
64,97
54,20
67,101
117,115
126,134
127,135
134,179
141,163
90,151
159,201
138,190
144,201
174,248
70,109
143,169
40,16
30,39
72,112
174,226
67,24
50,64
109,97
94,155
131,175
140,194
82,133
153,192
71,28
34,14
126,167
96,162
129,171
86,143
167,216
93,64
119,122
57,79
66,98
123,127
169,216
28,12
156,224
131,142
153,189
16,10
147,179
80,126
161,205
148,180
74,117
168,242
52,69
129,138
22,10
35,14
123,161
136,184
116,163
15,25
78,121
130,171
48,60
96,159
56,76
115,109
182,255
48,18
69,105
179,253
31,14
193,253
83,43
36,42
146,205
43,17
84,44
91,59
99,76
37,43
113,106
151,188
165,210
135,153
10,15
101,78
102,84
171,245
163,208
111,165
145,174
135,183
187,259
157,198
181,234
185,239
174,247
125,134
179,232
150,215
140,197
81,131
153,219
18,28
172,222
84,136
40,49
183,236
135,150
150,184
142,197
106,167
10,16
101,81
83,135
188,259
189,258
58,80
117,113
148,210
138,188
159,203
90,149
105,91
68,105
185,240
75,30
144,203
161,208
26,35
88,143
107,93
20,29
62,92
96,70
143,171
164,236
30,37
131,145
22,31
173,225
82,131
177,230
32,14
112,104
42,50
80,129
132,176
126,165
134,150
120,161
130,174
24,10
12,21
77,33
51,18
25,11
103,84
123,128
86,141
156,196
105,92
60,85
119,116
156,226
160,229
161,233
111,101
27,35
164,235
93,155
28,36
193,250
79,35
74,115
69,25
52,71
139,193
146,208
97,73
38,47
136,186
48,62
55,75
12,12
25,12
49,63
56,78
115,111
186,240
145,205
68,101
28,35
143,167
33,39
16,25
128,168
92,153
169,243
99,78
91,61
87,51
113,104
85,47
92,62
23,10
176,228
10,13
93,63
61,22
163,210
191,248
133,149
12,11
145,172
176,250
157,196
13,10
99,165
114,163
100,166
148,213
89,147
180,254
55,20
46,59
141,166
109,167
137,158
25,33
159,204
184,258
160,233
125,132
179,234
185,259
106,92
182,256
150,213
62,91
91,151
143,172
151,217
109,100
192,248
84,138
183,238
82,134
45,18
51,67
54,71
85,139
138,193
98,165
70,26
172,246
24,31
102,167
141,197
62,22
154,223
124,162
39,16
63,23
73,30
125,163
134,183
90,147
105,89
144,205
119,121
47,59
72,110
113,165
169,219
26,33
88,145
107,95
20,31
71,109
186,259
170,245
94,159
158,229
79,36
85,49
173,223
57,22
177,228
122,161
164,210
14,25
80,131
132,178
36,14
139,160
37,15
78,122
130,172
191,244
12,23
103,86
51,20
123,130
145,176
105,167
193,257
121,125
127,136
154,192
60,87
119,118
147,209
103,167
169,220
160,231
180,234
29,13
111,103
66,24
193,248
150,217
74,113
110,165
146,206
129,142
99,75
87,52
152,217
165,213
38,45
143,201
54,75
64,93
95,159
78,125
144,172
44,53
140,162
166,239
14,10
81,38
157,227
95,67
68,103
137,155
175,226
189,244
89,57
16,27
21,10
115,163
92,155
128,170
151,184
85,45
59,22
76,118
177,232
97,163
149,182
133,147
142,198
10,21
101,84
38,16
155,192
162,235
117,116
64,96
182,236
46,57
90,150
141,164
59,83
137,156
109,165
125,130
70,108
62,89
40,47
30,38
50,67
31,39
109,98
140,193
149,213
77,121
132,175
82,132
98,163
142,201
53,71
177,251
126,166
96,161
127,167
154,221
73,28
86,142
121,122
93,65
134,181
181,255
87,143
66,101
169,217
