141,183
159,221
66,31
40,22
75,104
165,230
169,227
102,96
17,20
41,23
63,76
116,158
61,76
150,196
151,206
110,160
23,26
81,119
86,60
65,84
171,231
164,220
72,34
97,151
60,29
73,35
122,137
35,21
144,183
181,248
87,132
124,145
126,149
54,27
89,133
128,153
159,218
70,94
96,81
59,71
124,143
143,188
146,189
78,46
80,116
87,65
118,129
158,210
46,23
79,47
151,199
77,107
33,34
132,157
142,177
131,160
149,193
164,219
173,240
88,67
79,115
74,35
48,50
101,162
133,168
137,173
49,51
67,89
138,170
145,193
186,252
155,205
116,125
126,156
93,77
180,243
55,27
184,246
118,127
75,102
47,49
93,144
160,214
170,229
158,213
74,102
164,228
43,23
149,202
91,136
173,233
136,165
178,244
152,200
156,214
49,52
114,122
139,182
144,187
85,127
140,177
69,92
82,52
115,158
128,151
108,162
101,159
73,99
170,236
21,17
86,65
129,158
188,249
150,195
35,34
130,157
136,172
86,59
178,239
34,21
108,108
167,231
112,119
162,215
135,170
157,217
95,149
79,111
94,77
122,140
133,164
110,112
105,162
120,134
49,25
58,68
73,100
148,198
175,242
99,154
127,149
179,247
105,103
66,29
75,106
165,228
174,234
84,56
22,17
56,27
55,61
61,74
63,78
81,117
108,107
149,198
172,233
164,222
176,236
177,242
95,146
79,116
74,38
62,29
134,162
37,21
154,204
54,25
50,25
53,60
96,83
143,190
146,187
169,234
19,15
78,44
98,89
33,32
93,143
132,159
131,162
153,209
173,238
88,69
101,160
90,71
15,15
134,165
139,179
80,49
116,127
166,223
138,178
112,160
71,95
57,66
19,20
161,222
170,227
104,99
21,22
168,225
188,252
64,29
41,41
149,200
162,224
91,138
33,19
136,167
167,232
152,202
162,218
171,237
45,45
97,153
156,208
114,120
26,28
85,125
27,17
69,90
110,111
156,206
185,247
161,215
141,186
168,232
188,251
150,193
151,205
35,36
18,20
130,155
23,25
103,99
69,31
34,19
108,110
167,225
37,38
90,73
157,215
80,47
122,138
63,29
28,17
120,136
148,192
99,156
46,46
146,190
47,47
21,24
78,43
84,58
32,32
106,107
55,63
61,72
85,59
18,15
77,110
107,107
118,130
142,178
151,202
163,224
100,90
153,206
176,238
74,36
155,210
87,128
137,178
127,156
53,58
71,96
96,85
169,232
170,230
88,132
98,87
93,141
142,181
183,250
94,146
131,164
165,223
39,38
166,225
70,32
122,156
83,120
90,69
139,181
80,51
144,184
76,41
50,52
140,182
182,245
53,25
186,248
57,64
147,194
19,22
118,156
31,30
159,213
20,17
104,101
168,227
129,153
106,103
112,158
91,140
136,169
178,240
112,116
162,216
176,242
106,162
135,169
75,39
94,78
140,173
92,74
133,167
145,190
120,131
94,80
48,25
111,115
51,52
175,241
125,156
141,184
66,30
40,21
75,105
102,99
67,31
116,157
63,77
150,199
130,153
42,23
86,63
100,93
65,85
37,36
153,203
59,27
172,238
72,33
60,28
102,95
144,182
36,21
86,128
28,19
181,249
124,144
126,148
54,26
89,134
128,152
99,158
141,177
159,219
143,189
59,68
124,142
16,15
146,188
30,19
54,60
160,222
118,128
106,105
77,108
163,226
47,23
109,111
63,80
131,161
88,66
60,27
79,112
137,174
25,17
67,86
155,212
138,173
48,23
87,130
145,194
68,90
137,176
116,124
180,242
127,158
184,245
71,98
53,56
143,186
75,103
93,145
147,191
160,213
170,228
31,19
98,85
158,212
44,23
91,137
132,161
177,239
43,42
99,89
152,199
83,122
111,160
25,26
144,186
26,17
76,43
92,77
140,176
145,187
27,28
69,93
116,123
82,55
128,150
108,161
184,252
29,30
124,156
147,196
95,81
104,103
59,72
83,55
86,64
129,159
17,18
150,194
35,35
130,156
42,42
36,36
34,20
65,82
112,118
152,206
135,171
15,16
157,218
98,154
140,175
104,162
133,165
110,115
120,133
51,54
126,147
73,101
179,244
99,155
141,182
159,220
165,229
40,23
102,97
63,79
150,197
61,75
57,27
81,118
86,61
149,199
172,232
164,221
72,35
176,235
97,150
177,243
102,93
95,147
107,162
51,25
91,73
121,137
185,252
89,132
52,56
96,82
59,70
60,72
169,235
78,47
131,157
158,211
98,88
20,15
114,158
77,106
33,33
132,158
163,228
58,27
131,163
63,82
153,210
172,231
132,164
173,239
177,244
88,68
79,114
101,161
90,70
123,156
137,172
155,214
49,50
67,88
96,150
80,48
52,25
134,164
138,171
145,192
116,126
184,247
57,67
47,48
160,215
19,21
161,223
169,236
158,218
20,22
119,156
21,23
41,42
149,201
91,139
136,166
92,140
43,44
152,201
83,124
71,33
45,46
97,154
135,172
114,123
115,123
85,126
27,30
69,91
156,205
82,53
56,64
181,243
101,158
57,68
147,198
73,98
179,241
188,250
31,32
130,154
108,109
167,230
70,31
90,72
135,165
15,18
157,216
95,148
79,110
122,141
121,156
110,113
134,168
120,135
182,250
51,56
126,145
179,246
99,157
65,29
159,222
100,158
174,235
84,57
106,106
55,60
61,73
117,156
151,203
163,225
81,116
100,89
113,119
153,207
164,223
176,237
157,209
61,29
24,17
74,39
89,69
137,169
155,211
134,163
84,124
87,129
154,205
103,162
125,145
127,157
53,59
71,97
96,84
175,240
169,233
78,45
158,209
98,86
93,142
142,180
183,251
187,252
153,208
38,38
39,39
64,82
166,224
130,160
83,121
55,64
67,90
139,178
80,50
138,169
76,40
182,244
81,51
90,136
71,94
57,65
47,50
30,30
147,195
31,31
20,16
104,100
168,226
146,194
32,19
41,40
81,120
136,168
112,115
152,203
162,219
163,219
171,236
45,44
97,152
156,209
114,121
120,156
144,190
76,39
85,124
92,73
38,21
123,141
145,191
156,207
117,127
82,51
48,24
109,160
51,53
141,185
143,181
102,98
116,156
150,198
151,204
76,106
68,31
23,24
86,62
108,111
100,92
65,86
37,37
102,94
157,214
95,150
122,139
144,181
133,161
120,137
28,18
181,250
29,19
186,247
148,193
89,135
179,248
59,69
124,141
146,191
47,46
174,233
84,59
17,15
118,131
97,85
55,62
106,104
77,109
163,227
23,17
142,179
82,120
183,252
187,249
100,91
63,81
176,239
88,65
129,160
39,40
79,113
74,37
137,175
155,213
67,87
134,161
138,172
182,243
87,131
154,203
137,177
128,158
89,136
161,224
180,241
53,57
62,76
143,187
93,146
72,98
174,240
170,231
148,191
119,131
93,140
40,40
142,186
183,245
34,34
150,202
132,160
45,23
43,43
85,128
166,230
70,33
44,44
24,26
83,123
25,27
66,86
102,162
139,180
78,110
144,185
76,42
92,76
186,249
27,29
77,43
69,94
154,210
39,21
82,54
28,30
128,149
108,160
180,248
147,197
175,235
104,102
16,18
84,55
17,19
22,24
112,159
113,158
178,241
65,83
112,117
162,217
171,238
135,168
101,93
25,28
15,17
114,119
139,173
94,79
140,174
92,75
133,166
110,114
120,132
94,81
51,55
126,146
73,102
179,245
