89,11
113,6
96,90
144,229
42,10
16,9
6,28
145,233
36,68
216,156
116,158
167,289
255,261
182,307
104,115
94,10
117,159
24,66
179,54
185,79
194,98
88,86
119,6
106,128
80,12
188,312
199,110
119,165
234,203
12,59
123,174
17,64
108,7
241,224
152,250
250,246
224,177
202,117
147,237
136,6
19,65
247,301
94,88
172,35
231,194
254,289
181,79
209,135
28,10
161,272
5,24
156,259
105,106
164,23
90,11
8,38
154,13
232,198
98,91
104,122
157,16
131,5
176,302
188,82
197,105
177,303
132,6
49,71
108,96
239,217
253,255
26,67
110,141
23,9
175,43
158,17
236,210
169,31
248,300
85,12
121,169
249,297
124,178
256,283
73,14
43,69
125,179
204,122
74,13
223,174
181,72
58,72
115,153
229,314
126,5
32,68
213,146
86,84
37,68
179,306
7,15
115,6
107,101
206,318
114,152
68,15
248,240
6,32
69,14
184,310
7,37
243,227
253,291
237,213
129,191
238,214
250,248
251,250
153,254
162,275
190,85
132,200
107,8
110,7
15,10
211,143
257,275
127,184
205,125
170,33
96,9
143,228
256,264
193,95
139,7
168,291
226,181
134,202
165,24
41,10
233,202
5,20
105,126
245,234
191,313
6,27
186,80
255,286
7,34
46,11
112,145
134,6
187,312
10,48
51,71
166,287
209,318
28,67
200,114
138,215
190,313
65,75
257,276
131,197
24,9
257,270
33,68
46,70
27,10
173,39
181,68
160,272
134,205
95,89
212,143
244,303
210,139
149,242
144,231
156,262
245,302
6,18
73,78
157,263
241,307
156,16
104,117
179,56
47,11
113,149
194,96
238,308
174,41
122,173
235,205
36,10
84,12
147,9
82,12
145,9
120,167
171,296
117,161
55,72
246,302
256,262
164,281
191,87
93,88
130,194
165,284
122,6
181,77
75,13
215,153
192,91
135,206
206,127
163,22
242,226
62,73
127,5
60,73
160,269
231,313
8,40
7,16
232,200
200,317
244,232
136,209
25,67
206,130
95,10
229,190
8,14
108,98
180,58
107,132
239,219
253,253
252,293
196,101
10,12
218,159
169,29
153,251
146,9
203,120
12,10
219,162
60,12
137,211
126,184
148,238
172,298
220,165
173,299
184,309
175,301
214,151
186,311
49,11
21,66
115,155
78,13
225,179
204,318
177,48
34,68
106,95
48,70
105,123
9,46
114,150
248,242
167,27
243,229
9,48
74,78
187,81
237,211
129,189
140,220
153,252
137,212
208,132
246,237
63,14
160,19
20,65
44,70
127,186
257,273
103,94
68,76
256,266
123,5
193,93
129,192
254,256
50,11
257,267
150,245
176,44
151,249
222,172
225,180
227,184
133,202
209,137
170,295
221,169
233,200
220,317
5,18
105,124
245,232
129,5
6,25
39,69
114,6
112,147
104,112
27,67
227,315
179,53
247,240
140,219
166,285
252,253
35,10
77,79
189,84
199,109
234,204
138,213
247,238
13,61
41,69
202,118
111,144
18,65
68,75
217,317
22,66
56,72
257,268
208,318
151,246
71,77
181,66
173,37
23,66
241,223
254,290
228,186
152,12
240,308
249,246
6,16
81,81
128,188
154,14
216,317
104,119
92,10
155,15
178,305
180,61
22,9
122,171
110,142
234,311
235,207
168,27
201,115
146,235
189,313
224,316
221,316
132,198
120,6
69,76
256,280
126,183
125,182
130,192
74,14
223,173
142,224
165,282
181,75
199,317
255,288
85,83
212,144
242,224
244,304
79,13
105,110
77,13
160,271
194,95
179,305
8,42
250,297
65,15
107,96
166,25
105,112
116,6
206,128
202,317
107,134
70,14
79,81
9,13
196,103
57,11
142,223
217,158
201,116
251,249
162,276
253,256
190,86
158,267
203,122
149,10
219,164
15,9
220,167
197,316
108,137
185,310
214,149
232,313
109,140
218,161
230,193
222,171
154,255
240,219
226,182
143,8
5,23
9,44
72,78
195,98
255,285
43,11
207,130
7,33
97,90
106,103
123,176
213,318
10,53
58,11
32,10
99,92
214,317
11,56
198,108
210,318
89,86
237,310
208,134
159,267
257,279
38,10
183,308
141,222
70,76
176,46
27,9
181,71
125,5
133,200
177,47
155,256
227,186
102,9
221,167
228,189
210,140
113,7
144,228
254,259
216,155
249,243
6,31
225,315
116,157
91,10
104,114
44,11
118,6
244,230
75,79
179,55
251,296
88,85
106,131
118,163
106,8
122,174
189,82
199,111
234,202
90,87
12,58
123,175
239,308
17,65
67,75
152,249
109,7
224,176
202,116
86,11
231,195
83,82
254,288
181,64
138,7
241,221
193,314
135,205
243,304
161,273
163,21
230,313
62,74
105,107
164,22
249,244
90,10
255,259
165,23
232,197
226,315
63,74
106,105
104,121
188,81
197,106
132,5
180,63
11,54
203,317
156,260
110,140
119,163
168,29
54,72
158,16
146,233
139,216
236,209
248,299
92,88
170,31
72,14
121,170
196,316
124,177
256,282
249,298
87,11
150,12
125,180
223,175
181,73
212,146
142,8
105,108
136,207
213,147
37,69
8,44
107,98
251,294
21,9
69,15
253,292
251,251
159,18
162,274
198,107
190,84
92,87
158,265
246,235
215,317
196,315
246,238
159,268
174,300
191,88
61,13
111,7
127,185
205,126
170,32
211,140
103,93
109,138
51,11
168,290
150,246
227,183
140,7
154,256
240,221
40,10
105,95
128,5
5,21
178,51
105,127
245,235
6,26
195,100
181,306
255,287
7,35
105,8
10,51
238,216
235,310
166,286
167,287
200,113
101,92
138,214
148,241
257,277
143,226
163,278
15,62
162,21
171,34
52,11
257,271
172,37
231,196
141,220
105,94
181,69
169,292
134,204
88,11
155,258
210,138
149,243
144,230
145,232
156,261
216,157
167,288
6,29
157,264
254,257
255,260
245,303
104,116
117,158
179,57
113,150
106,129
118,161
174,40
122,172
119,164
107,7
102,93
30,67
120,166
152,251
171,297
250,247
224,178
242,305
222,316
147,236
39,10
164,280
150,11
247,300
94,89
204,124
137,6
165,285
181,78
101,9
192,90
135,207
76,13
29,10
142,7
153,13
8,39
232,199
176,303
166,26
136,208
197,104
186,79
187,311
229,191
8,13
49,70
108,97
107,133
133,6
180,57
239,216
196,100
253,254
175,42
236,211
139,218
169,30
85,11
121,168
203,121
172,297
219,163
124,179
256,284
174,299
204,123
214,150
224,175
198,316
186,310
182,79
215,151
58,73
218,162
45,70
230,194
204,317
177,49
86,85
67,15
7,14
107,100
114,153
9,47
248,241
6,33
207,318
7,36
50,71
104,8
253,290
237,212
10,54
129,190
99,91
58,12
238,215
214,318
153,253
76,79
171,295
62,14
246,236
63,15
160,18
191,90
44,69
127,187
205,124
161,19
211,142
96,10
257,274
256,265
233,312
193,94
168,292
124,5
150,244
176,43
225,181
227,185
134,203
209,138
170,294
221,170
233,201
178,49
5,19
105,125
245,233
6,24
130,5
112,146
106,132
10,49
140,218
135,6
252,252
174,39
77,80
203,119
138,212
247,239
65,74
131,196
14,61
161,20
111,145
163,280
257,269
218,317
151,247
181,67
173,38
30,10
84,83
229,192
149,241
240,307
230,314
103,8
195,315
167,290
81,82
157,262
128,187
19,9
255,262
17,9
241,306
106,106
61,73
104,118
113,148
194,97
178,304
52,71
156,15
180,60
228,314
252,251
29,67
238,309
252,292
119,166
40,69
146,234
145,8
105,128
37,10
11,11
117,160
120,168
132,197
221,317
224,315
147,238
180,64
126,182
164,282
191,86
256,263
130,195
165,283
151,12
181,76
244,231
215,152
192,92
80,81
85,84
242,227
105,111
145,231
160,270
184,79
8,41
250,296
20,9
166,24
18,9
136,210
66,15
25,66
229,189
180,59
239,218
252,294
107,135
196,102
16,63
217,159
159,17
148,10
158,266
12,11
149,11
60,13
137,210
219,165
148,239
13,10
220,166
173,298
108,136
175,300
214,148
48,11
211,318
232,312
218,160
115,154
230,192
150,243
104,94
225,178
222,170
154,254
82,82
54,11
205,318
178,52
107,102
105,122
9,45
114,151
248,243
72,77
195,99
167,26
207,131
7,38
97,91
106,102
243,228
212,318
74,79
187,80
234,312
54,71
10,52
238,213
31,67
11,57
236,310
235,208
208,133
169,294
20,66
108,135
257,272
143,225
163,277
256,267
99,9
171,33
97,9
193,92
183,309
141,223
176,45
151,248
222,173
219,317
133,201
209,136
155,257
228,188
102,8
221,168
55,11
107,95
254,258
216,154
191,314
6,30
116,156
112,148
104,113
244,229
177,304
227,314
179,52
200,111
45,11
106,130
100,92
118,162
78,80
189,83
199,108
234,205
90,86
12,57
144,8
34,10
13,60
242,306
202,119
25,9
147,235
223,316
100,9
83,83
98,9
192,314
181,65
138,6
241,222
193,315
95,90
228,187
161,274
243,305
152,13
183,79
249,245
6,17
128,189
106,104
182,308
104,120
155,14
93,10
180,62
11,55
83,12
110,143
81,12
168,28
175,41
201,114
147,10
139,217
235,206
236,208
189,312
91,87
42,69
14,10
121,171
132,199
246,301
124,176
256,281
249,299
121,6
125,181
26,9
130,193
47,70
122,5
181,74
142,225
215,154
199,316
35,68
212,145
31,10
242,225
79,12
105,109
213,148
194,315
64,15
8,43
107,99
201,317
206,129
251,295
117,6
207,132
56,11
79,80
9,12
217,157
71,14
10,11
31,68
251,248
162,277
198,106
59,12
158,264
16,64
159,269
64,74
191,89
61,14
108,138
211,141
205,127
175,302
111,143
109,139
115,156
240,220
226,183
87,85
141,7
178,50
5,22
180,306
59,73
38,69
181,307
255,284
43,10
197,103
10,50
139,215
235,311
33,10
12,60
53,71
101,93
200,112
208,135
148,240
256,279
237,309
257,278
131,195
14,62
143,227
163,279
66,75
15,63
162,20
171,35
172,36
231,197
141,221
70,77
53,11
181,70
169,293
57,72
177,46
155,259
112,7
