25,82
38,124
103,134
316,42
317,43
26,94
91,132
147,150
114,31
143,36
271,19
205,180
354,155
267,19
242,161
155,33
284,23
336,67
348,99
246,157
197,27
239,164
338,73
187,29
87,132
121,138
214,23
54,27
19,39
75,130
50,27
137,144
25,91
344,88
157,153
113,136
354,146
256,19
183,29
268,19
133,142
186,168
156,33
354,140
169,31
317,143
161,33
138,37
354,127
183,168
342,83
302,140
21,68
19,44
37,122
99,134
287,23
221,184
55,27
203,178
298,29
260,150
25,92
30,27
341,153
165,31
234,170
346,93
209,180
66,128
116,138
334,65
153,35
203,25
51,126
130,39
354,135
95,134
282,21
174,31
33,119
352,116
81,29
175,30
83,132
162,33
350,107
29,108
259,19
40,124
59,127
309,140
340,78
349,101
19,53
23,75
90,29
31,27
77,29
69,128
328,56
326,146
23,31
289,140
82,130
354,158
204,25
86,29
119,33
220,185
122,140
339,75
124,37
260,19
232,172
31,115
19,58
232,21
285,140
310,39
350,158
114,138
190,27
236,168
66,29
318,44
250,155
112,31
315,142
335,67
56,27
112,136
176,29
345,89
279,142
205,178
43,27
147,35
326,54
228,21
347,95
185,168
130,142
330,61
110,136
327,55
256,151
132,39
336,69
133,38
224,179
352,120
338,71
108,31
145,35
261,148
311,142
165,32
299,140
322,144
19,41
162,156
325,145
236,167
320,45
25,89
240,162
21,35
299,29
191,27
125,140
117,31
272,20
201,177
300,30
237,166
322,47
27,95
337,150
301,31
354,144
32,27
210,182
291,25
306,35
44,27
148,35
295,140
314,142
47,126
354,138
215,184
350,102
333,150
354,125
146,35
173,162
306,140
53,27
213,182
342,81
21,66
178,164
19,46
228,174
171,160
140,146
223,182
238,166
235,20
209,25
310,142
23,76
91,29
68,128
234,168
333,65
346,91
24,82
253,19
49,126
128,39
288,140
81,130
336,150
292,25
153,33
269,146
354,133
271,144
29,112
27,96
286,140
352,118
160,154
175,163
350,105
87,29
29,106
161,155
31,116
19,55
284,140
42,124
164,158
29,27
191,170
172,162
248,19
297,140
65,27
222,182
318,43
21,31
67,29
354,153
147,149
192,27
92,132
352,160
148,150
154,33
242,162
107,136
354,156
293,140
80,130
331,61
268,146
58,126
221,23
332,62
161,156
281,142
348,96
345,155
213,184
246,158
338,74
76,130
126,140
19,60
353,121
101,134
193,173
153,152
196,174
310,37
21,62
36,122
234,21
197,175
273,21
314,40
276,143
124,140
66,27
25,86
344,85
270,145
41,27
332,65
142,37
207,25
338,152
305,33
327,146
354,151
326,52
178,29
167,158
330,59
264,147
307,140
60,128
182,166
104,134
336,71
105,135
106,31
160,33
245,19
241,19
224,181
214,184
345,156
73,130
189,170
172,31
307,35
143,146
296,28
187,168
330,148
139,146
21,71
308,36
19,43
278,21
189,27
100,29
115,31
303,140
100,134
320,47
179,29
240,164
21,33
288,24
102,31
43,124
88,132
46,27
346,94
42,27
45,126
351,158
334,66
306,33
217,23
354,136
105,136
282,22
80,29
111,31
151,151
246,19
352,113
175,29
97,134
83,131
242,19
215,186
175,164
97,29
341,81
29,111
126,39
194,174
318,144
354,123
333,148
335,150
23,80
21,64
308,35
19,48
188,170
171,162
213,23
238,164
313,39
23,78
76,29
273,144
78,130
315,41
253,154
346,89
93,134
47,27
93,29
324,50
244,159
216,186
292,27
325,51
245,158
292,140
354,131
328,146
27,98
118,33
254,153
267,146
134,37
54,126
195,174
25,29
247,19
329,147
29,104
139,37
352,110
123,140
73,29
31,118
19,57
96,134
152,152
302,32
284,142
243,160
272,19
226,177
210,23
225,21
25,83
316,41
250,156
229,174
354,160
337,152
141,146
316,142
230,173
206,180
143,37
69,29
329,57
304,140
59,128
56,126
219,23
242,160
326,51
59,27
329,148
46,126
354,154
179,164
221,21
348,98
190,170
285,23
246,156
338,72
340,81
120,138
78,29
35,120
121,139
199,26
238,19
21,60
300,140
19,36
215,23
279,21
163,156
137,145
25,84
344,87
39,124
157,154
113,137
155,152
354,149
104,31
330,57
70,130
133,143
257,19
60,27
269,19
354,143
151,152
35,27
170,31
185,29
332,148
218,186
149,150
354,126
121,140
187,170
342,82
351,109
21,69
30,112
37,123
19,45
208,25
100,31
239,19
260,149
235,19
322,49
276,144
347,156
25,93
272,144
291,140
341,154
197,176
231,172
166,31
181,29
346,92
339,152
209,181
45,124
264,19
354,134
258,19
283,142
352,115
256,152
122,35
175,31
36,27
287,140
82,29
135,37
350,106
29,109
126,37
354,121
211,23
183,166
136,144
27,28
146,148
23,82
275,21
249,156
340,77
19,50
342,85
302,31
309,141
23,72
298,140
236,19
228,176
69,129
93,132
353,160
201,25
251,154
257,150
328,55
83,29
52,126
230,21
354,129
27,100
123,35
195,27
159,33
29,102
134,144
220,184
124,36
348,101
350,109
337,71
232,171
168,160
31,112
19,59
141,37
261,19
127,140
233,170
48,27
20,60
79,29
272,21
208,180
310,38
65,128
115,138
311,39
131,142
263,148
66,28
79,130
316,43
250,154
206,25
270,146
202,25
113,31
304,33
204,178
266,146
57,27
205,179
354,152
330,60
283,23
256,150
308,140
179,166
336,68
133,39
224,178
124,35
196,27
217,186
346,156
34,120
35,122
109,31
165,33
187,28
262,19
19,38
89,132
275,144
325,146
236,166
163,158
25,90
344,89
157,152
337,151
201,178
300,29
323,144
118,31
106,136
58,27
354,147
306,34
33,27
319,144
168,31
45,27
149,35
145,148
85,132
354,141
121,33
294,27
137,37
317,142
174,162
96,29
215,185
98,134
212,182
222,21
248,156
354,124
213,183
286,23
21,67
19,47
263,19
171,161
199,176
297,29
309,37
235,21
227,176
274,144
347,158
23,77
341,152
289,25
346,90
92,29
152,35
117,138
129,39
153,34
281,21
34,27
354,132
71,130
351,160
150,35
27,97
24,29
33,118
122,33
133,144
231,21
295,27
254,154
321,144
352,117
350,104
29,107
244,160
262,148
72,29
111,136
59,126
109,136
340,79
31,117
19,52
277,142
89,29
191,171
64,128
224,21
277,21
23,74
176,164
226,178
128,142
249,19
290,25
265,146
50,126
22,31
118,138
230,174
68,29
328,57
23,30
207,180
354,159
193,27
85,29
27,102
151,35
280,142
255,152
332,61
170,160
220,186
62,27
62,128
31,114
247,156
127,142
193,174
199,25
303,33
312,142
21,63
19,35
274,21
250,19
222,184
318,45
25,87
156,152
276,142
270,144
332,64
227,21
166,158
354,150
326,55
167,159
211,182
144,148
330,58
131,39
264,146
84,132
194,27
336,70
158,154
184,29
133,37
72,130
224,180
296,140
107,31
144,35
352,121
51,27
63,27
86,132
38,27
143,147
296,27
173,31
223,21
187,169
198,176
19,40
167,160
20,35
325,144
340,152
320,46
25,88
116,31
21,34
142,146
251,19
138,146
180,29
240,163
201,176
300,31
241,162
103,31
27,94
321,47
290,140
323,49
351,159
354,145
348,95
218,23
342,154
354,139
157,33
352,112
320,144
350,103
28,102
52,27
126,38
108,136
354,122
98,29
55,126
333,149
27,27
127,39
23,81
102,134
39,27
21,65
19,49
228,175
259,150
41,124
191,172
225,178
209,24
23,79
314,39
252,154
44,124
252,19
234,169
200,25
154,152
324,49
244,158
94,29
292,26
258,150
135,144
293,27
181,166
254,19
354,130
27,99
118,32
254,152
352,119
158,33
169,160
57,126
219,186
175,162
161,154
29,105
26,29
163,33
352,109
61,128
140,37
343,85
331,148
22,72
28,27
19,54
198,27
284,141
74,29
74,130
165,158
226,176
64,27
48,126
226,21
222,183
132,142
334,150
319,45
230,172
147,148
354,157
243,19
70,29
205,25
220,23
255,19
179,165
221,22
345,154
332,63
348,97
180,166
164,33
125,37
338,75
340,80
35,121
77,130
187,27
193,172
143,148
199,27
233,21
349,158
21,61
314,41
19,37
197,174
202,178
324,144
90,132
163,157
137,146
25,85
40,27
200,176
344,86
94,134
119,138
113,138
143,35
177,29
235,168
129,142
354,148
326,53
264,148
229,21
244,19
105,31
120,33
240,19
354,142
136,37
105,134
61,27
32,118
33,120
184,168
224,182
171,31
186,29
344,154
296,29
188,27
99,29
21,70
308,37
19,42
37,124
260,148
100,30
347,157
322,48
101,31
25,94
348,158
21,32
288,25
346,95
209,182
45,125
167,31
182,29
216,23
334,67
294,140
265,19
280,21
313,142
317,144
95,29
110,31
282,142
354,137
282,23
151,150
352,114
159,154
122,34
53,126
83,130
305,140
37,27
29,110
350,101
183,167
177,164
27,29
309,142
342,84
212,23
340,76
88,29
19,51
238,165
312,39
276,21
23,73
75,29
278,142
237,19
69,130
93,133
301,140
324,51
67,128
270,19
23,29
266,19
84,29
354,128
343,154
27,101
329,146
71,29
63,128
350,108
29,103
348,100
352,111
150,150
232,170
21,72
31,113
19,56
192,172
302,33
127,141
340,75
209,23
49,27
288,23
