240,304
137,111
250,290
126,106
140,113
144,116
241,279
155,130
226,283
131,187
253,273
146,118
132,188
251,257
200,224
224,312
248,293
253,267
121,160
153,123
160,138
246,296
148,229
143,115
248,267
161,139
218,313
141,214
177,168
206,240
115,144
144,220
136,201
245,297
179,301
229,283
226,312
180,302
117,152
251,288
181,303
187,308
178,300
112,99
203,233
123,167
137,203
179,172
247,268
153,245
180,175
221,313
153,124
217,267
185,306
232,309
110,102
124,168
165,142
209,248
135,197
151,121
241,303
118,152
192,207
186,192
119,157
145,116
197,217
235,282
190,202
167,144
158,255
251,287
137,204
146,225
108,117
139,208
189,198
217,268
175,161
173,294
190,310
175,296
173,157
204,234
124,167
245,273
149,120
170,287
242,278
195,214
131,109
163,141
155,248
176,163
205,314
149,233
119,154
122,103
157,133
185,189
203,231
212,314
225,281
143,217
138,205
158,136
122,162
130,183
236,306
253,278
184,184
191,203
109,130
205,237
183,305
143,116
224,281
248,262
165,275
206,239
117,101
130,108
243,300
229,310
170,288
134,110
195,312
225,312
176,297
112,136
212,254
124,104
196,217
139,206
166,278
132,190
159,138
142,214
167,279
251,259
239,305
188,196
126,175
200,226
252,260
248,295
142,115
153,242
253,265
158,258
242,302
183,183
219,272
148,231
223,312
147,118
155,127
141,212
111,133
215,262
134,196
115,146
111,99
145,224
154,246
161,264
113,142
109,108
189,308
246,271
137,201
179,174
108,120
188,195
250,255
170,149
171,289
247,270
243,276
148,119
218,270
177,167
110,100
124,170
157,255
125,171
194,311
160,260
116,101
133,193
231,310
216,265
138,113
116,148
190,200
221,278
208,245
252,282
108,119
109,127
158,135
189,196
180,176
130,186
163,268
175,163
164,271
152,240
162,267
173,292
173,155
191,204
169,286
147,227
207,242
209,247
248,257
171,153
155,250
176,165
120,103
133,109
116,147
182,181
143,219
155,129
129,182
108,110
250,257
202,231
253,276
167,280
184,186
222,278
237,305
223,279
253,270
218,272
249,291
183,184
109,128
248,264
211,252
218,314
165,273
172,153
134,195
111,100
136,198
112,138
177,298
113,139
187,307
246,272
140,210
166,276
188,308
169,147
179,171
126,173
252,262
158,256
249,292
174,158
239,281
219,274
174,295
214,261
220,277
171,151
111,135
198,312
156,250
178,171
249,255
128,179
192,204
113,140
109,106
181,178
190,199
169,148
146,226
252,285
108,122
201,227
214,314
171,291
174,161
172,292
159,258
148,232
168,145
168,282
192,311
169,283
157,253
233,308
193,209
145,223
195,213
160,262
161,263
216,267
150,234
127,106
156,133
198,221
117,151
186,191
196,215
138,206
108,113
109,125
201,228
228,311
130,184
253,281
110,130
163,270
172,291
187,192
233,283
120,157
152,242
162,265
152,123
213,258
169,284
147,229
217,314
128,107
248,259
244,300
150,237
114,143
195,311
199,222
155,131
129,180
226,282
166,275
202,229
238,305
253,274
110,133
159,137
252,265
253,268
121,161
248,266
211,254
215,261
194,211
177,169
172,155
156,253
134,193
115,145
149,119
244,299
144,219
136,200
151,238
245,298
123,104
180,301
251,289
182,303
123,164
179,173
108,125
170,150
247,269
180,174
153,125
184,306
211,314
244,276
127,176
232,308
209,249
178,169
231,309
192,206
145,117
197,218
235,283
109,104
146,224
108,116
114,99
139,209
189,199
217,269
162,268
244,275
175,297
173,158
186,307
110,104
245,274
207,241
150,121
170,286
145,221
204,314
155,249
219,313
149,234
119,155
166,143
157,134
135,110
117,149
182,182
225,282
186,189
237,282
138,204
108,115
253,279
215,314
187,194
120,159
213,256
205,238
224,280
115,100
164,273
210,251
211,251
154,127
248,261
243,301
220,313
250,291
182,304
240,279
216,314
140,114
137,112
241,278
196,216
139,207
131,186
253,272
132,189
126,174
200,225
248,294
238,281
142,114
153,243
127,175
253,266
160,139
219,273
246,297
148,230
223,313
141,213
215,263
155,247
206,241
115,147
144,221
118,101
122,104
179,300
161,265
201,313
181,302
109,109
203,232
234,307
142,216
123,166
189,309
137,202
188,194
246,270
223,280
170,148
153,244
243,277
148,118
127,178
204,236
110,103
124,169
165,141
199,313
135,196
125,172
240,303
230,310
119,102
116,100
129,107
241,302
118,153
216,264
119,156
125,105
138,112
202,313
113,99
185,187
251,286
208,244
108,118
189,197
235,307
163,269
164,270
152,239
162,266
212,256
173,293
173,156
197,312
111,136
204,235
207,243
248,256
131,108
163,140
129,108
176,164
120,102
162,139
149,232
193,207
133,110
114,144
234,283
199,221
185,188
182,180
143,216
213,314
129,183
108,109
250,256
158,137
202,230
122,163
253,277
236,307
167,281
184,185
210,314
237,306
253,271
191,202
109,129
205,236
183,304
210,249
211,253
248,263
154,125
165,274
194,212
215,264
132,109
134,194
170,289
151,237
248,255
176,298
250,289
112,137
126,105
212,255
124,105
177,299
131,188
140,209
132,191
146,117
142,215
167,278
251,258
239,304
252,261
126,172
249,293
183,182
219,275
174,294
214,260
220,276
175,295
141,211
136,111
178,170
154,247
128,178
226,311
206,314
113,141
178,299
109,107
181,179
203,234
139,113
252,284
108,121
114,100
174,160
196,312
159,259
168,144
247,295
220,275
168,281
218,271
192,310
133,191
177,166
110,101
193,311
157,254
207,244
135,198
125,170
193,210
160,261
151,122
133,192
216,266
127,107
156,132
116,149
198,220
190,201
221,277
182,179
208,246
186,190
196,214
228,310
108,112
109,126
201,229
209,314
252,283
180,177
227,283
253,282
187,193
175,162
190,309
152,241
152,122
213,259
169,285
147,226
209,246
248,258
171,152
242,277
176,166
150,236
114,142
156,131
199,223
230,283
143,218
155,128
129,181
108,111
253,275
110,132
184,187
222,279
228,283
252,264
238,282
253,269
121,162
222,313
214,259
248,265
194,210
172,154
156,252
121,103
151,239
136,199
118,102
245,299
200,313
112,139
231,283
246,273
140,211
166,277
203,314
251,260
234,308
123,165
169,146
252,263
108,124
158,257
242,301
174,159
239,280
159,260
184,305
247,296
171,150
127,177
164,141
111,134
198,313
156,251
154,245
128,180
118,154
192,205
191,310
197,219
198,219
109,105
181,177
202,314
240,280
252,286
108,123
201,226
247,267
171,290
168,146
244,274
168,283
218,269
186,306
150,120
193,208
145,222
195,212
160,263
162,140
150,235
207,314
166,142
157,135
199,224
135,111
167,143
117,150
236,282
227,311
108,114
141,114
122,164
130,185
253,280
110,131
232,283
120,158
121,159
213,257
205,239
147,228
164,272
210,250
248,260
154,126
208,314
