456,558
271,214
462,412
323,269
404,440
410,279
372,191
237,175
318,258
351,304
447,548
231,185
337,159
425,317
406,265
429,327
478,456
474,447
482,463
446,370
472,437
431,506
376,372
388,221
476,453
295,149
329,155
408,274
488,504
238,196
460,410
409,275
470,433
461,411
355,319
321,264
407,448
279,219
364,183
252,204
265,211
231,194
256,161
407,446
389,223
383,391
232,183
394,234
391,411
233,182
370,356
400,253
257,207
416,295
381,385
428,324
490,526
337,281
359,330
389,405
488,530
241,173
484,472
460,407
455,558
361,334
413,285
247,202
446,373
316,252
325,274
398,248
433,513
480,460
397,422
361,336
422,313
419,476
313,244
273,215
442,362
267,153
349,303
392,229
399,428
239,173
265,212
437,347
393,418
438,347
452,389
345,294
369,353
324,153
396,241
414,287
378,202
409,451
384,215
354,314
387,398
406,446
410,281
247,165
414,289
421,485
443,538
428,323
307,240
457,558
454,390
365,346
291,149
483,469
229,185
354,173
377,372
326,155
385,394
488,486
380,204
358,175
429,502
379,378
374,194
417,470
357,325
395,421
439,529
415,467
367,350
436,344
268,153
318,151
396,422
372,192
441,359
253,204
458,405
370,188
413,461
418,300
439,527
486,539
468,431
287,149
466,425
283,221
260,157
375,371
373,367
353,310
405,442
409,452
433,510
377,199
403,440
462,411
478,554
236,177
317,258
401,432
424,315
478,455
371,360
434,343
277,218
488,534
380,203
488,493
327,155
374,197
440,356
275,216
488,499
363,340
408,269
437,522
404,264
292,149
320,264
257,161
334,157
430,330
309,149
279,220
450,383
411,460
420,305
464,418
227,191
255,205
390,226
330,276
322,153
391,412
301,233
438,353
233,179
305,238
308,240
323,271
410,277
447,550
490,517
444,542
351,306
482,467
474,445
319,261
361,331
472,439
329,274
388,223
398,247
248,202
488,506
426,322
428,500
402,259
425,495
417,474
320,152
454,394
245,168
407,450
430,333
490,523
486,483
333,157
344,290
243,170
306,149
345,291
390,229
440,532
396,244
233,180
400,255
353,314
422,486
290,149
426,321
486,479
428,326
480,551
389,403
453,558
405,265
344,163
488,532
490,524
273,153
319,258
484,474
412,282
482,549
353,171
387,401
361,332
255,161
342,163
311,243
460,558
325,272
276,216
336,159
269,153
235,194
355,320
358,326
341,285
419,478
435,516
480,462
442,360
267,155
349,301
360,178
392,231
403,259
399,430
361,179
404,260
239,175
261,157
415,468
480,459
293,228
393,416
345,292
487,538
317,254
282,220
252,163
396,243
375,372
378,200
372,362
414,285
253,162
343,288
449,554
446,548
445,548
443,540
247,167
333,277
403,437
421,483
343,286
349,167
400,432
432,336
365,344
476,447
445,542
261,210
354,171
371,357
377,378
343,163
326,153
385,392
488,488
380,206
422,310
259,208
352,169
429,500
452,383
242,171
386,219
387,219
357,323
379,380
413,465
439,531
363,337
436,346
404,259
419,301
456,395
448,376
458,403
420,302
418,298
466,423
302,149
250,202
411,457
373,365
353,308
405,440
254,204
442,536
478,552
317,256
298,149
489,528
424,317
484,470
478,453
473,443
444,365
464,558
371,362
406,266
434,341
484,545
277,216
338,161
348,165
356,320
282,149
291,226
426,319
490,511
488,495
271,153
315,248
355,173
461,558
440,358
488,501
356,174
408,271
437,520
454,389
311,149
470,434
435,343
355,314
321,267
414,466
430,328
450,381
420,307
231,193
464,420
257,208
366,185
390,224
394,239
393,414
400,250
305,236
416,292
432,334
240,173
410,275
490,515
359,329
482,465
262,210
474,443
319,263
406,269
285,222
412,285
247,201
260,208
311,244
324,272
472,441
476,449
398,245
347,296
397,425
358,177
426,320
309,242
460,406
402,257
281,151
313,247
416,470
417,472
425,493
448,374
454,392
321,268
488,537
227,192
299,232
486,481
470,431
312,150
383,387
346,294
391,407
353,312
486,477
384,212
387,397
432,510
350,169
359,326
344,165
376,197
303,234
338,282
414,290
307,239
443,537
453,556
382,211
229,188
342,161
465,558
433,337
257,159
307,149
334,278
377,375
489,507
235,196
335,279
435,518
488,483
348,298
313,248
429,505
490,519
349,299
295,228
392,233
415,470
367,349
439,532
350,304
404,262
293,226
438,351
452,385
297,231
466,426
258,208
317,252
468,428
278,151
383,392
490,525
352,308
303,149
478,459
405,445
343,290
409,455
423,487
449,552
227,189
445,546
443,542
403,439
421,481
263,157
416,296
365,342
289,149
401,435
261,208
314,151
371,359
377,376
484,548
488,490
347,294
481,463
422,308
352,171
310,242
304,149
386,217
379,382
440,353
357,321
488,496
289,225
363,339
228,192
300,232
367,346
427,496
437,525
487,483
448,378
456,397
334,158
458,401
297,232
436,347
430,327
285,149
259,158
335,159
486,543
468,427
251,202
466,421
238,175
368,186
411,459
373,363
409,456
369,187
441,534
269,213
468,559
228,189
300,149
315,151
444,369
462,415
243,198
410,278
447,549
279,151
237,176
351,305
401,436
490,518
444,367
242,198
434,339
482,468
484,547
479,459
323,272
338,159
235,178
348,167
381,207
407,269
426,317
490,509
477,453
314,248
315,250
375,197
388,220
431,507
488,503
476,452
408,273
460,409
470,432
425,490
471,437
355,316
321,265
407,449
332,157
439,353
459,405
450,379
364,182
243,169
365,183
407,447
383,388
345,165
394,237
391,408
374,368
393,412
233,183
400,252
416,294
267,212
381,386
490,513
272,153
337,282
389,406
476,556
488,529
231,183
254,161
364,340
482,550
361,335
446,372
339,282
472,443
388,219
476,451
433,514
347,298
362,181
397,423
422,312
309,240
419,477
239,196
281,149
313,245
384,392
298,232
399,429
431,333
321,153
452,388
296,149
369,354
391,229
396,240
414,286
275,151
474,557
423,488
467,427
384,214
387,399
410,280
382,207
414,288
376,199
443,539
233,194
381,382
421,486
476,555
477,554
382,209
229,186
354,172
443,363
377,373
326,154
385,395
488,485
435,520
422,307
429,503
379,379
417,471
357,326
295,230
395,418
367,351
399,426
266,212
438,349
452,387
370,191
413,462
330,157
245,167
486,538
458,404
468,430
466,424
396,239
469,431
375,368
353,311
405,443
409,453
451,554
393,233
445,544
433,511
251,164
365,340
339,161
480,552
401,433
424,314
478,454
371,361
434,342
284,222
385,396
399,249
488,492
386,215
374,196
431,508
440,355
488,498
437,523
427,498
456,399
486,541
249,165
450,382
251,204
420,304
464,417
368,352
441,532
301,234
402,436
438,352
462,413
243,200
323,268
410,276
447,551
490,520
490,516
351,307
383,211
241,171
231,184
411,281
434,337
482,466
478,457
474,444
490,507
328,274
485,544
446,371
472,438
328,155
329,275
315,252
388,222
465,560
398,246
488,505
408,275
418,476
460,411
402,258
373,193
417,475
449,379
355,318
438,526
245,169
430,332
486,482
279,218
462,558
265,210
292,226
412,460
243,171
468,560
390,228
383,390
394,235
391,410
233,181
400,254
306,238
257,206
381,384
450,554
428,325
480,550
250,165
337,280
389,404
488,531
241,172
490,527
486,478
319,259
484,473
412,281
483,548
482,548
361,333
342,162
339,284
329,276
283,149
325,273
398,249
433,512
362,179
235,195
480,461
435,517
341,286
419,479
239,198
430,506
273,214
442,363
417,476
349,302
360,177
392,230
415,469
399,431
393,417
262,157
464,415
345,293
369,352
317,255
390,223
331,157
396,242
366,346
331,276
378,203
379,203
244,200
253,163
343,289
409,450
423,490
488,538
342,286
333,278
443,541
421,484
323,153
288,149
319,264
343,287
367,185
479,552
365,345
490,528
445,543
357,175
385,393
488,487
380,205
402,255
429,501
386,218
374,195
379,381
357,324
395,420
413,466
415,466
439,528
436,345
454,391
372,193
424,490
458,402
284,149
420,301
370,189
413,460
330,155
418,301
439,526
259,157
359,177
466,422
463,558
283,220
375,370
373,366
353,309
405,441
326,274
451,556
280,220
341,161
475,556
470,558
317,257
481,550
417,297
392,412
351,308
424,316
484,469
444,364
474,446
434,340
484,544
277,217
338,160
235,177
335,280
426,318
490,510
351,169
488,494
431,510
315,249
440,357
434,516
285,224
488,500
356,173
408,270
437,521
470,437
404,265
427,500
442,359
257,160
355,315
430,331
241,198
450,380
467,560
420,306
464,419
277,151
382,386
366,184
227,190
245,200
255,204
390,227
421,307
394,238
229,192
301,232
378,199
305,237
393,415
336,280
400,249
416,291
323,270
312,244
432,333
490,514
447,373
265,155
482,464
232,194
380,382
444,363
319,260
406,268
285,223
412,284
361,330
446,369
472,440
476,448
488,507
347,297
397,426
358,176
426,323
460,405
402,256
470,436
425,494
417,473
448,373
320,153
362,336
454,395
486,480
305,149
425,496
451,383
373,368
345,290
312,149
281,220
394,233
274,151
396,245
474,558
353,313
486,476
384,211
428,327
389,402
350,168
359,327
344,164
453,557
303,235
273,152
471,558
266,155
488,533
412,283
484,475
387,400
490,522
382,210
229,189
301,149
311,242
465,559
286,224
480,463
258,159
308,149
341,284
435,519
429,506
442,361
423,313
458,399
267,154
295,229
349,300
360,179
392,232
404,261
455,395
239,174
310,149
293,227
438,350
452,384
317,253
453,389
230,192
378,201
401,255
405,446
253,161
325,153
246,167
449,553
445,547
475,447
247,166
333,276
403,436
251,163
421,482
432,337
365,343
419,480
261,209
388,402
234,179
371,356
377,377
488,489
347,295
380,207
236,196
422,311
246,200
352,170
363,181
386,396
386,216
374,193
357,322
320,151
234,194
289,226
363,336
367,347
395,422
413,464
427,497
437,526
439,530
448,377
426,496
420,303
456,396
248,165
370,187
418,299
486,542
458,400
259,159
251,203
264,210
283,222
368,185
411,456
373,364
366,183
468,558
441,535
269,214
444,368
462,414
243,199
256,206
263,155
297,149
316,151
427,323
478,553
463,415
237,177
484,471
458,558
478,458
322,268
444,366
347,165
406,267
434,338
484,546
287,224
235,179
348,166
441,533
490,508
315,251
440,359
488,502
356,175
408,272
367,352
460,408
470,435
272,214
273,216
425,491
244,169
293,149
355,317
321,266
430,329
364,181
231,192
464,421
255,206
390,225
383,389
394,236
327,274
391,409
441,536
393,413
346,165
400,251
416,293
408,450
432,335
485,475
486,475
490,512
488,528
350,167
359,328
420,480
303,236
319,262
237,196
247,200
339,283
294,149
472,442
476,450
230,185
317,151
340,284
319,151
280,151
290,226
362,180
309,241
397,424
239,197
313,246
281,150
425,492
436,520
448,375
294,228
436,343
288,224
454,393
472,558
369,355
312,151
383,386
395,239
391,406
474,556
423,489
469,558
276,151
268,212
332,276
384,213
387,396
447,552
414,291
376,198
270,153
381,383
443,536
476,554
307,238
488,535
488,536
387,402
482,469
382,208
459,558
229,187
296,230
264,155
377,374
397,245
349,304
433,516
249,202
488,484
335,278
429,504
385,215
378,378
274,216
349,298
395,419
263,210
367,348
399,427
404,263
438,348
452,386
370,190
297,230
330,156
369,356
394,418
413,463
240,198
371,191
398,426
468,429
466,427
375,369
405,444
423,486
340,161
409,454
451,555
445,545
452,556
403,438
251,165
263,156
273,151
390,406
421,480
415,291
365,341
416,297
313,151
401,434
424,313
454,558
302,234
445,369
371,358
488,491
278,218
360,330
422,309
486,544
466,560
431,509
440,354
357,320
488,497
289,224
363,338
399,432
427,499
437,524
270,214
304,236
490,521
448,379
456,398
334,159
465,421
286,149
418,297
457,399
486,540
410,456
368,187
411,458
373,362
473,558
464,416
299,149
433,515
269,212
448,552
