367,173
376,177
374,177
363,169
371,177
374,175
372,170
373,171
374,171
368,174
369,176
367,165
365,170
361,166
371,180
369,175
367,172
376,182
362,165
376,178
366,165
374,182
363,168
371,176
370,165
373,182
374,172
365,165
372,171
370,176
361,165
369,174
369,165
376,179
371,179
373,181
374,173
361,168
372,180
375,182
364,165
372,167
370,166
372,168
367,174
376,180
362,168
363,170
365,172
368,165
371,178
373,180
363,165
375,177
371,167
361,167
374,176
374,174
370,167
366,172
372,169
364,170
376,181
365,171
