104,441
30,396
169,227
78,408
44,147
48,86
159,354
40,421
139,299
110,359
95,283
44,356
155,363
156,192
147,328
97,278
98,412
12,281
91,304
165,239
169,228
44,138
135,93
28,185
48,77
128,213
88,440
110,366
94,57
44,355
48,427
106,36
73,437
150,275
12,272
106,439
108,343
57,60
44,129
135,90
18,305
147,47
81,343
119,187
89,311
161,351
110,369
120,16
83,337
122,425
103,249
157,192
108,319
113,215
121,426
12,271
108,334
78,56
80,439
112,24
147,52
171,202
119,176
104,247
141,388
89,312
114,272
98,54
151,32
48,345
108,310
36,317
77,407
26,186
104,405
12,262
108,325
144,193
143,326
77,360
82,337
173,219
138,79
32,395
105,240
76,439
48,336
141,67
108,301
145,384
102,408
102,45
123,424
77,353
116,268
153,369
140,12
141,293
112,22
114,435
173,212
174,215
91,58
39,321
44,327
48,343
108,292
75,437
101,259
71,396
129,112
169,201
10,213
143,14
133,100
173,205
32,409
175,212
38,372
113,437
137,319
48,334
108,291
42,356
149,21
123,422
106,402
71,389
10,220
74,369
12,196
31,184
126,254
110,276
93,292
40,176
108,231
147,379
79,349
100,441
127,415
71,386
36,416
117,192
10,199
136,198
135,317
157,261
32,407
161,194
126,225
110,287
136,85
149,39
42,163
79,346
139,394
12,289
128,238
153,333
10,206
84,329
85,325
145,59
133,95
135,314
13,196
34,414
125,138
14,295
107,233
128,12
90,412
147,280
126,232
117,432
45,126
119,428
72,377
109,225
112,272
148,377
41,321
115,198
42,170
104,42
125,417
99,273
10,201
137,12
141,322
40,363
16,303
107,238
119,16
50,66
73,374
163,244
149,41
139,79
30,313
109,288
128,252
10,240
46,89
63,435
145,53
62,434
107,231
116,20
47,427
30,401
108,382
42,323
108,397
128,243
10,251
46,96
121,161
135,400
149,276
33,315
125,149
70,437
116,19
118,267
108,373
144,326
145,328
36,380
111,215
108,388
152,192
10,226
46,107
121,170
123,154
124,260
86,439
87,319
111,437
136,318
131,101
96,412
91,300
36,379
56,431
111,220
152,269
44,158
158,359
108,387
127,417
110,28
147,18
99,269
10,237
46,114
124,259
110,346
99,410
161,248
127,135
131,407
131,106
122,261
22,309
44,149
65,56
48,80
159,356
128,216
153,192
117,191
171,225
137,81
46,117
119,175
145,17
110,349
130,208
95,285
43,356
151,31
30,397
71,437
44,140
83,411
48,87
40,422
46,124
123,161
110,356
95,282
155,362
75,403
97,277
46,350
12,282
165,238
44,139
135,92
28,186
48,78
68,436
128,214
149,192
171,223
88,441
110,367
83,331
48,428
106,37
21,188
82,58
12,273
159,194
142,14
108,336
36,415
76,361
44,130
135,85
66,435
68,435
91,441
92,297
130,10
81,342
119,186
161,350
89,310
83,336
103,248
108,312
113,214
102,48
47,346
12,264
121,425
108,335
109,343
159,344
112,25
150,192
119,179
141,387
71,379
38,320
98,55
151,35
48,346
141,73
108,311
36,318
113,207
77,406
104,406
12,263
108,326
144,194
145,287
77,359
168,200
153,367
83,439
105,441
141,299
143,59
172,204
173,218
32,396
105,247
150,330
62,56
48,337
50,429
141,66
108,302
102,409
116,269
153,368
112,23
151,192
173,211
174,212
161,353
90,441
38,370
41,174
115,435
113,435
155,335
137,309
138,198
108,293
101,258
129,119
111,276
169,200
10,210
93,441
40,368
44,424
133,99
173,204
46,426
32,410
175,215
88,412
38,373
113,436
137,318
48,335
42,357
149,20
137,399
106,403
71,388
152,332
10,221
44,423
12,197
126,255
110,277
93,291
40,177
49,72
147,378
79,348
127,414
36,417
103,44
136,199
135,316
157,260
12,252
34,388
126,230
127,252
110,284
55,62
109,231
55,431
149,38
42,160
12,290
128,239
153,332
100,48
10,207
82,410
85,324
145,58
146,328
133,94
135,309
12,251
141,14
14,292
34,415
125,137
107,232
147,283
126,233
119,431
50,72
109,224
112,273
149,47
42,171
115,201
135,12
104,43
139,73
103,408
99,272
10,246
122,12
109,439
75,363
40,364
96,281
50,67
73,373
163,247
149,40
139,78
68,56
10,241
46,94
74,402
62,435
45,425
159,251
108,383
108,398
53,64
128,244
143,194
38,417
10,248
46,97
95,289
149,275
14,196
125,148
118,264
108,374
36,381
94,289
114,22
148,279
44,160
118,187
108,389
146,285
110,26
166,237
99,263
10,227
46,104
121,169
123,157
87,318
40,321
129,413
150,373
91,303
56,432
111,223
22,307
44,159
127,416
54,64
110,29
97,56
99,268
79,439
10,234
46,115
105,40
140,391
143,65
110,347
120,427
126,12
127,134
131,406
131,109
132,101
134,202
44,150
48,81
159,359
128,217
150,37
117,190
171,224
137,80
46,122
73,56
36,180
145,16
76,406
110,354
130,209
95,284
151,30
97,275
155,261
12,284
44,141
83,410
48,72
40,423
46,125
139,301
123,160
110,357
155,365
109,30
147,330
75,402
97,276
98,410
12,283
165,237
44,132
48,79
68,437
159,341
128,215
157,340
110,364
83,330
48,429
106,34
52,429
110,223
96,441
12,274
108,337
147,192
170,227
44,131
90,58
18,303
147,49
130,11
81,341
153,269
65,435
119,181
67,435
172,223
89,309
161,349
18,190
71,381
111,26
132,202
151,37
99,441
103,251
108,313
113,213
148,330
12,265
108,328
152,369
105,439
31,396
143,61
112,26
171,204
119,178
28,312
71,378
38,321
114,270
43,323
98,52
151,34
141,72
108,304
36,319
113,206
104,407
12,256
108,327
145,286
148,192
77,358
153,366
105,440
141,298
54,62
151,369
79,409
173,217
28,311
105,246
52,64
38,376
62,57
137,307
137,198
48,338
124,421
141,65
108,303
99,52
129,125
116,270
98,273
82,439
58,60
118,18
173,210
29,184
32,388
161,352
38,371
115,434
155,334
137,308
48,329
108,294
145,383
143,289
95,56
98,441
101,257
71,398
129,118
10,211
125,12
40,369
133,98
44,425
46,427
32,411
175,214
33,182
35,182
93,297
101,441
137,398
106,400
107,34
126,258
71,56
71,391
23,309
117,197
133,405
10,218
79,57
83,58
12,198
126,252
110,282
93,290
40,178
163,195
147,381
42,166
79,351
128,233
105,404
136,200
157,259
12,253
125,143
126,231
110,285
59,58
137,303
109,230
149,37
42,161
12,291
166,198
100,49
10,204
85,323
145,57
110,437
133,93
141,13
14,293
34,412
107,235
147,282
119,430
109,223
73,371
163,241
112,274
149,46
42,168
115,200
104,44
34,382
10,247
122,13
109,438
75,362
93,412
40,365
121,262
140,194
159,253
73,372
163,246
165,198
108,400
25,311
61,433
46,95
138,395
126,137
76,56
14,194
40,174
108,376
162,247
42,321
108,399
128,245
10,249
46,102
121,167
108,30
37,417
95,288
125,147
129,411
118,265
108,375
91,297
36,382
108,390
110,27
10,224
46,105
121,168
123,156
87,313
138,12
129,412
131,103
91,302
145,327
56,433
165,241
111,222
44,152
87,321
93,58
147,20
167,233
99,271
10,235
46,112
123,149
143,64
110,344
127,129
131,409
131,108
97,281
44,151
48,82
159,358
128,218
117,189
171,227
46,123
36,181
110,355
95,287
161,247
97,274
47,329
12,285
44,142
48,73
32,184
89,441
139,300
110,362
155,364
16,192
75,405
98,411
46,348
12,276
34,316
169,233
44,133
159,340
81,339
153,267
157,339
89,307
161,347
110,365
132,204
44,350
83,333
103,253
106,35
52,430
113,211
12,275
108,338
58,433
130,409
132,405
151,269
135,87
32,182
147,48
81,340
153,268
119,180
89,308
161,348
18,191
71,380
110,372
126,222
132,203
151,36
103,250
108,314
17,192
113,212
12,266
108,329
85,412
143,60
173,223
28,313
160,353
114,271
98,53
141,71
108,305
146,18
113,205
104,408
12,257
108,320
145,285
129,123
77,357
25,186
153,365
141,297
54,63
79,408
173,216
105,245
52,65
38,180
149,330
137,306
48,339
108,296
18,192
101,263
144,59
129,124
22,188
173,209
139,321
32,389
69,437
48,330
138,196
108,295
145,382
41,362
101,256
71,393
129,117
60,433
151,273
10,208
120,262
85,439
40,370
133,97
11,198
93,296
90,305
24,309
137,397
106,401
71,390
117,196
133,404
10,219
86,412
143,16
91,412
79,56
32,403
126,253
143,385
110,283
93,289
163,194
147,380
42,362
42,167
79,350
128,234
136,399
32,315
135,318
157,258
12,254
34,386
14,291
125,142
126,228
21,307
109,229
42,174
125,421
100,50
10,205
85,322
145,56
117,268
135,311
16,299
14,298
141,12
34,413
107,234
147,285
131,10
149,375
50,70
158,255
140,196
73,370
92,58
112,275
149,45
42,169
115,203
139,75
34,383
128,248
54,431
10,244
109,437
75,365
40,366
134,93
140,195
159,252
127,125
165,197
46,92
108,32
38,319
62,433
14,195
40,175
149,377
108,377
140,73
108,392
128,246
151,331
10,230
46,103
121,166
108,31
160,251
125,146
56,60
129,410
114,20
108,391
99,265
10,225
46,110
121,175
123,159
157,255
123,12
144,289
131,102
95,441
155,265
46,328
145,326
129,12
111,217
165,240
44,153
87,320
113,272
99,270
10,232
46,113
110,345
127,128
19,190
131,408
131,111
97,280
133,202
134,200
44,144
48,83
159,353
128,219
117,188
171,226
46,120
31,315
36,182
110,352
95,286
127,137
73,399
24,186
97,273
79,353
155,263
46,346
12,286
169,231
44,143
83,412
48,74
31,403
158,340
128,210
81,345
49,429
139,303
110,363
94,58
97,441
44,352
16,193
75,404
135,200
46,349
12,277
34,317
108,340
169,232
44,134
135,89
159,343
81,338
153,266
157,338
89,306
161,346
110,370
132,205
44,351
83,332
101,410
103,252
52,431
108,316
113,210
12,268
108,339
127,12
20,188
135,86
30,184
32,183
147,51
42,423
133,12
119,183
51,66
141,391
126,223
71,383
108,315
100,410
12,267
108,330
143,325
43,423
143,63
45,350
66,56
173,222
32,392
105,243
127,220
38,178
141,70
15,299
108,306
102,46
12,258
108,321
129,122
77,356
123,260
141,296
35,317
20,305
151,371
101,255
173,215
105,244
52,66
44,324
137,305
48,340
108,297
114,205
136,12
101,262
129,115
116,197
10,214
58,58
118,431
118,16
173,208
139,320
32,390
148,47
44,323
48,331
138,197
108,288
145,381
143,291
137,395
121,14
123,421
108,439
71,392
129,116
151,272
10,209
120,263
133,96
46,425
160,194
93,295
142,65
24,310
137,396
141,194
126,256
71,385
117,195
133,403
10,216
32,404
105,239
126,226
110,280
29,313
77,439
149,26
42,164
79,345
139,393
128,235
100,52
135,313
157,257
12,255
34,387
125,141
126,229
147,279
94,441
139,196
109,228
164,196
39,178
115,197
63,56
125,420
142,194
100,51
10,202
157,361
85,321
135,310
16,300
14,299
107,237
147,284
149,374
64,56
50,71
73,369
163,243
112,276
149,44
115,202
78,439
139,391
139,74
30,314
128,249
167,199
10,245
46,90
75,364
40,367
30,402
159,255
165,196
128,240
46,93
108,33
149,279
154,265
73,402
149,376
137,320
108,378
164,241
86,321
108,393
128,247
38,420
151,330
10,231
46,100
121,165
123,153
97,412
81,58
134,401
125,145
56,61
57,433
129,409
91,299
36,376
114,21
108,384
99,264
10,238
46,111
121,174
123,158
51,429
87,315
128,125
110,343
101,48
161,251
94,412
131,105
155,264
138,320
46,329
122,262
17,303
111,216
23,188
44,154
64,435
103,441
88,313
167,235
10,233
46,118
123,151
110,350
127,131
146,53
131,110
134,201
30,398
37,376
168,233
44,145
48,84
128,220
117,187
137,85
46,121
69,56
144,385
74,437
110,353
95,281
151,27
154,365
155,361
127,136
73,398
24,187
79,352
155,262
46,347
12,287
169,230
44,136
48,75
85,58
128,211
81,344
139,302
110,360
44,353
106,38
16,194
87,439
59,433
81,439
139,12
12,278
159,193
108,341
44,135
135,88
119,264
159,342
61,58
81,337
153,265
119,185
157,337
161,345
89,305
142,293
110,371
148,20
132,206
120,14
83,335
103,255
108,317
113,209
95,412
12,269
108,332
145,289
129,111
20,189
44,126
151,271
146,192
147,50
133,11
119,182
141,390
126,220
71,382
98,56
106,40
108,308
12,260
108,331
143,324
143,62
151,373
173,221
32,393
105,242
38,179
76,437
141,69
108,307
74,56
37,180
81,410
102,410
102,47
12,259
108,322
129,121
77,355
34,182
141,295
20,306
116,433
151,370
79,410
44,325
137,304
48,341
140,299
108,298
143,293
101,261
129,114
80,410
10,215
89,412
58,59
118,17
173,207
102,255
32,391
38,374
48,332
67,56
108,289
143,290
42,358
149,23
106,404
71,395
151,275
27,186
10,222
120,264
110,278
93,294
147,377
24,311
126,257
127,413
71,384
117,194
133,402
10,217
115,20
79,58
32,405
126,227
143,387
110,281
39,370
43,160
163,196
42,360
42,165
149,25
139,392
128,236
80,58
85,327
75,369
135,312
157,256
106,239
34,384
125,140
110,288
15,194
109,227
96,56
42,172
102,441
104,40
125,419
10,203
157,360
141,324
16,301
14,296
34,411
107,236
149,373
119,427
50,68
33,388
163,242
149,43
115,205
139,77
30,315
72,56
144,16
128,250
167,198
150,26
10,242
46,91
85,329
145,55
75,367
130,206
87,412
92,412
30,403
159,254
108,380
127,127
73,377
35,382
128,241
38,418
151,332
46,98
121,163
107,400
108,34
72,398
149,278
136,309
73,401
84,58
108,379
115,270
108,394
38,421
10,228
46,101
121,164
123,152
135,399
87,317
72,437
129,210
125,144
56,62
118,268
46,327
89,58
35,415
91,298
36,377
60,58
44,156
108,385
110,30
167,237
99,267
10,239
46,108
121,173
87,314
161,250
127,133
131,405
131,104
78,353
111,219
44,155
167,234
137,83
46,119
123,150
110,351
130,210
151,29
127,130
30,399
158,192
19,305
44,146
48,85
159,355
137,84
46,126
156,336
160,344
110,358
39,421
151,26
147,329
77,56
24,188
97,279
12,280
91,305
169,229
44,137
117,18
28,184
48,76
128,212
88,439
110,361
94,56
131,206
44,354
100,263
83,329
106,39
112,215
75,406
12,279
124,12
34,315
108,342
159,192
44,128
135,91
18,304
146,381
112,437
130,12
119,184
157,336
161,344
110,368
120,15
83,334
103,254
125,258
70,56
108,318
113,208
84,439
121,427
12,270
108,333
145,288
20,190
44,127
151,270
147,53
133,10
171,203
137,79
119,177
86,58
141,389
89,313
71,377
126,221
151,33
48,344
103,247
108,309
77,408
104,404
12,261
108,324
144,192
130,111
77,361
156,261
151,372
173,220
32,394
105,241
76,438
62,58
154,334
141,68
108,300
145,385
102,44
123,425
108,323
129,120
77,354
141,294
20,307
115,433
44,326
48,342
108,299
162,194
143,292
27,311
101,260
145,192
71,397
129,113
169,202
10,212
143,15
133,101
173,206
139,322
32,408
175,213
38,375
134,12
48,333
108,290
53,431
42,359
149,22
123,423
71,394
75,56
151,274
10,223
45,327
11,251
92,441
93,293
110,279
117,431
71,387
37,319
170,202
117,193
133,401
10,198
156,361
124,149
107,439
32,406
140,322
126,224
143,386
110,286
155,336
87,58
142,387
42,361
42,162
149,24
79,347
139,395
12,288
128,237
153,334
85,326
75,368
135,315
88,58
34,385
14,294
125,139
147,281
113,22
80,345
117,433
119,429
126,417
109,226
115,199
42,173
120,175
104,41
125,418
167,200
10,200
122,14
157,359
141,323
75,361
40,362
107,239
16,302
14,297
50,69
33,411
73,375
163,245
149,42
115,204
139,76
128,251
10,243
46,88
85,328
145,54
75,366
130,207
127,233
30,400
108,381
127,126
73,376
42,322
122,161
108,396
128,242
38,419
10,250
46,99
121,162
135,401
149,277
154,192
73,400
116,18
118,266
108,372
138,303
108,395
10,229
46,106
47,88
123,155
121,171
13,291
87,316
142,324
91,301
36,378
111,221
44,157
48,88
108,386
147,19
167,236
99,266
10,236
46,109
121,172
124,258
155,192
161,249
127,132
131,107
84,412
122,260
109,372
128,413
111,218
41,423
22,308
132,10
44,148
159,357
137,82
46,116
145,18
110,348
26,311
151,28
