110,190
130,392
77,324
118,142
64,396
103,432
146,264
117,334
45,375
17,209
19,200
55,100
113,37
129,19
152,353
124,101
117,343
102,222
68,361
17,202
147,337
114,164
136,19
120,120
138,379
122,273
51,160
41,410
23,197
80,432
74,338
43,315
116,422
117,336
98,63
124,405
126,401
78,322
120,127
84,432
51,169
91,270
57,69
147,199
41,387
96,248
64,401
84,295
88,279
117,345
128,82
131,76
132,70
121,120
142,27
41,388
131,262
23,300
98,239
140,21
146,364
117,290
136,383
111,46
21,274
134,19
72,342
66,364
46,373
86,284
143,335
96,246
132,391
53,131
110,411
74,335
61,67
117,299
100,226
46,418
33,191
70,356
76,430
21,283
101,434
126,95
54,349
19,237
141,205
145,266
82,432
45,316
68,406
92,268
75,332
114,426
117,308
118,418
100,233
140,333
70,351
21,292
19,242
55,94
98,434
100,434
37,309
166,214
66,401
47,177
49,367
92,267
117,317
139,378
104,211
85,292
89,276
35,189
71,348
94,434
130,302
19,251
55,87
78,417
136,61
86,289
53,109
98,243
134,294
110,428
146,336
129,264
42,385
132,259
122,108
104,218
142,273
134,255
19,256
66,368
51,147
53,118
152,345
50,361
140,48
105,415
72,411
39,404
154,244
62,384
64,378
122,119
140,378
69,428
82,300
114,157
115,396
135,252
119,27
90,271
19,265
117,33
51,152
53,127
117,359
140,47
55,331
39,397
149,258
62,395
138,21
156,239
160,234
126,19
41,313
135,245
47,418
164,206
19,270
24,195
64,426
68,63
53,120
117,352
86,421
107,413
39,394
129,396
117,386
135,242
158,234
142,32
144,335
90,273
128,312
152,249
117,361
124,269
55,345
111,428
117,282
120,412
121,274
53,355
112,182
59,68
117,395
135,235
158,237
142,43
108,194
56,424
128,319
117,370
79,431
127,265
55,342
134,67
156,244
70,428
110,194
112,173
135,224
76,325
128,310
152,199
117,379
31,305
109,412
57,334
101,61
156,243
140,277
141,44
107,202
17,230
87,421
113,42
81,65
135,217
116,144
117,324
97,419
68,356
17,223
80,308
135,214
110,191
130,393
118,143
64,397
146,265
20,274
115,33
149,199
117,333
45,374
17,208
55,103
114,170
118,279
84,419
158,201
58,424
152,354
118,134
124,102
117,342
102,223
90,421
113,407
123,23
68,362
69,356
87,432
17,201
144,266
114,165
120,121
51,163
41,409
23,196
103,417
74,339
43,314
117,351
41,187
137,213
124,406
21,197
78,323
120,128
51,168
41,386
60,426
96,249
118,144
49,322
105,432
88,280
117,344
128,83
132,71
142,24
57,77
58,69
148,199
98,236
140,22
146,365
132,296
117,289
100,228
70,354
130,322
43,185
72,343
19,231
27,304
66,365
86,285
107,53
96,247
95,65
50,322
53,130
74,332
61,66
117,298
118,29
100,227
92,421
21,282
50,420
126,92
19,236
148,358
24,300
138,284
49,175
47,369
141,204
166,220
68,407
123,273
53,139
92,269
42,412
117,307
100,234
67,428
70,348
21,291
43,183
19,245
55,89
37,308
166,215
49,366
92,260
93,434
117,316
65,401
104,212
67,405
130,303
101,419
19,250
55,86
42,185
136,62
51,141
53,108
98,240
134,295
82,419
110,429
146,337
82,306
122,109
150,342
78,318
119,29
51,357
19,259
65,65
66,369
51,146
53,117
152,346
139,282
140,49
107,430
72,412
39,407
150,254
154,245
62,385
64,379
122,116
82,301
115,399
135,255
119,26
47,420
162,228
19,264
117,32
51,155
53,126
117,358
100,63
86,419
55,330
111,409
39,396
117,279
62,392
41,312
135,244
52,355
164,207
19,273
117,367
122,23
93,65
43,379
154,199
112,176
117,385
135,237
158,235
142,33
108,196
25,195
128,313
152,250
117,360
79,417
74,413
55,344
117,281
45,418
120,413
121,273
155,244
53,354
117,394
135,234
142,40
108,195
145,335
102,417
143,203
128,304
117,369
79,430
134,64
33,307
161,230
106,206
109,51
112,174
59,425
135,227
76,326
66,428
141,276
128,311
117,378
31,304
88,421
142,333
109,411
57,333
76,415
138,54
140,278
33,308
17,229
113,41
135,216
116,145
63,65
65,63
79,65
133,19
153,199
117,323
122,410
68,357
17,222
19,197
55,105
80,309
110,188
131,300
116,152
118,140
64,398
47,319
124,104
146,262
110,47
117,332
45,373
138,56
68,364
52,422
125,269
17,215
53,326
55,102
39,311
119,414
138,382
71,429
152,355
117,31
118,135
83,419
124,103
117,341
102,220
113,406
137,211
123,22
68,363
144,267
91,65
114,162
120,122
51,162
143,370
56,332
94,260
41,408
103,416
74,336
117,350
129,321
41,186
137,212
48,420
70,63
78,320
120,129
57,75
147,201
41,385
131,259
96,250
49,321
123,269
88,281
117,295
128,84
21,279
120,25
55,77
148,337
45,183
142,25
57,76
98,237
84,296
140,23
146,362
132,297
117,288
100,229
70,355
130,323
43,184
144,368
73,430
126,90
19,230
72,344
106,430
107,52
166,218
119,275
53,129
74,333
61,65
117,297
100,236
160,201
21,281
77,65
126,93
19,239
148,359
138,285
49,174
47,368
141,203
128,320
132,392
136,384
66,404
123,272
53,138
92,270
114,424
117,306
118,416
100,235
70,349
21,290
48,320
144,366
19,244
55,88
136,56
127,400
166,212
43,385
47,179
49,365
92,261
93,433
44,416
117,315
104,213
35,191
130,300
149,358
101,418
139,205
19,253
55,81
39,187
51,140
89,65
53,107
54,107
130,78
166,207
98,241
134,292
120,275
87,284
82,307
122,106
105,210
150,343
78,319
119,28
51,356
19,258
78,430
65,64
51,149
53,116
152,347
140,50
72,413
129,263
55,332
39,406
150,255
62,390
64,380
122,117
115,398
135,254
162,229
19,267
55,423
51,154
53,125
129,82
25,302
117,357
142,374
112,43
111,408
39,399
151,252
62,393
138,19
106,210
117,391
135,247
126,96
90,276
19,272
148,258
117,366
107,415
117,287
157,238
112,177
130,304
117,384
135,236
142,38
108,197
75,65
165,207
25,194
128,314
130,82
152,251
117,375
55,347
117,280
118,414
45,417
120,414
53,353
128,19
117,393
135,229
142,41
143,272
76,328
143,202
128,305
117,368
127,267
134,65
136,288
140,280
33,306
106,207
17,227
109,50
110,192
112,175
59,424
80,312
135,226
76,327
97,63
117,377
135,384
57,332
138,55
140,279
17,228
113,40
135,219
47,320
128,400
110,186
130,396
42,314
116,146
118,138
89,432
117,322
151,343
45,379
29,193
57,341
134,388
68,358
17,221
55,104
80,310
137,382
83,300
139,21
110,189
116,153
133,325
118,141
64,399
47,318
124,105
146,263
114,403
115,35
117,331
102,218
72,430
125,268
17,214
53,325
55,97
20,197
114,168
39,310
96,419
82,65
71,428
94,258
152,356
117,30
118,132
32,191
124,96
95,252
117,340
102,221
113,405
137,210
17,207
144,268
114,163
27,303
120,123
51,165
73,65
74,337
43,316
117,349
41,185
78,321
81,419
120,130
46,181
142,23
57,74
147,200
96,251
134,326
83,432
49,320
88,282
125,96
91,432
117,294
31,193
128,85
38,189
21,278
162,204
18,201
54,326
148,338
133,296
45,182
142,30
71,411
43,413
80,417
119,277
84,297
53,135
146,363
93,421
132,298
117,303
99,236
100,230
28,304
70,352
111,43
21,287
144,369
126,91
72,345
19,233
132,72
104,415
106,431
107,55
124,21
94,254
166,219
53,128
117,296
160,202
21,280
149,339
19,238
138,282
49,173
47,371
128,321
166,210
115,156
66,405
47,181
49,363
53,137
114,425
117,305
118,417
101,226
147,262
76,416
113,426
21,289
117,418
67,63
144,367
19,247
55,91
39,189
133,259
64,65
136,57
166,213
43,384
80,65
134,290
47,178
49,364
85,432
68,408
92,262
93,432
117,314
104,214
35,190
130,301
21,298
101,417
164,220
19,252
55,80
121,25
66,372
51,143
86,292
130,79
134,293
141,333
146,335
39,408
116,395
136,286
82,304
102,226
122,107
87,65
142,276
150,340
78,316
140,205
51,359
19,261
100,419
51,148
53,115
152,348
32,306
39,401
150,252
62,391
64,381
122,114
94,419
115,401
135,249
162,226
19,266
55,422
148,260
165,220
102,434
67,364
51,157
53,124
25,301
117,356
111,411
39,398
64,372
150,358
117,390
135,246
148,259
54,422
117,365
105,59
107,414
109,430
55,349
39,391
43,381
117,286
112,178
135,239
46,318
142,39
108,198
128,396
25,193
128,315
131,323
152,252
117,374
51,421
56,77
55,346
38,310
118,415
45,416
135,290
65,372
53,352
117,392
135,228
51,323
76,329
89,421
128,306
112,407
78,65
117,383
127,266
94,65
44,379
136,289
122,406
140,281
106,204
17,226
109,49
110,193
73,413
80,313
135,221
109,194
116,148
128,265
117,376
31,306
57,339
62,426
134,386
138,52
106,55
17,219
70,410
150,258
135,218
138,330
85,65
110,187
116,147
118,139
117,321
45,378
57,340
122,408
68,359
17,220
19,199
55,107
75,415
39,312
80,311
116,154
27,193
64,384
124,106
72,64
115,34
117,330
136,327
102,219
36,189
40,312
113,403
125,267
17,213
53,324
55,96
114,169
81,432
138,380
113,170
94,259
117,29
118,133
124,97
91,421
97,65
117,339
151,356
128,88
113,404
97,434
99,434
137,286
137,209
126,402
17,206
144,269
114,160
27,302
120,124
51,164
34,308
84,292
88,276
112,426
116,418
117,348
96,434
135,62
120,131
56,341
57,73
41,391
131,261
96,252
134,327
123,271
88,283
35,308
132,300
150,199
117,293
117,144
31,192
128,86
111,45
76,65
21,277
115,422
162,205
53,351
92,65
55,79
148,339
45,181
142,31
145,201
114,37
132,388
43,412
80,418
81,308
119,276
84,298
68,428
53,134
93,420
132,299
117,302
100,231
139,331
70,353
130,321
21,286
144,370
72,346
19,232
132,73
49,171
47,373
107,54
94,255
166,216
83,65
137,19
117,311
136,213
160,203
21,295
139,209
19,241
55,93
22,197
99,63
138,283
49,172
47,370
166,211
134,296
66,402
47,180
49,362
103,59
53,136
92,264
114,422
117,304
31,191
76,417
21,288
19,246
55,90
39,188
75,430
148,360
133,258
136,58
121,23
86,290
125,402
108,430
98,244
134,291
68,409
92,263
117,313
62,65
104,215
142,274
21,297
139,207
164,221
19,255
55,83
111,182
121,24
51,142
126,267
130,76
63,384
136,287
82,305
123,106
40,187
114,158
115,395
150,341
78,317
51,358
19,260
55,424
51,151
53,114
152,349
140,44
125,21
108,51
39,400
150,253
62,388
64,382
122,115
140,374
115,400
135,248
135,327
162,227
74,65
19,269
148,261
22,298
48,177
51,156
90,65
53,123
25,300
117,355
50,169
142,372
55,327
111,410
39,393
133,68
64,373
106,208
117,389
135,241
108,200
90,274
19,274
132,19
117,364
105,58
55,348
43,380
117,285
57,424
112,179
93,260
59,67
135,238
158,238
142,36
108,199
128,397
128,316
130,80
117,373
51,420
86,432
52,139
55,341
112,170
137,329
135,231
51,322
76,330
128,307
117,382
28,193
26,302
136,290
156,240
122,407
140,282
106,205
17,225
109,48
59,426
80,314
135,220
104,432
159,234
116,149
117,327
79,432
63,426
69,63
57,338
134,62
134,387
155,199
138,53
17,218
70,411
135,213
138,331
110,184
130,394
116,156
118,136
146,266
117,320
45,377
122,409
17,211
144,272
19,198
55,106
113,39
121,410
116,155
72,65
115,37
117,329
136,328
88,65
157,201
17,212
55,99
114,166
138,381
71,430
94,256
124,98
74,340
146,201
97,64
116,420
117,338
30,193
128,89
17,205
144,270
36,308
114,161
120,125
102,61
51,167
106,432
57,71
84,293
88,277
112,427
40,408
116,419
117,347
74,430
124,402
132,68
120,132
57,72
131,260
41,390
84,300
123,270
88,284
34,191
146,366
117,292
128,87
111,44
21,276
99,419
72,340
53,350
55,78
66,366
49,177
47,367
123,406
86,286
142,28
96,244
132,389
23,299
43,415
80,419
119,279
84,299
85,419
53,133
93,419
151,199
117,301
119,132
21,285
72,347
19,235
37,189
132,74
49,170
47,372
94,252
166,217
45,318
103,61
130,19
117,310
21,294
44,316
139,208
73,340
19,240
55,92
166,208
97,244
66,403
49,361
92,265
114,423
117,319
86,65
161,203
19,249
55,85
148,361
133,257
136,59
106,415
86,291
53,111
61,426
110,430
117,312
122,110
104,216
142,275
21,296
150,339
139,206
145,366
164,222
19,254
55,82
66,370
51,145
130,77
152,343
111,407
154,246
62,386
102,224
64,376
140,376
82,302
114,159
119,25
51,361
163,205
19,263
135,19
30,304
51,150
103,415
108,413
53,113
152,350
133,388
140,45
125,20
142,370
55,329
39,403
62,389
64,383
122,112
140,375
160,232
115,403
135,251
162,224
19,268
148,262
44,183
102,432
51,159
53,122
117,354
142,373
55,326
39,392
154,248
64,374
106,209
150,356
117,388
135,240
48,367
142,34
108,201
90,275
77,417
72,63
117,363
137,56
105,57
141,374
74,414
43,383
117,284
120,410
160,230
69,409
112,180
135,233
142,37
163,224
128,398
76,332
79,316
128,317
130,81
117,372
112,171
95,434
135,230
84,65
142,44
76,331
128,308
132,324
117,381
142,334
134,68
101,63
156,241
103,218
106,202
17,224
109,47
80,315
135,223
52,324
164,224
110,182
116,150
26,193
132,323
117,326
65,427
57,337
134,63
134,384
138,50
156,200
17,217
150,256
127,19
110,185
130,395
118,137
64,395
117,335
45,376
65,428
88,432
156,199
17,210
19,201
55,101
113,38
152,352
124,100
115,36
117,328
136,329
123,21
68,360
17,203
55,98
131,392
114,167
138,378
51,161
94,257
41,411
124,99
116,421
117,337
49,420
128,90
124,404
126,400
17,204
144,271
120,126
51,166
159,201
144,201
57,70
41,412
43,416
23,195
64,400
84,294
88,278
112,428
117,346
66,63
124,403
132,69
78,324
142,26
41,389
131,263
98,238
134,325
117,291
136,382
90,432
111,47
21,275
138,209
162,203
53,349
72,341
132,76
98,419
66,367
49,176
139,50
86,287
107,51
142,29
96,245
132,390
23,298
43,414
119,278
53,132
74,334
40,391
117,300
21,284
116,33
126,94
53,422
72,348
19,234
147,362
132,75
138,286
49,169
94,253
45,317
103,60
68,405
117,309
100,232
140,332
70,350
21,293
131,19
19,243
55,95
71,63
37,310
166,209
92,266
129,304
117,318
104,210
140,331
133,255
127,90
19,248
55,84
148,362
133,256
136,60
104,59
51,139
86,288
53,110
98,242
129,265
82,308
122,111
104,217
141,23
142,272
92,432
51,355
164,223
19,257
66,371
51,144
53,119
152,344
39,405
154,247
62,387
102,225
122,118
140,377
64,377
82,303
114,156
115,397
135,253
29,304
51,360
162,230
90,270
19,262
77,430
51,153
53,112
152,351
63,395
140,46
125,19
142,371
55,328
39,402
62,394
138,20
122,113
156,238
160,233
41,314
96,65
115,402
135,250
47,419
162,225
164,205
19,271
102,433
51,158
142,203
53,121
117,353
105,55
86,420
39,395
64,375
122,120
150,357
117,387
135,243
142,35
108,202
90,272
152,248
117,362
105,56
74,415
43,382
117,283
120,411
121,275
160,231
112,181
59,69
135,232
158,236
142,42
128,399
143,201
128,318
117,371
51,422
55,343
134,66
112,172
130,263
135,225
51,324
76,324
128,309
132,325
153,248
117,380
142,335
109,413
57,335
101,62
156,242
140,276
106,203
113,43
60,67
80,316
135,222
110,183
116,151
117,325
65,426
57,336
134,385
138,51
156,201
17,216
18,230
70,409
95,419
150,257
135,215
138,329
