68,138
31,6
103,134
48,86
67,137
77,114
101,124
7,55
13,32
5,74
14,31
24,14
46,97
16,84
58,103
26,12
76,155
73,111
103,161
28,10
87,107
23,53
72,125
11,83
26,89
76,99
54,87
76,121
16,60
104,137
78,101
60,104
14,84
98,120
59,92
77,100
8,51
17,24
78,160
93,164
6,58
18,57
5,70
104,150
51,100
16,66
67,94
56,89
72,147
42,84
46,85
27,31
32,91
78,159
21,55
68,141
27,43
69,128
25,79
40,17
21,17
82,104
5,62
11,39
18,22
77,119
7,56
5,79
104,157
20,78
42,95
83,104
47,86
21,86
25,46
8,82
26,45
27,32
15,84
70,127
39,94
88,161
28,90
5,72
14,29
34,6
56,103
25,13
55,102
103,163
91,110
22,54
14,83
29,9
61,105
10,83
25,89
75,99
28,34
75,154
100,121
31,23
63,93
16,62
104,139
53,87
31,91
81,163
87,161
104,145
88,107
96,116
100,165
102,129
92,111
98,118
30,25
86,106
19,20
61,92
9,46
84,163
81,103
36,82
95,115
43,9
76,114
9,48
6,56
65,94
5,68
104,152
82,163
36,6
16,68
17,74
56,91
37,7
72,149
80,161
53,100
39,17
65,106
28,26
72,109
73,97
41,8
70,96
12,83
62,93
42,15
69,142
74,111
103,133
89,161
43,14
17,23
5,60
67,132
77,117
33,20
38,83
12,34
5,77
40,95
104,159
15,29
96,165
19,86
24,49
27,12
26,43
77,157
103,130
37,94
28,37
100,124
90,161
42,16
74,112
102,126
7,51
32,6
86,163
36,18
16,72
66,94
39,7
85,105
93,112
97,117
29,7
71,96
59,91
72,97
100,123
71,126
74,123
16,26
75,123
8,48
26,79
104,141
18,58
104,147
51,99
79,101
46,86
18,77
69,95
43,95
48,98
74,152
23,78
40,8
68,130
9,44
74,98
75,112
10,43
43,11
52,86
44,12
38,94
79,161
97,165
49,86
91,162
5,66
6,80
70,144
104,154
55,88
16,70
102,164
30,90
22,87
104,160
73,150
57,103
19,57
84,105
29,25
30,6
80,102
34,93
50,99
71,108
103,135
28,40
37,83
41,16
44,11
77,115
67,134
101,125
7,52
13,33
5,75
14,30
71,146
31,81
24,13
46,96
39,8
44,85
24,51
55,101
20,57
28,9
28,39
75,153
22,15
33,5
23,14
17,58
64,94
95,164
78,100
33,81
89,108
102,130
57,91
64,106
23,51
19,19
24,79
39,83
8,50
17,25
13,83
104,143
5,71
104,149
54,101
16,65
17,85
58,104
102,163
30,81
67,95
7,81
41,95
38,17
90,109
27,28
21,78
78,158
60,92
66,107
73,124
35,82
68,140
31,24
94,113
20,19
9,82
69,129
27,40
21,18
103,136
10,41
99,120
32,22
5,63
11,36
44,14
77,120
67,131
6,60
34,20
5,64
104,156
52,100
19,85
20,77
21,87
32,81
27,11
25,47
8,81
26,44
68,139
27,33
22,16
90,162
67,136
94,164
7,54
28,89
5,73
56,102
35,20
16,85
25,48
73,110
103,160
28,11
34,82
91,111
70,95
10,82
23,52
72,126
28,33
75,155
74,124
39,84
28,80
11,40
76,122
16,61
70,128
104,138
104,144
41,84
92,112
62,105
100,164
60,105
23,87
102,128
96,115
30,24
45,96
19,21
9,47
77,99
10,44
85,163
76,113
6,59
5,69
104,151
16,67
17,75
56,90
72,148
42,85
53,101
27,30
13,31
65,107
32,92
73,98
41,9
62,92
27,42
24,88
69,143
21,16
43,15
5,61
11,38
67,133
18,23
33,21
77,118
29,80
54,88
5,78
40,94
104,158
17,76
71,145
58,91
24,48
25,45
35,93
77,158
42,9
103,131
28,36
67,138
27,89
32,5
6,79
15,27
86,162
20,86
25,12
85,106
33,92
18,85
68,95
23,88
21,56
103,162
93,113
22,55
97,118
29,8
25,88
75,98
72,96
28,35
49,98
100,122
31,22
71,127
16,25
16,63
104,140
53,86
81,162
104,146
88,108
99,165
38,18
96,117
18,76
90,110
28,28
48,97
98,119
68,108
23,79
86,107
94,114
68,129
9,45
75,113
81,102
36,83
10,42
95,114
6,57
12,36
83,163
98,165
91,163
5,67
104,153
55,89
92,164
16,69
17,73
37,6
80,162
73,151
28,27
43,85
84,104
29,26
68,107
72,110
80,101
34,92
50,98
71,109
69,141
103,132
82,103
41,17
67,135
18,21
77,116
26,80
12,35
101,126
7,53
13,34
50,86
5,76
92,163
15,28
71,147
35,19
24,50
20,56
69,108
77,156
74,151
37,93
28,38
69,144
102,127
23,15
34,5
17,59
64,93
101,164
38,7
36,19
16,73
95,165
37,18
33,82
89,109
62,106
63,106
22,53
27,80
16,27
75,122
51,86
8,49
29,90
104,142
17,60
87,162
47,97
104,148
40,84
16,64
30,80
19,77
27,29
44,96
74,153
73,125
68,131
20,18
70,108
27,41
103,137
36,93
10,40
43,10
99,121
32,21
11,37
44,13
77,121
79,160
35,6
5,65
6,81
70,145
104,155
16,71
30,91
73,149
67,107
22,78
44,95
59,104
76,156
30,7
45,85
