76,21
30,160
58,41
19,143
60,39
49,78
31,74
19,117
70,19
26,120
61,38
28,118
40,104
36,159
42,98
35,65
21,158
51,34
47,40
31,162
19,148
27,93
57,29
19,122
71,19
21,112
61,25
24,158
26,142
25,159
32,110
46,82
72,21
24,132
30,113
36,108
34,108
28,154
29,155
19,157
48,68
53,33
20,158
54,46
50,70
19,131
20,115
35,61
59,40
43,45
39,57
82,26
46,85
24,139
78,22
33,67
46,63
79,23
74,30
34,65
56,46
34,162
19,136
29,81
38,164
48,81
80,23
29,75
24,99
26,144
21,108
39,54
42,95
23,106
37,108
44,89
33,68
79,28
30,156
39,106
52,50
19,145
19,119
32,157
59,28
48,39
68,33
43,49
49,38
40,106
23,99
42,96
25,160
19,150
48,79
64,34
49,69
50,77
19,124
30,75
80,27
61,23
81,26
50,54
24,134
74,21
46,58
38,108
19,133
38,163
35,63
62,37
43,47
41,51
36,161
37,61
37,164
71,32
45,45
82,24
72,30
24,141
44,92
33,65
46,61
30,155
45,88
58,42
19,138
32,162
24,127
41,52
31,73
26,125
49,35
48,56
40,101
23,100
44,91
51,33
22,158
31,161
35,162
56,29
19,147
27,88
19,121
32,159
25,98
49,36
21,115
50,35
24,129
30,114
54,31
27,160
65,21
55,30
25,95
38,107
52,33
19,152
48,65
64,36
50,75
19,126
36,164
70,32
48,54
38,57
50,52
46,86
24,136
28,150
76,29
56,43
27,86
57,42
19,135
29,84
38,161
41,49
37,59
29,78
45,43
26,149
21,111
39,53
62,23
23,105
63,22
44,94
41,100
33,71
51,52
47,58
58,40
19,140
60,38
31,75
26,123
59,27
42,49
28,117
32,112
48,58
40,103
47,82
23,102
26,160
51,35
47,41
35,164
19,149
27,90
25,126
58,29
50,78
19,123
25,96
60,27
69,32
21,113
61,26
47,65
72,20
24,131
30,112
28,153
25,93
19,154
48,67
67,19
50,73
19,128
62,38
36,61
23,158
31,71
26,119
44,45
46,84
24,138
46,62
56,45
19,137
29,82
48,80
68,19
34,159
37,57
29,76
26,126
81,23
45,41
26,147
21,109
39,55
42,94
23,107
31,112
44,88
33,69
46,65
75,21
52,49
19,142
19,116
26,121
59,29
68,32
49,39
40,105
42,99
64,21
35,64
55,29
19,151
48,78
27,92
50,76
19,125
80,26
61,24
26,143
25,158
32,111
46,83
24,133
34,109
28,155
19,156
48,69
53,32
27,85
54,47
50,71
19,130
38,162
55,46
66,34
62,36
36,160
39,56
24,140
63,21
78,23
33,66
46,60
75,30
52,52
77,28
47,39
19,139
29,80
48,82
24,126
41,53
26,124
26,145
21,107
22,107
40,100
23,101
44,90
30,157
52,51
46,41
77,21
35,163
19,144
26,93
27,89
29,160
19,118
32,158
68,34
25,99
33,159
43,48
49,37
27,149
42,97
24,128
55,31
38,106
54,48
19,153
64,35
50,74
65,34
19,127
80,28
26,141
24,135
30,116
73,21
32,71
28,149
46,59
76,28
56,42
19,158
27,87
50,69
19,132
29,85
35,62
43,46
41,50
37,60
29,79
45,44
26,148
82,25
33,110
46,88
72,31
73,30
63,23
78,21
44,93
31,157
19,141
28,160
33,162
67,34
31,72
19,115
26,122
72,32
28,116
48,57
40,102
23,103
78,28
42,100
65,19
53,48
31,160
19,146
27,91
19,120
28,85
25,97
21,114
61,27
72,19
53,31
24,130
30,115
34,110
65,20
28,152
25,94
66,19
19,155
48,66
50,72
19,129
27,118
63,36
29,116
26,118
48,55
49,54
50,53
46,87
24,137
43,94
28,151
76,30
56,44
19,134
29,83
40,53
69,19
60,40
35,159
37,58
29,77
37,161
45,42
26,146
21,110
82,23
35,108
23,104
25,141
33,70
46,64
52,48
