200,302
184,232
113,189
59,173
192,241
200,308
143,264
60,174
173,221
188,236
200,282
120,191
91,186
198,264
73,180
138,208
155,222
107,185
151,295
183,298
85,177
200,315
158,210
159,224
180,302
162,241
143,273
79,182
178,227
146,259
188,235
54,172
182,300
91,179
176,225
198,259
153,296
76,180
103,192
49,170
104,181
166,217
135,197
161,230
170,219
168,217
170,318
200,290
156,304
109,196
163,234
155,301
83,184
127,205
54,167
159,247
147,259
172,221
163,240
111,197
92,179
139,208
61,169
45,166
80,175
154,208
151,255
193,301
200,297
112,187
194,246
187,322
176,306
68,171
200,271
121,202
143,269
116,191
126,194
200,277
152,207
72,180
164,215
174,308
101,190
112,198
82,182
95,179
107,194
151,296
166,320
182,229
145,280
159,312
56,172
191,294
200,310
192,243
143,266
97,179
188,238
200,284
182,299
41,166
197,255
152,296
132,196
82,177
150,292
99,189
100,190
147,213
148,205
135,206
161,227
155,304
188,322
200,317
159,226
122,202
165,320
143,275
178,225
146,202
187,310
126,204
139,199
48,165
98,179
198,257
189,308
63,176
62,171
153,251
132,195
61,174
124,204
49,168
167,320
176,223
186,311
193,304
183,317
161,228
47,168
159,308
193,298
168,219
170,316
85,184
200,292
193,245
147,287
123,193
109,194
163,236
143,280
174,222
157,307
155,303
191,306
200,266
122,191
153,218
143,262
143,210
139,210
200,272
188,294
153,252
76,173
157,222
171,316
185,313
101,179
119,201
149,291
50,166
145,259
157,248
183,314
130,206
144,280
155,250
105,193
56,167
108,186
200,299
112,189
109,187
110,187
176,308
200,305
151,205
143,271
73,173
200,279
162,213
41,163
69,178
91,185
125,204
67,176
172,310
145,260
155,221
102,179
184,297
161,313
145,286
161,232
181,229
84,177
200,312
192,245
150,216
122,193
143,276
63,175
44,165
140,210
200,286
171,219
41,164
163,314
146,286
42,163
96,188
199,265
190,294
153,299
82,175
74,173
95,186
141,210
46,168
84,184
65,176
89,179
160,211
200,319
64,171
123,202
163,233
53,171
83,183
189,239
118,191
120,202
149,205
162,314
198,263
115,198
138,199
62,169
96,179
153,300
163,213
114,198
190,307
77,181
148,214
200,320
52,167
159,310
193,296
198,322
180,229
200,294
90,179
151,216
163,238
194,251
195,251
154,300
157,305
187,321
193,322
200,268
88,177
149,214
200,274
87,184
142,200
196,253
184,318
76,175
185,319
175,308
149,289
172,313
154,220
71,179
161,243
75,180
99,179
182,230
145,283
147,203
134,206
56,169
161,213
190,239
200,301
184,231
175,223
190,241
88,184
78,175
200,307
143,265
53,167
146,212
200,281
87,177
121,191
42,166
66,171
67,178
185,320
70,173
106,183
161,244
75,173
151,292
145,201
100,179
145,284
196,324
64,176
200,314
149,216
78,182
159,225
108,194
143,278
180,301
178,226
178,303
187,309
158,247
152,218
176,224
198,258
163,316
94,179
153,297
131,206
165,318
156,222
104,180
186,296
166,216
161,231
192,296
150,255
185,233
160,213
200,289
123,204
163,235
191,305
172,220
163,241
143,261
198,261
115,200
138,197
94,186
139,209
86,184
186,320
142,199
106,185
184,313
45,167
172,316
183,313
71,180
197,324
129,195
200,322
149,256
144,201
155,249
193,302
200,296
151,218
194,249
176,305
200,270
88,179
72,173
172,219
69,171
116,190
200,276
152,206
117,191
164,214
196,255
49,165
101,191
172,315
71,173
161,241
186,235
145,281
200,303
184,233
90,184
191,295
59,172
192,242
200,309
143,267
189,322
97,188
188,237
200,283
182,298
198,265
191,241
82,176
106,181
155,209
151,294
185,296
154,207
148,204
135,207
46,165
179,227
200,316
158,211
136,208
143,272
192,322
43,166
195,324
63,171
169,320
187,311
162,232
198,256
163,318
189,309
125,193
62,170
49,169
193,305
148,203
157,224
161,229
144,212
159,309
193,299
168,218
170,319
200,291
109,195
163,237
191,307
157,308
190,322
155,300
57,172
127,204
200,265
159,246
153,219
147,258
143,263
101,192
111,196
143,211
128,195
153,253
157,223
45,165
149,292
141,199
154,209
157,249
183,315
151,254
154,251
155,251
193,300
105,194
89,184
108,185
200,298
112,188
194,247
55,172
170,320
176,307
59,169
200,304
153,220
143,268
126,195
68,178
86,177
48,168
200,278
67,171
124,193
174,309
67,177
145,261
184,296
161,314
145,212
186,233
52,170
135,208
47,165
136,197
59,174
192,244
200,311
122,192
143,277
60,169
43,163
102,192
178,304
188,239
44,164
200,285
153,207
41,165
165,215
163,315
157,209
152,253
132,197
95,187
99,188
118,200
130,195
147,212
156,249
134,197
106,194
161,226
199,322
104,192
179,302
200,318
158,209
123,203
143,274
53,172
65,171
146,203
57,169
44,163
181,300
119,191
198,262
143,212
115,199
128,206
138,198
198,255
189,307
188,296
185,311
77,182
70,178
183,316
105,181
129,206
114,189
159,311
193,297
170,317
180,228
200,293
147,286
151,217
194,250
163,239
193,323
174,223
157,306
155,302
127,206
140,199
149,215
200,267
58,169
111,198
187,235
200,273
188,295
189,294
196,252
156,209
76,174
185,312
77,175
119,200
149,290
172,312
50,167
157,247
166,215
116,200
51,170
198,324
105,192
56,168
169,219
108,187
180,227
200,300
159,211
194,245
193,324
148,288
190,240
200,306
143,270
177,304
93,186
79,175
183,231
66,176
126,193
200,280
98,188
91,184
142,210
196,251
81,182
70,172
172,311
106,182
155,220
184,298
95,188
161,245
161,312
151,293
173,310
145,285
149,255
55,167
200,313
180,300
143,279
93,179
63,174
83,177
178,302
44,166
200,287
188,309
143,201
163,317
92,186
137,197
187,296
164,318
81,175
153,298
165,319
113,198
99,190
117,200
192,305
80,182
104,179
74,180
147,214
191,322
191,296
133,197
115,189
160,212
168,320
200,288
163,232
53,170
83,182
146,201
127,195
159,245
147,257
58,172
194,324
111,187
198,260
62,174
132,206
106,184
137,208
45,168
77,180
50,170
183,318
160,245
200,321
51,167
110,196
151,253
149,257
158,308
193,303
133,206
103,179
198,323
200,295
147,288
194,248
174,221
157,304
187,320
176,304
200,269
88,178
150,205
158,224
148,257
177,225
116,189
200,275
152,205
164,213
142,201
196,254
174,310
144,261
131,195
119,202
149,288
70,171
172,314
50,165
160,312
185,318
71,178
167,217
161,242
182,231
186,234
145,282
160,226
