98,102
47,35
54,58
34,52
100,112
65,50
70,121
30,51
42,62
14,31
104,130
89,94
117,92
105,131
63,48
70,53
24,14
74,56
55,78
103,80
88,98
104,168
25,15
105,165
112,88
93,90
74,139
25,49
15,34
120,113
19,39
53,62
69,116
40,29
122,107
54,61
99,103
31,21
42,31
116,131
99,77
85,155
22,12
31,51
88,166
35,52
117,130
93,171
101,79
67,51
105,132
72,134
44,55
68,52
92,89
80,146
90,121
25,16
67,89
102,169
50,56
101,140
81,62
121,110
26,49
83,64
68,97
118,127
16,7
79,145
120,94
37,68
99,108
22,45
38,64
103,146
98,76
106,156
71,131
68,51
101,171
72,54
104,150
66,84
73,55
95,172
96,172
11,26
113,88
108,132
105,151
12,29
118,92
75,57
96,130
95,74
86,117
84,109
5,10
68,104
47,62
115,132
46,33
79,61
58,44
97,95
33,22
62,46
49,75
41,54
63,47
115,91
106,161
88,119
73,56
105,152
105,162
87,118
43,73
119,117
57,78
69,111
86,102
107,83
61,80
98,100
83,63
6,18
100,114
70,127
40,62
51,76
8,7
49,76
31,52
9,6
89,92
45,33
10,5
50,37
41,72
15,6
49,56
85,107
111,133
68,94
51,62
102,142
58,79
120,115
19,41
52,57
87,101
68,100
118,122
69,114
122,105
87,67
52,39
99,105
41,30
100,121
90,170
18,8
52,77
17,37
85,153
88,168
107,132
94,172
117,128
70,129
43,54
8,20
71,132
72,136
91,171
87,161
67,91
86,158
98,135
87,159
102,129
99,136
5,15
20,41
68,99
118,125
21,44
37,66
99,110
56,41
97,98
38,70
100,78
55,41
60,45
34,24
42,72
92,171
94,72
91,70
92,72
99,171
47,75
27,17
96,132
13,30
84,111
91,124
68,106
100,138
121,95
93,126
85,65
100,111
53,40
64,48
100,117
70,122
101,127
38,53
10,24
70,54
92,71
100,171
76,59
24,49
92,125
29,20
119,119
69,109
15,33
74,140
95,91
121,96
94,127
98,98
104,81
96,94
69,119
6,16
122,108
54,62
87,68
103,130
17,8
100,124
94,129
70,125
16,35
94,171
82,149
102,80
49,36
35,25
14,5
89,68
90,122
102,170
49,62
85,105
45,74
120,117
26,50
78,145
53,58
68,102
51,38
69,112
30,20
84,65
99,107
7,18
22,46
106,82
20,10
96,75
62,81
100,123
23,47
21,11
103,145
90,91
54,77
97,172
8,22
71,134
98,171
9,23
87,163
90,69
73,139
36,25
69,53
104,147
49,55
67,93
86,156
97,134
11,25
44,73
85,114
76,142
114,89
95,73
99,138
77,143
5,13
20,43
59,80
123,100
115,131
37,64
86,104
97,96
46,34
57,42
113,133
86,66
59,44
95,130
61,46
42,54
106,162
39,53
105,155
89,120
109,133
87,117
110,87
119,120
102,144
103,169
95,92
78,60
5,16
29,51
59,79
122,99
39,71
100,119
70,120
101,125
81,147
110,133
14,30
48,36
89,95
10,6
104,167
103,81
45,62
88,97
105,166
28,19
84,112
94,91
46,74
60,80
69,107
52,62
69,117
40,28
123,104
54,60
19,10
122,106
89,168
109,85
42,30
84,153
43,31
116,130
88,165
81,148
35,53
18,39
23,14
40,72
83,150
44,54
87,164
45,55
67,86
86,155
80,62
98,136
101,141
81,63
121,111
46,55
68,96
118,126
16,6
6,9
37,69
17,7
99,109
103,147
54,41
90,89
106,159
11,5
38,63
73,137
104,149
97,132
37,26
11,27
26,17
113,89
85,112
12,28
86,116
121,112
84,108
91,123
5,11
46,62
27,50
123,102
78,59
108,85
32,22
33,23
40,54
65,82
106,160
88,118
105,153
12,27
105,163
89,96
57,79
98,103
61,81
47,34
122,97
54,59
103,129
100,113
65,49
70,126
8,6
97,75
89,93
104,131
82,150
43,62
117,91
24,15
14,6
74,57
88,99
105,164
93,89
85,108
50,62
68,93
120,114
52,56
114,132
51,37
69,115
122,104
52,38
100,120
53,39
52,76
85,154
50,76
22,13
97,76
63,82
117,129
18,37
88,167
70,128
90,92
88,68
101,78
54,78
67,50
71,133
37,53
72,135
98,172
80,147
90,70
67,88
98,134
102,128
114,90
86,115
121,109
87,99
99,137
105,82
68,98
118,124
21,45
120,95
37,67
99,111
112,133
111,87
100,77
98,77
106,157
102,79
71,130
95,129
101,170
72,55
66,85
105,150
13,5
112,87
108,133
91,71
118,93
96,131
84,110
68,105
93,127
85,66
7,7
79,60
122,100
100,116
84,151
62,47
106,132
115,90
88,120
119,94
76,58
24,48
92,124
77,59
51,56
69,110
86,103
121,97
75,142
98,101
96,93
33,52
19,9
94,128
100,115
70,124
16,34
40,63
41,62
23,13
53,77
45,32
82,148
49,37
48,62
89,69
67,85
56,78
85,106
101,128
38,27
68,95
102,143
120,116
19,40
87,100
78,144
68,101
118,123
69,113
6,10
84,64
99,104
7,19
31,22
41,29
70,119
96,74
18,9
100,122
21,12
17,36
90,90
8,21
64,82
72,137
91,170
97,133
87,160
10,23
67,90
86,159
85,115
39,27
77,144
5,14
20,42
100,140
79,146
21,43
123,101
37,65
7,8
56,42
97,97
57,43
38,71
59,45
106,155
60,46
42,73
66,83
94,73
91,89
89,121
47,74
75,58
117,127
13,29
68,107
110,86
119,121
100,139
95,93
32,52
122,98
64,49
58,43
100,118
70,123
101,126
44,32
48,35
10,25
44,62
104,166
71,54
88,96
28,18
94,90
92,126
29,19
119,118
69,108
15,32
74,141
86,101
107,84
104,82
98,99
96,95
69,118
6,17
122,109
89,169
7,20
109,86
48,75
100,125
16,36
66,50
84,152
63,81
18,38
40,71
36,53
83,151
35,24
87,165
90,123
67,87
80,61
85,104
101,142
39,28
82,63
53,57
118,121
68,103
23,48
6,8
30,21
47,55
99,106
22,47
106,83
20,11
90,169
103,144
54,40
106,158
71,129
9,22
48,55
87,162
12,5
36,26
69,52
73,138
67,92
39,63
86,157
37,27
104,148
26,16
44,74
85,113
76,143
121,113
93,72
5,12
27,51
123,103
38,69
113,132
86,67
108,84
40,53
34,23
43,32
65,83
116,91
105,154
27,18
119,93
14,32
103,168
28,51
75,141
