143,183
164,232
39,70
168,235
170,243
140,113
142,174
44,34
227,258
48,37
174,176
41,74
137,164
200,335
203,167
116,118
208,170
207,226
45,78
155,280
180,256
143,188
40,29
21,37
124,101
202,305
170,141
191,273
195,159
178,253
179,172
116,125
207,235
209,248
190,273
233,191
141,169
145,219
118,152
33,59
183,334
196,286
37,63
112,112
203,196
42,74
70,57
184,151
207,240
155,278
145,220
184,262
33,60
129,158
167,137
61,49
81,133
153,272
108,108
113,127
175,174
108,131
111,150
117,123
138,166
145,213
110,90
168,199
188,154
63,96
29,48
202,298
66,55
113,112
221,260
142,115
189,172
230,246
90,102
145,206
104,86
109,108
102,85
204,330
173,299
175,301
234,228
145,199
95,79
190,156
19,20
37,66
98,80
138,113
51,90
108,89
85,140
162,218
55,94
204,321
207,212
219,260
147,227
224,260
170,192
19,29
133,109
100,144
172,184
122,101
103,133
86,71
178,147
17,23
162,213
164,209
207,221
50,40
147,232
166,201
43,75
19,34
202,334
118,97
172,183
232,233
31,54
40,70
207,218
147,241
177,172
149,249
30,20
112,129
59,49
233,230
36,25
147,246
114,127
98,133
26,19
202,167
149,258
61,96
27,48
179,310
200,294
182,257
101,106
180,148
91,140
164,206
43,33
192,159
211,173
193,176
121,152
213,258
195,180
198,163
76,62
125,156
82,100
157,129
180,147
91,133
143,195
236,218
238,199
47,82
218,179
62,96
154,276
199,185
186,267
136,113
235,193
238,206
171,243
123,154
201,194
232,189
111,111
204,200
237,214
146,224
238,209
192,275
181,324
102,133
204,314
187,153
116,97
205,207
53,43
210,173
191,157
33,23
53,92
174,174
202,194
148,122
152,125
137,162
204,305
169,292
205,200
207,228
121,99
143,182
164,233
168,236
170,240
140,114
144,117
44,35
48,38
174,177
41,73
59,96
208,171
207,237
82,67
45,77
180,257
143,191
40,30
21,36
124,102
81,138
185,335
161,131
38,28
111,131
187,172
207,234
141,168
145,218
33,58
183,329
196,287
164,288
37,62
203,199
185,336
60,96
210,254
145,211
184,263
129,157
176,144
62,49
74,60
117,122
89,102
145,212
110,91
168,200
188,155
202,299
181,170
186,336
135,162
228,256
102,83
139,167
230,247
145,205
109,148
170,296
104,87
97,104
203,305
180,170
206,212
173,298
175,300
234,229
145,198
57,95
190,157
83,69
200,188
19,23
37,65
98,81
49,87
85,139
162,219
186,152
204,322
207,215
194,277
214,175
57,96
147,226
96,133
170,193
196,160
160,284
200,163
19,28
98,104
172,185
52,92
146,120
164,210
207,220
50,41
147,235
166,206
43,74
101,133
29,19
149,255
134,109
87,71
23,17
232,234
186,170
99,81
234,222
147,240
58,96
149,248
30,21
229,187
214,176
36,26
115,118
79,100
149,257
179,313
52,41
200,295
201,191
23,39
81,100
189,336
101,105
176,304
32,21
180,149
164,207
68,56
159,131
72,59
234,192
143,197
236,220
115,127
47,84
213,257
76,63
149,266
125,155
222,181
64,51
143,194
236,219
166,234
95,144
217,258
175,249
89,133
199,184
186,264
84,69
211,256
31,21
107,108
238,207
201,193
232,190
111,110
96,104
204,316
226,186
164,228
113,129
195,336
36,62
238,214
192,276
181,323
175,143
204,315
205,206
70,98
180,316
164,227
57,47
177,307
95,143
79,65
174,175
94,77
41,71
148,123
86,140
204,306
132,108
25,46
207,231
143,177
166,135
168,237
170,241
116,152
140,115
177,308
144,118
173,245
48,39
203,200
41,72
132,107
207,236
45,76
141,174
143,190
145,224
75,99
40,31
21,35
187,336
124,103
170,139
81,137
178,251
185,334
172,298
201,334
183,170
38,29
111,130
117,119
209,254
145,217
33,57
54,44
183,328
103,106
34,24
203,198
133,159
139,168
207,242
209,247
230,250
145,210
80,100
188,336
151,267
191,176
104,106
181,319
129,156
176,145
74,61
117,121
145,203
130,106
196,180
198,336
66,53
228,257
139,166
35,25
180,172
186,151
134,160
230,244
145,204
39,29
114,94
99,133
190,155
181,257
131,158
176,143
17,27
136,162
67,55
158,130
180,171
204,324
175,303
234,226
57,94
149,123
150,123
101,146
191,175
105,87
199,336
19,22
37,64
51,92
34,60
17,28
179,147
130,158
228,250
49,86
85,138
141,115
162,216
182,170
165,290
164,212
186,153
204,323
207,214
217,179
75,61
147,229
69,98
196,161
200,164
19,31
27,47
172,186
122,99
86,69
178,145
146,121
164,211
97,144
207,223
147,234
202,332
149,254
30,19
197,183
232,235
107,131
183,149
234,223
147,243
78,100
44,76
149,263
23,41
122,154
194,178
214,177
198,287
36,27
147,248
26,17
202,165
220,260
149,256
191,336
174,248
196,336
179,312
52,42
200,296
56,45
201,190
20,19
186,263
23,38
101,104
32,22
91,142
68,57
234,193
90,74
143,196
236,221
115,126
213,256
198,161
143,117
149,265
125,154
162,132
161,286
111,91
64,52
113,150
238,197
148,248
166,235
171,297
178,172
197,336
199,187
186,265
106,87
194,159
230,188
238,204
78,64
199,291
201,192
232,191
204,317
205,212
150,266
226,187
127,105
164,229
113,128
172,244
192,277
181,322
204,308
205,205
210,171
177,306
236,193
95,142
172,243
41,70
204,307
132,109
25,45
207,230
143,176
182,149
39,67
168,238
144,119
104,133
24,17
91,75
38,27
207,239
136,111
141,173
143,185
75,98
21,34
99,104
81,136
105,147
117,118
209,253
145,216
129,105
151,269
33,56
125,103
54,45
183,331
84,138
196,281
34,25
133,158
105,148
209,246
85,102
145,209
78,63
151,266
100,104
171,190
46,36
29,52
181,318
202,302
117,120
211,255
230,242
145,202
110,89
165,135
130,107
202,297
30,52
228,258
232,240
230,245
114,95
115,151
188,172
156,280
51,41
72,98
17,26
55,45
225,258
228,252
158,131
162,222
163,212
204,325
97,133
194,280
175,302
234,227
170,196
101,145
191,174
22,38
172,188
119,152
228,251
49,85
107,148
162,217
110,131
165,289
71,59
147,228
80,65
154,126
173,178
124,154
200,165
19,30
27,46
172,187
112,150
76,100
207,222
50,39
198,290
147,237
166,204
188,268
43,76
213,175
195,281
202,333
149,253
172,178
197,182
204,168
42,31
23,19
232,236
89,73
147,242
183,261
115,115
188,267
126,156
93,77
149,262
174,246
176,172
181,149
77,100
204,167
23,40
31,56
35,61
162,226
110,148
174,142
196,159
174,249
179,315
52,43
197,184
200,297
56,46
201,189
182,260
32,23
234,191
100,81
90,75
236,222
103,85
149,264
86,102
197,161
162,133
161,285
200,336
167,291
64,53
126,104
165,206
169,139
238,202
171,296
159,283
189,271
199,186
20,34
216,258
230,189
216,177
238,205
168,137
78,65
176,249
160,131
172,141
67,97
89,140
204,318
205,211
151,123
164,230
152,272
238,212
172,245
215,177
181,321
92,102
204,309
205,204
25,43
28,48
39,69
177,305
236,194
69,57
182,328
214,258
164,133
25,44
207,225
143,179
39,66
168,239
237,197
84,133
178,254
86,133
207,238
209,251
141,172
143,184
145,119
54,43
183,333
88,71
203,195
105,146
70,58
209,252
155,277
145,223
99,144
151,268
177,145
183,330
153,275
196,282
193,277
111,149
209,245
229,250
85,101
230,248
87,140
145,208
168,196
26,46
46,37
29,51
181,317
202,303
153,276
106,131
178,308
74,59
28,19
211,254
212,173
230,243
87,133
145,201
105,133
25,17
215,258
115,150
169,196
19,19
93,104
94,142
51,89
17,25
208,242
82,138
228,253
162,223
204,326
120,152
192,176
194,281
234,224
219,259
151,272
101,144
166,290
172,189
47,37
82,133
49,84
162,214
165,288
158,282
109,131
147,231
166,202
80,66
154,127
19,33
172,180
190,336
232,230
31,53
146,119
207,217
63,51
198,291
163,287
147,236
166,205
188,269
202,330
149,252
172,179
197,181
204,169
132,158
23,18
232,237
147,245
115,114
170,190
223,183
149,261
157,282
174,247
176,173
179,309
200,291
182,258
96,79
209,171
35,60
18,28
162,227
222,260
235,222
174,143
195,179
168,292
179,314
56,47
201,188
182,261
231,189
18,23
100,82
143,198
114,114
47,81
66,96
161,284
199,188
201,165
167,290
106,106
126,105
230,187
236,214
238,203
166,233
190,174
159,282
112,91
147,121
179,255
93,142
139,113
216,178
163,288
238,210
168,138
104,146
176,250
181,327
67,96
91,102
204,319
205,210
226,185
120,97
164,231
166,136
236,196
92,142
238,213
167,235
193,159
181,320
113,93
224,184
111,112
204,310
205,203
25,42
169,295
143,181
201,297
39,68
48,84
177,304
236,195
54,94
92,133
174,178
220,180
137,166
108,148
164,134
169,296
207,224
82,68
45,80
228,187
143,178
65,53
97,79
178,255
220,179
185,151
218,258
187,171
207,233
209,250
84,100
141,171
143,187
75,100
169,239
183,332
88,72
196,284
203,194
70,59
92,76
184,149
64,96
155,276
209,243
145,222
151,271
46,35
81,135
153,274
196,283
34,23
62,50
205,201
92,75
111,148
117,125
209,244
85,100
230,249
145,215
168,197
29,50
181,316
202,300
22,19
137,113
113,114
185,170
45,35
135,161
105,131
187,267
189,174
65,96
212,174
230,240
144,198
145,200
130,105
105,106
58,48
117,152
109,110
85,133
105,132
142,116
184,170
204,328
190,271
234,230
114,93
93,103
103,146
51,88
17,24
42,32
206,169
228,254
158,129
197,287
162,220
204,327
194,278
231,240
234,225
219,258
147,225
224,258
170,194
185,263
172,190
156,128
162,215
140,168
147,230
166,203
80,67
198,184
19,32
134,110
172,181
109,89
232,231
31,52
207,216
198,288
163,286
147,239
96,144
188,270
155,127
202,331
149,251
197,180
232,238
147,244
115,117
170,191
46,80
149,260
119,97
157,281
176,174
179,308
200,292
182,259
114,150
23,42
102,106
162,224
192,157
121,154
193,178
195,178
128,105
24,42
102,146
222,182
167,292
126,103
100,83
90,73
143,193
236,216
47,80
159,284
162,131
107,107
236,215
238,200
98,144
171,298
173,141
88,102
112,92
127,156
205,169
216,179
238,211
168,139
95,133
192,273
176,251
181,326
180,255
204,312
205,209
81,67
120,98
143,175
74,98
166,137
60,49
53,94
236,197
73,59
94,78
224,185
152,123
27,19
204,311
77,63
169,294
205,202
156,127
143,180
170,242
115,95
44,33
181,328
220,181
133,160
137,165
199,163
164,135
200,334
208,169
117,97
82,69
45,79
207,227
107,87
90,133
143,189
21,38
194,336
202,304
170,140
106,148
178,252
224,183
153,125
111,129
187,170
207,232
209,249
190,272
141,170
90,140
71,98
163,133
143,186
165,233
95,104
98,79
88,73
196,285
203,197
101,83
83,133
174,300
92,77
184,150
189,155
207,241
155,279
209,242
145,221
184,261
170,239
151,270
58,47
81,134
153,273
62,51
83,138
117,124
145,214
168,198
188,153
29,49
202,301
66,54
113,113
135,160
49,39
162,286
189,173
212,175
230,241
145,207
104,85
58,49
41,31
94,133
109,109
102,84
49,88
142,117
204,329
173,300
115,152
68,98
19,21
93,102
51,91
108,88
42,33
228,255
162,221
204,320
116,95
207,213
212,256
194,279
110,110
147,224
224,259
170,195
73,98
192,336
156,129
122,100
86,70
178,146
108,87
50,88
162,212
164,208
175,304
147,233
166,200
154,125
134,111
172,182
232,232
31,55
207,219
198,289
147,238
188,271
128,156
203,330
149,250
225,185
100,133
193,336
232,239
68,55
147,247
115,116
167,200
26,18
171,141
202,166
94,104
221,181
149,259
174,245
123,101
157,280
179,311
200,293
35,62
91,141
162,225
184,334
207,169
226,258
192,158
115,125
83,100
121,153
174,141
193,177
198,162
76,61
227,187
179,316
222,183
143,192
219,179
236,217
238,198
47,83
186,266
136,112
107,106
163,227
238,201
112,93
87,102
32,56
88,133
38,66
238,208
223,260
192,274
181,325
37,27
67,98
204,313
131,107
205,208
116,96
120,99
85,69
88,140
143,174
93,133
21,19
135,111
210,172
53,93
177,251
56,94
94,79
148,121
152,124
137,163
169,293
207,229
