99,152
103,15
81,93
22,154
56,144
120,80
99,126
118,7
177,26
101,124
44,169
117,50
86,181
48,172
8,142
118,57
170,11
105,20
42,167
119,60
26,157
108,7
147,7
182,59
107,26
119,90
62,132
31,126
96,158
80,56
137,7
119,112
66,124
73,111
56,177
80,94
68,122
81,86
122,107
143,7
89,175
46,142
177,57
47,143
90,172
53,175
184,59
133,7
61,182
132,44
57,142
130,44
186,49
106,26
183,59
58,141
67,186
91,169
97,130
110,124
119,83
78,101
98,137
15,148
77,185
101,140
81,62
171,55
121,110
165,53
81,79
178,57
122,92
120,68
83,184
147,47
115,44
93,164
116,47
120,42
22,121
87,37
38,135
184,40
107,8
97,155
95,37
110,7
62,182
114,122
98,128
81,184
80,54
172,17
189,55
6,118
139,7
6,136
164,5
81,64
103,16
100,150
34,162
72,113
81,90
125,99
129,7
38,164
32,160
175,57
94,162
117,55
135,7
169,9
185,46
63,130
97,156
171,15
80,45
183,39
27,157
81,40
118,87
101,37
108,32
51,174
40,137
111,124
18,119
75,106
84,183
81,83
65,185
44,141
85,182
54,177
83,37
25,122
124,104
91,37
19,119
14,148
72,187
87,178
161,52
73,186
119,62
107,28
108,31
82,38
160,5
80,58
5,124
70,186
119,114
102,142
73,109
46,170
28,157
98,127
179,27
81,84
89,173
121,77
180,28
14,117
70,118
90,170
104,124
124,103
131,7
142,46
180,58
115,41
181,59
97,37
106,24
58,139
105,37
134,44
188,57
65,127
48,145
95,161
80,49
172,20
37,133
6,125
81,60
117,119
121,108
101,148
81,77
7,128
20,152
79,185
120,70
57,179
88,175
115,46
104,9
17,149
116,41
59,137
184,42
137,45
37,164
175,24
119,42
115,122
28,124
80,40
183,40
172,19
189,53
119,64
30,126
96,132
12,117
64,129
100,138
102,146
81,70
118,116
125,7
55,177
165,6
99,151
71,114
105,124
60,181
125,97
81,88
99,125
58,179
76,105
116,48
35,131
117,53
160,52
14,147
118,58
60,137
170,12
185,44
105,23
28,123
98,153
80,47
118,85
119,89
5,138
55,144
109,35
146,47
120,110
7,127
112,7
176,57
103,11
69,119
43,140
81,81
122,108
121,74
35,162
18,150
100,124
179,58
68,186
128,43
85,37
93,37
29,124
67,185
187,59
107,30
81,39
24,155
8,117
80,60
121,7
5,122
164,53
102,140
67,122
162,5
166,7
127,7
173,56
29,158
81,74
120,91
178,58
19,152
70,116
7,133
77,103
172,21
181,31
120,65
83,183
117,7
106,124
115,43
157,6
124,95
151,48
36,164
174,24
146,7
13,146
97,134
45,169
80,51
61,134
50,173
118,89
116,121
117,117
173,23
141,46
101,146
118,115
81,67
47,144
7,130
125,102
42,139
9,143
88,177
89,37
104,11
34,129
168,9
59,139
36,163
184,44
104,17
182,35
80,42
79,98
100,37
125,43
108,37
12,146
96,134
123,7
80,185
6,140
170,55
52,174
72,111
102,144
81,68
59,180
113,7
103,12
74,109
75,105
81,94
153,6
56,143
120,79
121,71
99,127
176,26
116,50
33,161
119,7
117,51
86,180
106,8
26,123
27,123
10,145
87,177
118,56
105,21
157,50
119,61
26,156
162,52
183,35
148,7
109,7
107,27
144,47
149,6
158,51
96,157
31,127
5,136
109,33
6,135
119,113
138,7
120,112
68,121
81,87
122,106
123,104
121,72
14,118
7,142
153,49
102,124
178,27
150,48
185,59
96,37
63,183
57,143
186,48
104,37
58,140
174,23
97,131
78,100
98,136
15,149
77,186
159,51
5,120
6,126
81,63
163,52
10,117
17,118
67,124
7,118
172,55
64,183
21,152
81,72
115,7
78,185
41,137
77,101
155,6
181,29
120,67
16,149
154,49
115,45
148,47
93,165
144,7
42,168
136,45
22,120
45,141
38,134
186,59
187,50
39,135
97,132
92,168
119,41
188,53
123,42
115,121
80,53
111,7
49,172
139,46
172,16
189,56
11,146
151,6
173,21
6,139
140,7
81,65
80,97
40,167
100,149
125,100
72,112
81,91
130,7
58,180
43,168
39,166
105,8
86,179
169,10
104,19
122,42
103,124
63,131
33,128
92,167
97,157
171,12
182,33
98,154
80,44
183,36
172,15
118,86
169,54
40,136
30,159
53,145
65,128
167,54
49,145
103,14
74,107
43,139
75,107
84,182
81,92
120,81
54,176
158,5
149,48
84,37
94,164
72,186
8,143
41,167
92,37
87,179
119,63
107,29
97,136
108,30
62,133
96,159
78,99
80,57
136,7
188,51
5,125
6,133
66,125
116,119
73,110
56,178
80,95
54,145
142,7
50,145
81,85
123,106
46,143
89,174
121,78
19,151
90,173
124,102
132,7
61,181
57,141
91,168
98,37
39,136
97,129
119,82
23,121
102,145
48,144
80,48
106,37
101,139
37,134
81,61
50,174
121,109
75,186
99,137
11,117
81,78
7,129
122,93
88,37
120,69
115,47
17,150
34,130
21,120
121,42
184,41
32,128
175,25
63,132
97,154
138,45
62,183
114,123
98,129
79,97
80,55
126,43
172,18
189,54
6,119
74,186
163,5
64,128
100,137
164,6
81,71
128,7
71,115
60,180
125,98
72,114
53,176
81,89
123,94
154,6
38,165
76,104
32,161
148,48
134,7
175,56
94,163
117,54
160,51
159,5
60,136
185,45
171,14
106,23
98,152
80,46
183,38
118,84
127,43
108,33
5,139
55,145
109,36
166,53
16,118
43,141
81,82
22,153
65,184
121,75
35,163
85,181
152,49
76,103
7,141
25,121
185,47
60,135
129,43
29,125
24,154
82,39
80,59
25,155
5,123
70,187
122,7
102,143
67,123
46,171
7,117
28,158
166,6
29,159
81,75
120,90
121,76
167,7
180,29
90,171
124,96
143,46
120,64
182,31
156,6
154,50
20,119
118,55
124,94
129,44
131,44
151,49
181,58
106,25
112,124
91,170
118,41
187,49
134,45
13,147
97,135
52,146
188,58
45,170
65,126
25,156
95,160
80,50
102,37
37,132
11,145
61,135
118,88
140,46
116,120
117,118
71,187
101,147
47,171
118,114
81,76
13,117
71,116
7,131
120,71
42,138
57,178
88,176
107,124
104,10
174,56
24,121
90,37
39,165
168,8
23,154
66,185
184,43
113,123
104,16
182,34
80,41
79,99
118,83
108,36
96,133
124,7
5,119
80,184
64,130
100,139
118,117
170,54
81,69
99,150
152,6
64,184
103,13
74,108
125,96
114,7
120,78
176,25
116,49
158,6
33,162
156,50
15,118
35,130
94,161
117,52
113,124
26,122
118,59
10,144
157,51
105,22
148,6
32,127
144,46
145,47
5,137
109,34
6,134
9,117
66,126
120,111
7,126
50,146
68,120
69,118
81,80
123,105
31,160
121,73
167,8
18,151
100,125
83,38
178,26
69,186
119,59
108,124
95,159
51,146
187,58
120,7
119,81
76,186
36,132
135,45
163,53
5,121
161,5
103,37
102,141
17,119
126,7
47,172
21,153
173,55
179,28
81,73
70,117
7,132
41,138
77,102
116,7
181,30
120,66
115,42
93,166
145,7
45,142
133,44
187,51
138,46
188,52
123,43
36,131
80,52
150,6
49,173
189,57
61,133
173,22
69,120
81,66
80,96
121,91
141,7
40,166
100,148
125,101
123,93
20,120
155,50
43,169
105,9
86,37
117,41
9,144
59,138
109,124
104,18
94,37
169,11
105,19
33,129
92,166
99,37
108,8
171,13
80,43
182,32
183,37
186,47
124,43
107,37
82,184
168,54
30,125
6,141
166,54
52,175
53,146
31,159
121,92
