194,295
234,158
112,297
77,324
242,78
102,340
123,356
275,84
188,312
226,103
243,21
236,76
264,82
230,123
90,332
183,83
206,240
69,269
234,153
108,344
162,362
23,257
67,315
230,165
20,280
169,117
188,311
50,304
196,279
308,19
182,326
21,263
222,242
372,112
83,328
135,259
230,114
331,99
228,172
302,21
173,344
174,83
359,109
253,21
237,187
128,273
96,336
169,126
64,265
198,243
237,76
21,256
230,117
207,240
118,352
137,364
228,171
233,160
234,139
217,81
109,344
257,80
194,246
92,295
242,202
169,103
153,221
354,61
21,265
157,217
197,290
217,41
220,50
186,315
336,100
232,21
171,178
364,110
368,105
222,84
169,104
64,263
246,78
224,93
338,45
36,292
167,89
119,352
360,81
253,79
258,80
171,171
123,281
303,21
149,229
167,191
256,21
224,84
189,308
338,36
366,99
167,86
242,21
227,78
361,110
126,277
349,106
243,78
98,298
171,160
195,294
364,92
368,103
358,75
355,61
313,94
115,294
133,262
190,308
200,83
221,56
81,283
62,263
171,153
283,86
178,333
307,92
127,359
364,91
170,83
358,66
306,92
232,226
19,251
61,311
334,26
233,133
86,289
142,247
218,44
325,98
171,158
70,318
273,21
244,197
358,69
58,257
180,329
184,321
292,21
169,147
133,264
360,77
141,248
143,244
171,151
192,304
127,277
151,229
213,82
69,317
217,23
198,83
169,148
371,112
334,100
232,127
111,297
225,64
226,78
62,312
127,274
151,226
172,344
323,19
72,273
110,297
348,57
139,254
19,270
21,254
263,81
184,318
167,192
117,352
256,80
82,286
248,21
340,48
33,290
215,30
17,243
95,334
270,21
19,279
169,134
26,242
228,106
30,288
236,218
221,21
333,23
232,182
215,23
17,244
219,80
130,269
186,267
144,241
24,284
169,143
167,97
133,364
336,35
101,338
122,354
92,334
170,150
134,261
191,252
179,83
362,87
345,53
223,60
236,185
223,77
119,289
47,302
230,177
216,36
219,49
110,346
330,20
232,164
89,331
234,148
91,293
186,83
192,251
230,168
271,21
238,216
196,290
89,291
70,271
311,19
316,94
229,113
104,299
89,332
215,34
362,89
234,159
289,21
77,323
52,252
169,115
226,100
135,261
230,120
66,265
234,134
23,256
190,254
67,314
213,242
52,251
159,362
168,354
169,116
21,262
226,238
135,258
230,115
331,98
228,173
235,21
195,246
359,108
241,191
169,125
242,208
117,351
224,64
232,128
217,39
80,281
260,21
209,240
234,136
194,247
214,242
242,203
169,102
215,81
21,264
294,21
157,216
341,102
125,281
217,40
186,312
190,256
131,265
171,181
113,297
222,85
169,111
242,194
106,344
287,86
224,94
338,42
167,88
210,240
321,19
360,82
253,78
59,310
171,170
231,76
342,49
365,112
121,354
357,65
305,91
21,282
338,37
328,19
366,96
169,191
190,306
299,89
229,232
328,98
349,105
98,299
171,163
192,300
364,93
358,72
305,92
351,59
210,83
65,265
179,330
295,21
133,261
221,55
171,152
156,364
32,290
178,330
127,358
226,21
358,67
100,299
232,227
19,250
220,23
22,261
61,310
334,27
201,83
147,235
332,21
206,81
195,279
231,123
233,21
129,271
332,100
244,198
326,19
174,344
180,330
163,201
184,322
169,146
360,78
141,247
234,222
143,247
37,294
131,362
171,150
157,364
142,366
127,276
271,83
241,78
151,228
251,21
114,295
213,81
69,316
235,76
257,21
25,241
198,286
148,233
188,256
226,79
225,71
276,21
333,100
172,345
269,82
72,274
114,350
186,262
316,19
19,273
165,199
21,253
228,108
263,80
88,289
236,220
184,319
132,362
167,195
32,243
219,45
82,287
340,49
215,25
17,242
105,343
234,184
19,278
169,133
26,243
228,107
307,19
91,334
236,219
87,289
342,102
232,183
41,298
186,264
105,344
165,201
169,142
167,96
370,108
133,363
45,249
46,249
87,329
240,21
293,21
33,245
262,21
363,110
223,63
245,78
83,287
158,213
236,186
240,189
336,27
359,75
235,185
238,214
20,269
102,299
196,292
323,97
219,48
330,21
352,106
315,94
89,330
215,36
58,308
194,298
231,164
285,86
234,149
349,57
171,83
192,252
230,169
196,291
185,316
155,219
48,249
249,21
34,292
234,156
145,239
77,322
52,253
169,114
226,101
135,260
230,121
178,83
263,21
234,135
346,54
23,259
190,255
213,241
56,255
56,308
111,347
168,355
60,260
25,286
169,123
261,80
350,58
182,324
21,261
226,239
156,217
228,174
234,142
300,21
60,259
169,124
117,350
196,280
137,257
193,279
232,129
217,38
80,282
234,137
240,208
57,257
169,101
354,59
262,80
254,21
248,78
157,215
125,280
186,313
171,180
175,83
113,296
222,90
169,110
242,195
224,95
338,43
288,86
187,271
167,91
119,354
360,83
218,81
73,319
241,208
278,21
171,173
123,283
219,242
365,111
82,326
305,90
53,306
21,281
208,240
366,97
169,190
190,307
299,88
52,304
349,104
171,162
317,95
192,301
364,94
358,73
311,93
187,83
197,283
144,366
255,21
148,366
230,230
361,85
221,54
171,155
62,261
261,21
265,82
354,108
178,331
220,242
312,19
347,55
222,79
161,207
259,80
174,342
232,228
22,282
334,24
228,112
201,82
147,234
332,22
45,300
129,270
244,199
279,21
298,21
228,232
234,76
20,252
169,145
371,109
360,79
234,223
143,246
37,293
225,77
266,82
271,82
241,77
219,79
150,366
260,80
139,251
234,183
198,287
235,220
310,19
167,197
225,70
153,225
170,187
188,257
120,289
350,106
172,346
72,275
37,245
186,263
19,272
165,198
21,252
169,131
228,109
302,90
88,290
86,328
167,194
32,244
216,81
219,44
129,273
205,81
82,284
358,108
215,24
17,241
186,270
29,287
105,342
234,185
199,83
169,132
268,21
225,80
322,96
347,104
96,296
367,101
176,336
41,297
186,265
234,160
165,200
169,141
167,99
170,350
133,362
370,109
87,328
190,83
222,21
362,85
38,246
223,62
43,249
66,314
356,64
236,187
240,190
223,79
336,28
119,291
238,215
226,80
192,277
196,293
323,96
34,245
348,104
63,313
176,334
230,76
224,21
277,21
194,299
159,209
234,146
116,293
212,240
158,364
239,212
70,269
180,83
367,112
372,109
155,218
48,250
341,49
234,157
145,238
23,261
169,113
226,98
191,277
31,289
182,322
166,358
155,364
223,21
61,261
103,341
346,55
23,258
190,252
67,316
213,240
111,346
168,356
60,261
25,285
169,122
350,59
214,81
182,325
241,21
226,236
230,113
203,81
331,100
190,276
192,83
228,175
234,143
292,86
23,283
171,185
359,110
242,206
99,299
266,21
196,281
160,362
21,269
137,256
320,96
232,130
217,37
80,283
240,209
325,19
169,100
225,240
157,214
284,21
125,279
90,292
93,334
167,93
216,242
113,350
131,267
171,183
222,91
169,109
43,298
242,192
81,326
199,242
291,21
224,80
338,40
321,96
366,95
167,90
360,84
73,318
238,21
353,107
171,172
123,282
365,110
315,19
247,78
85,287
216,23
53,305
21,280
226,240
338,35
147,366
169,189
167,83
190,304
181,83
77,279
98,297
171,165
317,94
192,302
353,108
364,95
75,321
301,21
311,92
180,326
19,247
22,256
230,231
221,53
168,191
171,154
240,76
358,65
161,206
174,343
73,320
19,252
366,112
24,241
169,354
334,25
228,113
231,228
198,290
74,276
201,81
147,237
332,23
225,75
45,299
106,299
271,84
129,269
239,21
60,310
150,229
195,83
149,366
228,233
175,340
163,203
169,144
27,286
232,123
234,220
253,80
109,299
143,241
37,292
225,76
23,241
241,76
172,348
340,45
46,300
170,354
282,21
198,284
167,196
188,258
153,224
225,69
30,243
172,347
357,108
161,209
220,79
294,88
164,201
19,275
165,197
187,312
169,130
228,110
263,82
88,291
250,78
32,245
219,47
129,272
82,285
338,102
215,27
168,100
186,271
29,286
19,280
169,139
26,241
228,21
49,304
49,251
307,21
146,237
188,272
290,86
96,297
176,337
164,360
41,296
295,88
78,280
94,295
59,259
169,140
167,98
170,351
208,81
370,106
196,244
70,272
343,103
54,254
238,188
229,76
232,160
38,247
356,65
240,191
223,78
353,59
336,29
27,243
119,290
230,180
158,362
238,212
225,97
192,278
196,294
219,50
330,19
96,295
259,21
63,312
121,289
176,335
165,360
330,98
194,296
234,147
230,175
123,355
226,104
197,244
154,364
372,110
155,221
296,21
48,251
234,154
145,237
143,366
128,360
23,260
211,83
230,166
232,76
111,348
169,112
188,308
226,99
31,288
269,21
182,323
166,359
189,275
83,327
320,19
72,318
204,240
103,340
234,133
190,253
172,83
221,79
168,357
169,121
25,284
226,237
230,118
306,21
327,98
76,277
190,277
211,240
122,285
234,140
23,282
152,364
171,184
233,76
242,207
196,282
21,268
232,131
217,36
39,295
186,316
205,240
138,366
193,83
356,108
240,210
225,21
171,177
282,84
169,107
117,293
219,23
221,242
223,242
244,21
157,213
125,278
90,293
162,205
331,21
167,92
360,110
113,349
131,266
153,364
171,182
74,320
222,88
169,108
242,193
81,325
224,81
26,286
338,41
309,19
169,187
167,85
191,83
360,85
353,106
171,175
123,285
113,295
53,304
19,241
169,188
115,293
187,262
190,305
228,76
299,90
234,224
324,98
275,21
171,164
192,303
283,85
178,334
75,320
224,240
243,195
93,295
29,288
230,21
180,327
19,246
334,23
230,228
329,98
221,52
171,157
365,95
28,286
358,70
161,205
58,258
137,255
173,83
174,340
300,90
285,21
141,251
74,277
147,236
152,225
225,74
45,298
344,51
127,360
171,348
36,245
188,83
118,291
228,234
163,202
97,338
227,105
232,124
234,221
109,298
188,260
225,67
127,273
204,81
151,225
244,200
340,46
343,51
264,21
139,253
19,269
21,241
356,61
231,21
198,285
188,259
225,68
337,102
63,263
193,300
161,208
215,29
19,274
169,129
98,338
228,111
242,191
28,243
219,46
291,86
68,268
215,26
274,21
186,268
229,170
140,251
169,138
167,100
223,91
370,112
336,32
307,20
188,273
35,245
129,360
176,338
68,267
125,358
18,246
164,361
78,281
223,64
208,82
170,348
370,107
47,301
230,178
87,330
218,23
196,245
70,273
200,240
54,255
343,102
238,189
121,287
232,161
18,241
168,83
299,21
336,30
192,248
230,181
158,363
238,213
297,88
192,279
246,21
323,98
130,360
189,256
121,288
215,33
362,90
39,247
194,297
159,211
234,144
123,354
55,307
312,94
226,105
189,83
201,240
372,111
155,220
202,81
44,249
66,266
234,155
310,92
314,19
193,248
230,167
196,83
217,242
169,119
188,309
298,88
151,366
337,35
229,21
239,76
83,326
135,257
97,297
190,275
346,53
42,298
23,284
168,358
169,120
350,57
280,21
202,240
224,77
279,84
247,21
230,119
340,102
76,278
137,366
355,108
234,141
109,346
112,348
152,365
171,187
194,248
218,242
92,293
368,112
242,204
153,223
196,283
286,86
198,244
21,267
232,132
217,43
39,294
105,299
252,78
240,211
293,87
171,176
290,21
146,366
183,322
222,86
169,106
117,292
99,338
120,354
203,240
224,91
65,314
135,364
319,19
125,277
217,44
167,95
79,324
319,96
113,348
59,309
131,269
297,21
171,169
342,50
222,89
149,231
169,83
369,112
81,324
68,316
224,82
338,38
249,78
345,104
274,84
167,84
171,174
123,284
177,334
215,242
126,358
236,21
184,83
368,101
369,105
100,338
191,304
289,86
366,100
228,77
221,58
171,167
283,84
224,241
149,233
311,94
224,96
296,88
232,224
346,104
19,249
230,229
221,51
171,156
358,71
58,259
228,236
174,341
212,83
267,21
145,366
277,84
245,21
360,75
141,250
198,288
182,83
131,361
225,73
344,52
160,209
228,235
138,255
233,224
163,205
169,150
97,337
232,125
304,21
198,283
109,297
143,243
56,256
329,19
166,197
188,261
225,66
244,201
340,47
139,252
54,306
223,84
170,352
356,62
184,316
317,96
280,84
337,101
194,83
140,366
215,28
41,247
19,277
169,128
101,299
91,333
236,216
239,189
221,23
82,283
68,269
234,21
362,110
17,246
254,80
186,269
78,279
244,78
231,181
185,83
169,137
336,33
101,340
188,274
318,96
29,243
31,243
343,104
53,253
238,187
281,84
176,339
125,357
164,362
80,324
284,86
252,21
170,349
208,83
49,303
47,300
230,179
344,104
237,216
258,21
196,246
181,326
200,241
121,286
232,162
255,80
38,245
42,248
223,59
103,299
159,213
234,150
145,241
76,322
336,31
317,19
192,249
265,21
230,170
50,251
51,251
55,255
40,247
38,294
63,314
215,32
363,91
362,91
194,294
159,210
234,145
324,19
309,92
55,306
226,102
64,314
283,21
230,122
66,267
233,183
234,152
230,164
276,84
169,118
116,350
188,310
226,97
31,290
51,304
270,82
103,342
267,82
79,281
84,287
197,83
169,127
64,264
198,242
167,358
230,116
71,273
76,279
39,296
351,106
137,365
228,170
234,138
109,345
152,366
171,186
92,294
242,205
153,222
354,60
40,296
21,266
232,133
217,42
186,314
78,324
268,82
272,21
240,212
293,86
171,179
250,21
368,104
222,87
169,105
117,291
107,344
161,362
224,92
209,83
338,44
90,291
167,94
119,353
48,302
360,80
86,287
59,308
131,268
171,168
342,51
149,230
224,83
338,39
108,299
366,98
167,87
115,350
230,232
163,362
293,88
171,161
339,45
35,292
368,102
136,364
358,74
281,21
366,101
115,295
133,263
228,78
194,279
221,57
171,166
62,262
178,332
75,322
224,242
149,232
224,97
227,236
232,225
19,248
314,94
61,312
176,83
86,288
88,330
147,233
221,50
171,159
67,267
308,92
243,202
244,196
358,68
95,336
227,21
180,328
184,320
20,241
133,265
360,76
141,249
198,289
143,245
74,275
131,360
188,271
225,72
84,328
344,53
222,58
132,265
244,195
136,257
44,298
213,83
69,318
163,204
94,334
169,149
97,336
232,126
143,242
56,257
188,262
225,65
207,81
322,19
286,21
127,275
151,227
244,202
139,366
237,21
348,56
352,59
104,342
139,255
19,271
238,76
21,255
170,353
335,100
356,63
184,317
167,193
85,328
57,308
337,100
33,291
124,356
107,299
215,31
288,21
348,55
313,19
95,335
229,175
19,276
169,135
278,84
228,105
339,102
91,332
236,217
221,22
95,295
232,181
33,292
17,245
71,318
219,81
186,266
42,247
22,241
169,136
336,34
101,339
272,84
188,275
335,27
251,78
141,366
176,340
125,356
287,21
362,86
223,61
327,19
370,105
134,364
49,302
230,176
303,90
305,21
200,242
54,253
75,277
121,285
232,163
177,83
42,249
223,58
194,300
304,90
159,212
234,151
145,240
73,275
192,250
47,249
273,84
55,308
318,19
124,281
70,270
166,360
154,221
155,217
301,90
215,35
362,88
326,98
