257,77
96,211
169,227
80,125
46,12
200,145
59,131
24,14
134,55
254,77
224,32
59,97
188,30
99,22
192,89
28,10
49,139
170,250
79,85
171,220
195,159
269,18
162,76
237,83
20,82
45,54
140,257
144,265
181,193
150,275
192,80
263,16
289,32
18,107
165,232
97,213
26,74
59,14
159,59
72,147
114,223
136,26
192,87
21,55
12,32
88,81
69,17
35,129
80,128
284,26
106,22
289,65
144,263
183,190
84,116
74,142
169,223
283,67
36,70
293,38
221,94
22,17
215,111
20,111
151,57
66,166
70,43
189,172
84,115
232,28
89,104
144,56
253,79
90,102
70,186
181,259
54,51
112,22
169,81
173,212
175,207
219,97
230,30
13,49
234,85
88,206
95,62
277,71
238,25
211,121
142,263
185,186
133,245
68,180
72,143
18,55
167,79
90,104
71,62
91,209
78,20
170,285
191,170
160,283
181,277
88,45
34,57
151,68
45,12
120,51
68,179
87,60
35,10
32,126
51,138
158,281
182,94
57,106
261,16
46,68
145,66
173,63
128,53
201,142
64,45
82,123
49,66
235,84
72,189
189,176
128,238
58,99
183,264
80,60
193,166
55,135
247,81
86,81
180,30
126,232
59,49
24,77
299,53
134,246
138,253
68,161
205,131
65,91
28,73
124,53
70,153
61,15
133,55
100,62
48,12
16,101
162,28
17,105
276,20
132,241
152,26
61,96
203,140
10,43
50,66
270,18
163,244
75,86
60,47
295,62
65,92
93,209
225,89
196,155
16,92
61,121
136,251
248,21
91,20
291,35
43,137
79,128
140,255
148,271
186,70
117,51
282,24
14,30
57,134
97,47
167,249
171,250
176,207
94,91
61,114
175,254
182,275
77,18
191,30
46,137
68,158
217,106
42,135
68,45
74,193
21,113
122,24
88,104
17,92
291,64
177,89
234,26
113,49
32,57
149,68
58,14
166,231
26,119
283,25
76,43
259,16
209,123
30,123
179,201
52,12
287,29
146,57
139,26
292,63
21,18
42,137
152,276
174,63
165,77
221,96
41,55
22,115
167,228
173,253
162,59
209,124
215,34
197,152
92,98
112,219
245,81
28,12
57,49
96,212
169,226
80,126
271,18
146,265
59,130
20,84
24,15
78,198
101,47
270,73
165,285
192,90
28,11
258,77
120,225
110,49
76,193
61,62
79,84
190,73
195,158
269,17
73,43
20,83
94,62
45,53
140,258
181,192
113,221
25,57
192,81
89,20
280,24
26,75
38,132
247,22
70,62
72,148
199,147
180,279
199,32
98,213
154,28
12,33
69,16
120,24
74,60
84,117
18,90
169,222
172,61
293,37
221,93
215,110
201,145
66,167
141,66
162,284
187,179
189,171
144,57
253,78
90,103
70,187
135,64
191,167
176,63
122,225
181,258
129,239
169,80
173,211
30,57
183,30
84,20
123,51
30,72
88,207
55,64
132,53
277,70
14,49
145,265
243,81
207,127
211,120
103,62
290,34
165,28
148,68
240,83
142,260
111,63
185,185
156,59
68,181
142,66
92,83
167,78
136,55
144,55
218,34
181,94
70,181
46,66
51,53
181,276
273,19
204,32
78,132
147,269
45,11
173,86
31,72
184,187
95,47
191,77
32,127
57,105
26,14
83,83
16,104
273,20
55,137
76,18
190,30
101,22
201,141
148,57
82,120
72,190
168,28
95,20
64,93
128,239
183,267
193,165
125,24
197,32
73,18
247,80
88,60
126,233
237,26
59,48
24,78
299,52
134,247
67,16
68,162
161,75
87,205
186,181
28,74
107,22
166,248
61,14
16,102
132,242
61,127
182,262
20,18
10,40
161,76
18,24
63,45
33,10
80,43
16,93
290,65
133,64
61,120
136,252
248,22
127,235
291,34
42,10
259,77
284,67
89,45
164,246
186,71
14,31
53,64
57,133
167,248
99,213
190,171
155,71
105,62
219,34
94,88
154,277
68,159
217,105
129,53
60,62
65,45
232,85
164,76
44,55
172,252
266,73
177,207
158,59
88,105
93,83
134,64
177,88
86,114
234,27
35,70
202,32
168,80
260,75
210,32
213,117
85,43
16,51
54,64
258,16
246,22
283,24
176,254
175,30
125,53
179,91
168,285
209,122
103,215
287,28
179,200
92,100
166,61
277,22
192,77
152,277
171,83
154,57
157,28
72,87
147,26
165,76
167,231
171,285
190,92
173,252
178,201
279,69
123,24
195,32
92,99
112,220
77,60
32,72
53,51
129,24
96,213
169,225
80,127
59,133
171,217
86,20
20,85
24,16
78,199
59,99
180,258
165,237
150,68
16,24
182,30
76,194
137,66
12,44
69,45
269,16
66,91
67,91
140,259
160,28
199,149
131,64
150,273
192,82
156,72
102,62
32,70
18,105
167,61
117,24
33,57
77,197
27,74
102,215
12,43
254,18
38,133
199,146
146,26
114,221
59,113
60,97
53,14
138,66
47,12
12,34
81,20
132,64
84,118
157,72
200,32
18,91
74,140
169,221
208,32
100,22
172,62
283,69
293,36
261,75
262,75
173,217
177,30
52,64
201,144
66,164
162,285
92,94
242,24
187,178
192,167
139,55
72,18
253,77
90,100
70,184
175,88
236,26
147,68
222,93
152,57
79,43
247,79
219,99
111,49
20,112
185,183
24,115
230,28
38,57
39,133
167,80
60,14
132,54
277,69
104,48
176,88
85,114
164,60
182,66
207,126
271,71
19,22
130,239
78,130
142,261
111,62
185,184
294,63
32,10
89,207
18,53
23,115
164,59
57,103
119,225
46,67
51,52
181,275
273,18
184,94
75,138
241,83
22,56
78,133
246,81
220,97
25,117
151,70
299,57
45,10
173,85
267,16
70,18
255,18
208,125
173,283
104,62
163,285
129,64
57,104
21,82
183,269
94,210
193,163
103,47
16,105
256,77
55,136
115,24
126,231
23,16
82,121
72,191
63,62
33,127
92,209
75,43
183,266
116,223
193,164
16,96
108,49
145,57
132,244
66,16
251,20
20,20
203,137
24,79
299,55
31,57
161,74
90,208
163,241
182,191
174,30
161,59
130,64
22,82
155,72
214,32
16,103
239,24
222,32
132,243
79,20
281,69
61,126
86,110
20,19
10,41
163,246
238,83
185,69
69,181
72,60
70,150
240,24
39,55
97,20
16,94
94,86
77,134
61,119
136,253
138,26
179,257
107,217
126,24
203,135
259,76
217,103
132,24
223,89
193,30
14,28
183,273
207,32
171,252
155,70
52,137
94,89
82,202
285,67
178,63
217,104
148,272
149,57
60,63
115,223
11,40
177,256
71,18
169,30
226,89
100,213
177,206
88,106
230,85
163,28
91,100
244,81
213,116
89,62
163,237
295,39
207,129
265,16
16,52
258,17
189,92
190,90
26,117
179,90
62,16
209,121
138,55
30,121
20,55
183,94
277,21
192,78
92,20
171,82
65,62
146,268
22,113
167,230
171,284
106,49
159,73
34,127
112,221
59,109
64,16
249,20
84,83
169,224
297,59
176,30
85,60
73,87
76,196
59,132
243,22
78,85
122,51
195,155
128,64
37,10
20,86
152,70
212,32
31,123
181,197
220,32
59,98
165,236
282,69
16,25
76,195
155,59
137,65
12,45
86,44
69,44
38,131
79,199
109,22
199,148
227,87
192,83
45,68
32,71
114,50
174,86
253,18
143,55
56,135
110,62
12,36
77,85
59,112
169,285
53,13
272,18
71,87
297,46
184,67
147,57
44,10
153,277
12,35
124,229
94,46
224,89
248,79
66,170
195,31
183,187
107,62
181,65
18,88
74,141
172,63
283,68
122,228
118,24
173,216
174,211
52,65
60,129
62,62
66,165
92,95
185,30
187,181
90,101
70,185
225,32
80,83
170,221
118,224
211,117
90,20
37,70
298,57
142,259
219,98
20,113
185,182
24,116
230,29
132,55
104,49
50,53
164,61
182,67
74,191
53,137
78,131
155,28
175,209
163,76
59,47
188,92
92,45
74,87
48,139
75,60
57,102
76,134
123,229
241,82
22,57
141,26
113,24
116,51
299,56
192,30
173,84
13,32
90,207
96,47
194,161
183,268
94,211
26,12
193,162
41,135
299,49
82,118
67,45
86,204
108,217
257,18
205,135
29,121
177,283
233,28
68,91
16,97
132,245
83,203
34,70
55,49
20,21
166,28
203,136
24,80
153,57
227,30
299,54
135,249
134,245
68,172
90,209
163,240
39,57
44,68
117,223
179,65
130,240
61,125
81,201
86,111
291,63
55,14
64,62
299,47
68,171
18,22
40,55
295,59
63,47
72,61
70,151
16,95
94,87
61,118
179,256
269,73
87,108
291,36
274,20
59,64
81,83
212,117
217,102
186,69
263,75
14,29
90,82
36,10
183,272
167,250
189,73
100,47
159,283
94,94
149,273
170,61
82,203
118,64
262,16
141,55
165,247
148,273
168,250
295,41
63,93
11,43
72,43
169,29
100,214
83,118
177,205
88,107
108,22
81,60
158,72
86,112
179,197
109,49
60,64
28,57
213,115
252,18
89,61
38,70
295,38
207,128
16,53
97,62
61,16
190,91
283,26
178,281
179,93
61,129
119,64
49,12
179,279
287,30
277,20
192,79
164,237
186,94
146,269
166,285
177,255
19,86
106,62
159,72
126,53
59,108
99,21
171,61
78,43
297,58
172,84
76,197
133,26
171,219
184,30
111,22
42,68
78,197
181,196
255,77
220,33
85,83
18,108
165,235
47,139
69,154
16,26
190,76
137,64
27,119
12,46
86,45
69,43
131,53
288,67
72,144
199,151
163,59
37,131
23,80
192,84
267,73
71,89
57,64
114,51
172,217
12,37
158,28
51,66
19,109
239,83
167,285
38,10
183,189
116,64
260,16
228,87
53,12
127,53
78,60
297,45
140,26
184,68
22,18
124,230
94,47
264,75
66,171
195,30
87,20
189,175
82,43
135,55
175,283
107,49
18,89
74,138
58,64
122,229
181,262
173,215
286,67
52,66
215,107
256,18
187,71
249,79
66,162
87,45
162,283
242,22
187,180
171,30
117,64
238,26
118,225
156,281
95,211
226,30
61,95
91,62
219,101
185,181
24,117
119,51
76,136
191,169
144,66
54,14
78,128
175,208
188,93
281,24
67,62
68,176
82,20
28,120
285,28
32,123
51,137
158,282
57,101
76,135
241,81
83,60
104,215
82,124
134,248
178,30
235,83
149,26
245,22
121,24
28,119
128,235
183,271
39,10
26,13
154,70
193,161
80,200
280,69
279,23
299,48
82,119
138,254
86,205
108,218
205,134
43,55
231,28
177,282
70,154
114,64
43,68
188,177
16,98
229,87
105,217
20,22
203,139
294,38
136,64
84,43
68,173
163,243
143,263
75,85
96,62
295,61
85,20
67,162
89,81
39,56
22,80
265,75
105,49
69,91
15,51
56,64
165,61
130,241
61,124
174,254
86,108
161,283
299,46
18,23
63,46
121,51
67,171
72,62
70,148
93,45
115,64
118,223
250,79
93,94
94,84
61,117
30,10
52,51
109,62
205,32
23,57
46,138
217,101
223,91
90,83
110,22
183,275
195,161
177,203
187,30
88,20
68,154
252,20
165,246
295,40
169,28
100,215
48,53
177,204
88,108
36,129
86,113
198,32
74,18
183,67
213,114
252,19
89,60
289,31
163,239
185,94
207,131
68,16
34,128
36,57
61,47
179,92
143,66
98,20
61,128
215,33
197,155
180,197
40,133
146,68
165,248
39,68
171,84
272,71
146,266
59,129
194,30
105,22
177,254
34,10
15,28
112,64
41,68
98,47
59,111
99,20
297,57
141,259
133,25
171,218
190,74
12,48
86,43
195,157
76,85
170,30
210,121
181,195
110,219
220,34
85,82
31,10
289,34
18,109
164,28
165,234
48,66
16,27
90,62
26,76
190,77
229,30
12,47
113,64
217,34
72,145
199,150
77,43
227,89
192,85
71,88
203,32
297,43
29,57
103,22
293,63
115,51
66,62
12,38
175,63
17,53
42,55
134,26
178,64
289,67
183,188
59,114
33,70
14,32
75,18
297,44
175,87
250,20
184,69
86,60
124,231
215,109
20,109
148,26
244,22
172,283
66,168
168,61
189,174
102,47
124,24
196,32
18,86
74,139
122,226
181,261
130,24
173,214
188,72
66,163
166,78
242,23
60,114
14,50
211,119
50,139
179,30
226,31
17,24
181,191
219,100
188,71
160,59
126,64
99,62
161,28
70,182
182,65
57,99
275,20
76,137
151,275
191,168
181,279
41,10
78,129
298,46
62,95
175,211
188,94
81,124
68,177
28,121
285,27
32,124
158,283
57,100
108,62
271,73
131,241
104,216
111,64
134,249
86,203
72,187
127,64
40,68
135,26
128,236
183,270
186,30
94,209
201,32
80,201
209,32
27,57
279,22
177,63
126,234
113,23
299,51
138,255
108,219
205,133
278,69
177,281
71,43
58,108
183,263
47,66
16,99
229,86
157,281
55,51
203,138
156,28
68,174
163,242
57,14
295,60
104,47
157,59
73,142
22,81
150,26
137,55
265,74
51,12
69,90
19,55
76,60
80,199
61,123
136,249
86,109
87,81
128,24
148,269
223,93
104,22
139,66
70,149
94,85
61,116
154,278
27,12
84,203
179,258
77,20
296,59
46,139
213,111
68,156
223,90
124,64
268,16
183,274
195,160
251,79
177,202
180,65
94,92
82,201
173,30
234,28
116,24
68,155
218,101
167,28
228,30
63,95
140,66
93,62
275,71
216,34
145,26
36,130
154,280
179,199
153,27
82,83
102,22
213,113
142,55
289,30
163,238
38,68
168,227
111,219
207,130
154,58
125,64
34,129
75,193
80,20
101,215
69,62
81,43
174,283
179,281
215,32
197,154
92,96
40,134
223,32
153,28
292,36
165,231
242,81
80,124
90,45
146,267
167,227
150,57
180,94
73,60
236,83
241,24
58,133
151,26
159,74
59,110
192,88
155,281
235,26
70,89
127,24
44,137
273,71
130,53
133,24
171,221
118,51
190,75
66,45
12,49
195,156
45,55
140,256
144,264
181,194
150,274
82,60
85,81
289,33
18,106
165,233
16,28
79,83
83,20
12,40
178,256
98,62
153,70
49,53
72,146
199,145
114,222
227,88
192,86
50,12
40,10
114,49
297,42
121,225
122,64
12,39
266,16
214,111
69,18
91,45
37,57
178,65
289,66
183,191
63,16
252,79
142,26
18,92
175,86
231,85
93,20
221,95
22,16
215,108
20,110
94,45
66,169
91,83
187,177
25,14
189,173
84,114
268,73
18,87
278,22
189,30
65,16
29,10
122,227
181,260
58,49
169,82
83,43
173,213
123,64
125,231
94,20
204,135
188,73
176,283
88,205
213,32
14,51
238,24
221,32
207,125
46,53
211,118
216,107
142,262
56,14
185,187
187,94
159,28
72,142
18,54
74,43
96,20
191,90
70,183
76,138
26,57
137,26
191,171
51,51
181,278
202,141
170,82
79,60
78,134
175,210
287,67
131,24
151,69
62,47
68,178
274,71
206,32
285,26
32,125
51,139
57,107
145,67
271,72
279,24
104,217
201,143
82,122
137,253
160,74
235,85
72,188
99,47
189,177
128,237
57,108
183,265
169,61
172,30
193,167
140,55
143,26
145,68
112,49
22,55
47,53
126,235
54,137
113,22
24,76
206,131
299,50
120,64
119,24
264,16
68,160
35,57
92,62
205,132
28,72
124,52
144,26
70,152
183,262
16,100
71,187
226,32
61,97
229,85
288,30
55,50
203,141
10,42
139,255
68,175
163,245
109,219
75,87
295,63
45,137
65,93
68,62
124,51
265,73
286,28
69,89
94,83
61,122
136,250
248,20
56,49
259,75
25,76
121,64
84,60
148,270
223,92
29,72
57,135
171,251
211,32
164,285
94,90
61,115
154,279
106,217
77,19
68,157
217,107
114,24
90,81
73,191
74,192
177,201
291,65
94,93
24,57
85,203
177,90
197,151
181,30
295,42
63,94
258,18
26,118
198,151
36,131
154,281
101,62
30,122
179,198
296,42
153,26
213,112
38,69
169,250
42,136
43,10
152,275
154,59
233,85
165,78
221,97
276,71
22,114
167,229
171,283
173,254
179,94
71,148
209,125
178,90
179,280
197,153
92,97
40,135
