50,96
68,25
197,96
54,92
128,222
61,38
79,76
214,91
269,25
198,129
236,76
241,31
187,39
81,35
195,39
91,118
25,49
23,95
97,77
153,262
100,206
180,38
187,60
81,36
134,46
159,50
183,168
21,46
95,107
174,194
88,74
52,112
125,219
237,76
76,78
134,33
101,82
66,84
40,124
285,60
206,109
211,98
73,69
98,71
261,68
52,127
76,69
101,91
102,91
83,141
217,41
163,37
92,69
77,34
171,37
21,48
188,154
151,262
73,78
112,31
266,24
91,37
31,82
55,72
184,165
167,89
277,62
23,99
28,110
168,206
190,149
48,105
250,29
233,35
36,77
97,105
148,35
25,101
244,31
156,35
85,131
175,188
202,122
227,78
268,65
233,36
273,27
147,75
129,225
42,46
45,19
267,25
180,176
162,218
89,122
129,73
39,17
166,214
278,33
261,23
48,103
176,187
56,22
102,71
49,73
203,118
186,162
58,88
80,69
43,75
170,203
170,260
116,214
29,20
68,81
286,40
160,274
290,55
77,157
83,193
251,29
237,34
133,231
255,25
165,214
164,216
132,33
201,85
261,25
48,21
140,48
19,43
93,112
115,31
64,36
101,97
181,57
74,69
238,74
40,77
208,105
33,114
161,37
90,69
164,86
146,252
186,39
97,29
169,37
226,78
194,39
149,258
156,239
188,101
79,187
137,238
198,74
199,88
162,254
148,256
117,42
143,250
54,126
147,255
81,188
155,79
103,88
52,128
159,273
157,272
195,69
178,183
160,225
260,68
121,71
144,250
149,50
60,38
115,212
45,129
157,50
182,58
75,173
129,223
288,45
244,72
135,235
199,78
152,262
104,31
200,125
196,137
37,17
75,162
156,244
174,271
30,112
20,46
25,93
79,150
102,29
50,111
31,19
178,56
191,148
196,97
78,69
280,60
103,71
251,70
94,69
77,179
281,35
190,39
119,71
156,243
230,78
87,126
198,39
113,42
245,72
155,269
84,74
50,102
57,40
38,122
149,77
176,101
130,33
78,76
76,34
94,76
259,25
168,259
27,21
31,112
35,117
146,48
165,276
187,158
227,39
50,97
99,97
54,93
81,145
99,206
88,125
73,34
276,62
81,34
109,31
25,48
178,37
95,109
103,29
253,27
271,27
97,76
180,39
183,58
81,27
101,40
171,54
156,79
258,68
200,128
152,35
266,23
122,71
52,113
125,218
45,46
101,81
83,135
123,44
166,88
89,29
289,56
107,71
206,114
188,156
41,19
22,31
222,82
175,56
24,100
151,35
210,102
83,140
49,44
159,35
35,17
267,66
225,41
188,155
176,56
174,98
27,89
83,36
194,97
266,25
69,25
91,36
120,31
184,166
23,98
87,129
164,52
168,207
48,106
75,157
97,104
190,101
47,19
86,74
128,33
25,100
202,123
268,66
144,48
170,198
83,69
177,184
51,44
129,224
204,41
262,68
27,87
172,194
94,29
42,47
116,42
90,198
126,71
180,177
162,219
95,38
135,33
89,121
127,44
238,33
83,74
240,74
76,27
176,188
56,23
156,50
182,172
186,163
99,40
201,83
58,89
170,200
170,261
189,39
29,19
68,82
286,41
197,39
19,37
77,156
170,91
83,192
47,46
251,28
237,33
153,50
133,230
212,94
35,50
164,217
206,41
53,117
201,84
143,247
261,24
19,42
95,202
226,39
108,71
96,76
187,103
64,37
101,96
158,249
235,76
181,56
238,75
95,29
208,106
64,84
139,73
53,126
71,36
164,87
280,33
226,79
283,60
73,27
112,42
149,257
156,232
158,81
259,68
79,186
133,232
137,237
67,25
139,241
89,36
162,255
199,91
60,40
192,144
194,140
147,254
118,216
103,91
196,132
52,129
159,272
279,33
154,266
195,68
160,226
178,180
160,81
159,251
142,33
270,26
199,80
109,210
75,78
114,31
149,49
60,39
45,128
65,84
72,34
54,118
80,34
75,172
129,222
79,27
134,73
133,73
248,29
279,62
157,232
174,261
59,71
25,91
244,73
210,41
135,234
84,69
139,239
179,37
53,73
54,73
200,126
258,25
133,33
118,42
119,216
196,138
75,165
229,78
49,21
156,245
174,268
25,92
79,145
49,102
50,108
292,49
72,80
280,61
44,46
27,110
122,32
105,40
77,178
35,79
64,24
155,268
53,42
40,17
78,34
86,29
128,72
183,39
35,116
166,52
277,31
150,77
179,56
147,35
81,144
155,35
69,36
67,82
32,79
289,45
110,71
257,68
21,35
95,108
117,31
72,69
88,69
187,62
126,33
146,35
49,130
196,70
174,192
52,114
94,38
264,66
119,42
66,82
101,80
87,29
166,89
131,73
189,152
208,41
188,157
33,50
102,206
51,73
256,25
131,33
210,103
202,118
114,212
23,100
102,40
217,88
218,86
225,40
46,46
174,99
236,35
152,50
79,34
27,88
106,31
199,128
184,167
82,36
87,128
200,39
26,50
100,29
48,107
262,66
172,196
59,23
89,198
162,276
202,120
186,158
29,111
72,25
253,70
218,88
170,199
286,60
27,86
172,195
172,261
84,28
180,178
163,218
182,170
38,48
163,276
166,212
286,39
148,76
229,39
86,69
111,71
23,27
84,27
127,71
182,173
186,160
64,71
124,33
201,82
170,201
278,62
43,77
176,37
19,36
93,117
148,75
77,155
66,25
194,66
30,19
133,229
212,95
234,76
255,27
164,218
185,59
99,80
173,276
89,74
141,246
143,246
130,73
117,215
214,41
19,45
256,68
78,151
173,54
187,102
79,188
64,38
50,73
199,93
129,33
185,60
208,107
76,178
280,34
44,75
250,70
108,40
75,177
94,111
131,227
149,256
27,50
156,233
52,42
109,71
274,28
205,41
137,236
139,240
87,197
199,90
100,80
192,145
194,141
90,74
54,124
165,87
103,90
196,133
52,130
239,33
276,29
178,181
160,227
135,236
49,107
160,82
158,232
270,27
163,255
96,202
149,48
115,214
99,71
72,35
54,119
115,71
225,80
122,31
250,72
216,88
75,175
174,266
287,41
25,90
244,74
43,128
139,238
145,251
200,127
36,48
97,38
207,41
26,106
75,164
77,184
156,246
174,269
60,71
50,109
142,48
145,252
92,29
292,50
39,77
171,93
150,35
280,62
226,80
137,46
122,33
158,35
56,90
204,114
157,249
174,276
35,78
254,70
202,40
220,82
64,25
32,50
50,100
40,18
58,23
128,73
27,23
103,207
31,114
52,21
35,119
110,210
220,41
150,260
99,99
46,19
214,94
198,132
112,212
64,23
45,75
193,66
249,29
285,39
203,41
21,34
95,111
54,42
243,31
174,190
52,116
128,71
152,77
169,276
33,79
272,27
182,103
75,27
100,97
197,95
147,48
166,257
44,19
101,206
174,193
215,90
52,115
248,72
66,83
101,95
83,137
113,212
168,52
116,71
63,23
282,36
206,112
188,158
127,221
185,164
42,48
210,100
202,119
218,87
174,96
290,46
61,71
162,84
91,38
128,44
224,80
249,72
85,135
184,168
87,131
71,69
243,74
172,54
190,152
231,78
286,58
197,74
75,159
78,184
62,86
262,67
172,197
274,62
131,46
25,106
82,141
162,222
202,121
185,39
186,159
25,27
193,39
29,110
139,47
124,44
72,26
127,33
166,210
179,101
97,103
55,42
23,29
84,29
182,171
50,44
93,202
166,213
78,27
104,71
148,77
209,41
229,38
52,94
84,36
67,36
142,75
257,25
186,161
48,130
201,81
43,76
170,259
46,75
19,39
93,116
77,154
22,48
83,194
34,79
291,49
183,103
133,228
119,31
255,26
185,58
96,38
65,71
141,245
90,121
26,23
189,62
117,214
19,44
256,69
37,122
101,29
52,44
291,54
199,92
40,48
208,108
136,46
63,38
121,43
54,122
280,35
250,71
54,21
75,176
131,226
42,126
156,234
84,194
52,43
287,58
274,29
96,69
192,99
46,130
158,230
87,196
162,253
154,35
192,146
121,44
194,138
173,261
161,51
54,125
117,216
103,85
140,33
69,69
196,134
159,274
75,169
276,30
80,188
195,70
178,178
288,41
160,228
160,83
63,84
191,99
140,73
161,52
72,36
193,142
216,89
125,33
108,31
145,35
75,174
156,248
284,37
177,37
160,251
174,267
107,209
202,39
25,89
252,27
145,250
199,75
164,255
292,52
99,79
100,71
36,49
80,27
61,23
27,107
246,29
164,256
75,167
204,116
77,183
136,236
156,247
284,60
174,274
141,48
215,41
55,21
220,84
79,147
230,37
292,51
65,36
265,23
33,19
90,36
56,91
204,115
161,253
109,42
202,41
220,83
168,89
82,76
155,270
50,101
235,35
40,19
21,31
98,204
172,93
110,42
51,111
198,130
27,22
103,206
35,118
91,117
60,86
85,74
242,74
99,98
47,130
232,76
166,276
150,50
171,276
247,29
91,74
191,63
193,65
263,23
21,33
39,123
95,110
121,218
231,37
81,143
153,266
174,191
175,55
52,117
111,31
239,74
152,78
138,33
30,83
206,110
233,76
197,94
72,78
93,29
83,27
137,73
86,36
281,60
101,94
83,136
123,33
92,74
282,37
114,42
167,52
206,113
151,261
65,25
122,218
197,71
240,33
58,40
30,50
34,17
254,27
181,174
127,220
210,101
101,71
31,81
242,31
188,39
117,71
139,48
196,39
53,21
218,84
221,41
95,69
190,150
174,97
290,47
93,111
162,85
184,58
111,42
224,81
85,134
160,35
180,174
74,34
132,73
188,62
87,130
91,199
225,39
286,59
197,73
144,75
75,158
172,198
123,71
52,73
274,63
147,256
25,105
151,50
62,38
162,223
25,26
139,46
72,27
200,80
166,211
175,99
97,102
176,184
157,271
104,208
167,257
23,28
70,25
182,168
164,214
157,81
200,87
164,37
93,201
169,54
170,204
172,37
180,101
290,56
173,194
229,37
52,95
113,31
274,64
136,33
192,142
32,114
201,80
105,71
19,38
184,103
241,74
93,115
77,153
177,56
105,208
31,50
129,46
149,35
245,31
65,70
157,35
141,244
265,66
256,70
165,52
37,121
41,126
93,76
156,236
56,40
212,96
213,94
86,196
121,42
143,249
54,123
75,34
81,191
145,48
219,41
164,276
93,69
156,235
178,184
106,208
96,70
139,242
158,231
223,82
192,147
191,101
194,139
85,29
161,50
182,39
266,66
103,84
196,135
56,71
75,168
222,41
24,48
276,31
132,228
85,196
178,179
288,42
24,95
193,99
159,228
270,25
199,77
140,74
124,71
54,117
93,38
100,40
216,90
75,161
156,249
284,38
174,264
160,252
107,208
219,84
20,35
59,88
116,31
79,149
140,242
161,83
199,74
292,53
111,211
97,203
43,19
99,78
154,50
36,50
186,60
133,46
27,106
51,96
162,37
164,257
75,166
204,117
77,182
98,29
170,37
156,240
174,275
288,56
87,125
96,107
81,76
79,146
50,107
97,204
29,85
33,18
272,64
79,69
48,44
56,92
103,208
109,41
168,90
60,88
81,69
192,64
50,98
106,71
185,103
172,94
54,94
99,205
52,96
198,131
143,75
86,131
141,33
197,132
60,87
168,208
99,101
48,75
232,77
143,35
273,64
105,31
214,92
52,111
124,218
112,71
41,77
98,38
34,116
92,117
99,29
191,62
193,64
232,37
21,32
39,122
43,127
121,217
115,42
98,78
81,142
189,101
153,265
174,188
175,54
76,76
152,79
101,84
138,46
212,41
166,37
191,39
199,39
57,71
206,111
197,93
72,79
171,261
155,50
126,220
101,93
83,139
67,69
106,40
169,259
28,21
91,200
188,152
207,108
151,260
228,39
29,50
174,95
197,70
246,72
77,76
210,98
31,80
166,87
23,97
218,85
168,204
190,151
97,107
26,89
171,198
180,56
224,82
77,69
25,103
85,133
160,36
180,175
181,39
55,71
202,124
156,80
91,198
92,200
57,90
167,37
170,276
197,72
221,82
62,84
247,72
88,36
59,40
25,104
153,35
151,77
120,42
177,101
162,220
55,92
25,25
139,33
158,272
166,208
169,204
80,76
50,130
90,29
145,75
271,64
37,77
97,101
176,185
157,270
23,31
49,75
160,50
31,79
182,169
164,215
186,164
99,39
191,64
89,125
93,200
275,29
58,90
169,53
180,102
36,120
170,92
251,27
87,74
34,50
241,33
92,38
192,143
121,31
218,41
201,87
167,208
48,19
103,40
290,48
19,41
93,114
77,152
158,250
198,93
129,45
132,46
245,30
65,69
104,40
141,243
68,69
19,46
37,120
93,75
41,125
149,260
156,237
234,35
91,29
56,41
79,185
212,97
162,224
108,210
74,78
29,112
143,248
54,120
147,253
81,190
47,75
75,178
131,228
195,67
274,27
96,71
77,27
158,228
87,198
142,34
199,87
57,23
192,148
191,100
68,36
268,25
71,25
94,202
39,48
103,87
51,21
165,37
75,171
81,192
173,37
174,262
85,195
288,43
161,275
135,233
193,98
199,76
104,29
140,75
275,62
137,33
75,160
190,62
284,39
174,265
160,253
269,64
161,276
25,95
79,148
292,54
38,77
111,210
97,202
263,66
174,54
125,71
27,109
204,118
77,181
82,192
156,241
174,272
288,57
91,121
155,267
176,99
29,84
33,17
53,94
48,45
122,44
216,41
168,257
62,23
270,64
109,40
168,91
82,74
28,50
50,99
172,95
120,216
197,97
99,204
214,90
162,52
198,128
205,114
66,69
35,120
91,119
255,70
223,41
25,50
82,69
186,103
39,124
99,100
232,78
97,78
153,263
84,135
214,93
180,37
187,61
80,145
209,104
163,52
50,21
70,80
21,47
43,126
44,128
121,216
97,71
81,141
153,264
66,36
174,189
179,178
125,220
37,48
184,39
113,71
76,77
24,27
42,77
192,39
101,83
91,69
165,257
38,17
206,108
156,270
143,48
195,138
52,126
163,85
153,79
210,104
101,92
83,138
141,75
126,44
282,35
71,80
58,71
76,157
278,31
188,153
135,73
123,218
127,222
167,276
172,276
210,99
31,83
88,198
55,73
184,164
260,25
23,96
252,70
70,69
168,205
190,148
48,104
290,45
97,106
118,31
138,73
162,83
25,102
102,84
85,132
160,37
96,29
168,37
25,23
135,46
156,81
268,64
107,40
95,76
233,37
129,226
169,91
62,85
27,85
195,97
173,95
87,36
70,36
162,221
25,24
82,27
282,60
228,78
213,41
51,130
89,123
166,209
278,32
48,102
61,86
176,186
56,21
148,48
23,30
49,74
178,101
182,174
99,38
89,124
142,246
169,52
170,202
29,21
68,80
180,103
290,54
19,35
130,226
170,93
98,101
62,71
87,69
237,35
241,32
42,19
107,31
144,35
89,69
36,17
201,86
114,71
48,20
283,37
290,49
201,39
19,40
93,113
77,151
187,101
158,251
181,58
129,44
60,23
208,104
245,29
33,115
141,242
164,85
154,79
69,80
93,74
41,124
149,259
156,238
56,42
79,184
134,232
264,23
120,71
212,98
32,19
199,89
238,76
43,46
194,142
33,116
54,121
147,252
81,189
103,89
125,44
170,54
195,66
178,182
160,224
136,73
138,238
158,229
142,35
115,213
45,130
174,37
103,86
158,50
75,170
174,263
85,194
159,81
288,44
161,274
135,232
193,97
199,79
75,69
111,212
28,85
104,30
85,36
200,124
130,46
211,41
196,136
75,163
168,276
262,23
118,71
174,270
161,224
107,210
23,48
25,94
79,151
50,110
110,31
27,108
77,180
156,242
174,273
88,29
288,58
87,127
35,77
91,120
155,266
85,69
181,103
146,75
63,71
176,100
29,83
201,124
41,48
48,46
175,37
168,258
31,113
74,27
224,41
82,75
