85,78
91,23
104,109
121,70
108,83
107,119
111,70
148,60
27,68
57,163
160,55
79,76
127,70
24,104
89,94
77,76
137,91
63,137
164,69
66,168
165,81
104,63
113,84
98,45
16,84
99,48
30,100
65,96
73,5
87,13
85,109
7,98
48,152
117,70
90,152
53,20
159,53
131,89
49,28
94,98
50,27
71,100
95,98
55,161
86,93
161,94
148,59
24,73
60,165
63,168
69,5
57,164
85,155
149,58
13,89
163,64
88,93
25,103
90,95
96,38
164,76
84,9
165,90
76,87
140,92
6,101
47,90
129,88
17,83
130,70
52,24
100,50
91,79
5,103
61,138
18,81
69,83
102,131
54,18
86,114
146,63
103,61
134,90
75,102
72,100
90,18
68,134
100,102
135,90
61,94
12,90
111,84
33,59
74,102
72,74
123,70
86,78
92,149
48,90
78,160
94,30
107,123
137,69
25,104
122,70
103,104
164,75
28,68
113,70
94,32
77,88
83,125
51,157
140,91
62,9
95,37
52,158
17,84
48,150
41,94
163,60
87,154
119,70
21,77
86,117
80,76
114,84
107,68
133,69
60,93
23,75
110,83
86,111
95,80
78,129
62,95
50,156
33,60
81,90
93,26
41,44
142,92
42,43
74,75
75,75
53,91
54,91
162,94
59,140
100,81
28,67
81,159
67,168
27,103
74,85
48,32
80,128
95,34
165,86
162,56
130,88
22,106
97,43
20,78
29,101
85,120
33,98
6,105
68,73
74,164
66,73
22,76
89,152
71,83
53,144
80,89
63,96
106,67
98,100
107,83
146,64
158,96
80,127
147,61
63,78
97,80
11,92
76,102
82,125
163,93
26,70
124,70
152,95
164,71
102,82
8,109
30,64
39,47
97,44
115,70
98,146
51,145
103,82
51,24
16,86
99,50
62,138
114,70
100,53
102,142
60,73
93,149
82,90
149,94
108,68
152,55
153,54
136,90
154,53
31,61
106,126
163,66
35,54
164,78
57,140
165,88
82,7
128,70
37,52
143,92
85,10
59,11
89,79
52,145
84,122
35,98
67,97
86,112
43,93
76,5
133,90
103,63
81,77
159,96
150,95
84,78
32,60
121,86
98,80
120,70
51,90
56,15
107,125
57,14
138,91
73,164
103,106
58,13
15,110
115,84
19,107
44,40
126,70
161,56
38,50
61,167
60,11
8,97
143,67
56,91
19,81
61,10
163,62
46,91
101,58
116,70
132,89
22,75
37,97
44,92
55,18
71,84
109,68
104,106
100,144
73,75
56,141
34,57
151,95
111,69
69,168
142,68
44,39
40,95
45,38
97,146
165,84
164,90
21,106
39,48
97,41
65,73
26,103
91,95
42,93
83,106
72,5
98,46
118,85
76,130
52,22
7,97
101,134
48,30
68,81
66,97
88,14
55,142
84,92
50,28
89,15
60,76
103,130
123,86
52,90
15,86
63,72
61,72
68,5
122,86
106,117
29,66
58,164
76,163
112,70
77,162
80,159
6,102
70,166
10,109
51,26
96,146
100,55
101,143
71,74
18,82
118,70
102,140
36,97
159,95
84,91
147,94
91,96
89,16
105,110
18,108
110,69
60,75
145,93
80,104
87,93
54,142
106,82
105,112
77,103
31,63
63,95
54,160
35,56
81,6
83,157
43,40
164,72
128,88
64,73
163,59
101,136
87,153
86,118
102,60
85,92
14,88
107,67
65,137
56,162
156,96
49,154
99,144
46,34
78,130
91,150
92,24
40,46
93,29
94,149
68,168
56,17
102,104
42,44
75,86
81,127
72,84
88,78
165,79
59,139
142,67
74,86
95,33
66,80
63,8
6,106
101,56
23,105
94,80
7,106
92,96
83,77
96,99
69,98
74,131
49,147
91,20
104,108
92,23
47,32
79,128
144,93
11,91
61,77
27,69
82,126
160,54
150,57
139,68
60,139
161,55
104,129
89,95
45,36
164,68
165,82
98,44
86,11
99,49
67,81
65,97
85,110
7,99
74,5
101,132
12,110
53,21
105,65
102,139
49,29
145,64
75,131
49,148
50,26
88,153
157,96
79,6
96,80
9,94
50,147
86,92
120,86
99,100
161,95
81,105
53,160
149,59
101,102
66,136
85,156
163,65
13,90
106,115
20,107
78,88
96,37
36,54
164,67
84,8
49,90
82,8
72,133
58,140
76,86
126,88
6,100
47,91
69,74
31,100
87,11
86,155
35,97
83,91
61,139
102,130
102,59
146,62
14,87
59,93
53,143
100,101
61,95
25,71
65,168
107,120
72,166
70,133
103,105
164,74
43,42
15,109
62,8
48,149
32,100
163,61
57,92
21,78
54,20
86,116
84,108
55,17
104,65
90,151
100,143
38,96
64,7
45,91
86,110
79,159
144,66
93,97
65,6
105,127
92,26
25,72
136,69
34,58
93,27
41,45
79,88
42,42
155,53
50,90
28,66
78,76
127,88
95,35
165,87
162,59
29,102
85,121
33,99
6,104
132,69
58,93
84,107
73,101
91,22
106,66
104,110
47,34
103,129
63,79
107,118
11,93
67,136
146,93
84,156
125,87
39,95
106,118
24,105
83,8
137,90
164,70
165,80
8,108
95,147
141,68
126,87
6,99
10,110
16,85
51,25
30,101
129,70
87,12
48,153
85,108
100,52
119,85
102,137
86,120
78,5
147,93
154,96
62,72
67,6
59,165
109,83
152,54
64,168
24,74
60,166
149,57
88,94
163,67
13,88
106,113
35,55
69,167
151,55
96,39
164,77
57,141
165,89
71,133
64,80
37,53
52,144
100,51
5,102
69,82
8,95
54,19
86,115
64,137
68,98
10,93
105,82
72,101
90,19
150,94
84,77
68,135
97,99
12,91
33,58
69,134
72,75
92,150
78,161
107,122
94,31
57,15
73,165
58,12
115,85
94,33
77,87
83,124
51,156
95,36
60,10
52,159
8,96
101,81
48,151
41,93
163,63
92,79
131,70
17,109
80,77
155,96
60,94
23,74
74,132
91,19
109,69
70,99
81,89
34,56
70,5
138,69
53,90
63,167
65,80
81,158
44,38
27,102
157,53
40,94
82,157
165,85
162,57
21,107
39,49
97,42
20,79
95,148
130,89
83,107
5,104
9,109
68,74
22,77
101,135
53,159
88,13
123,87
147,60
15,87
102,103
61,73
76,103
163,92
106,116
26,71
151,56
63,138
99,47
30,65
76,162
105,128
159,54
84,124
141,92
100,54
101,55
16,109
94,97
89,17
105,111
62,78
60,74
82,91
55,162
105,113
153,53
106,127
80,6
70,134
81,7
153,95
43,41
37,51
85,9
89,78
73,132
64,72
28,102
78,104
84,123
93,80
101,137
75,5
86,113
43,92
148,94
133,89
103,62
90,17
49,155
32,61
99,145
98,81
91,151
74,101
66,6
40,45
93,30
94,148
56,16
107,124
57,13
71,5
51,158
38,51
61,166
90,79
164,92
117,85
143,66
56,92
19,80
61,9
64,79
101,57
37,96
34,98
7,107
96,98
69,99
82,77
91,21
13,110
46,36
104,107
50,155
47,33
79,129
56,142
144,92
87,78
160,95
14,110
61,78
67,135
162,93
150,56
139,69
104,128
45,37
164,91
165,83
22,105
97,40
79,104
139,91
98,47
86,10
74,163
76,131
52,23
77,130
101,133
48,31
53,22
105,66
68,82
102,138
49,30
145,65
78,6
49,149
88,152
89,14
135,69
98,99
9,95
50,146
60,77
104,82
64,8
120,85
147,62
99,101
68,6
81,106
73,85
101,103
106,114
29,65
26,69
58,165
140,68
36,53
102,81
99,81
62,167
98,145
20,80
72,132
77,161
51,146
70,167
158,53
116,85
71,166
86,154
78,103
75,163
96,147
101,142
153,96
18,83
102,141
102,58
93,79
70,83
71,99
18,109
10,94
80,105
54,143
106,83
30,63
31,62
54,161
72,165
106,125
107,121
125,70
83,156
164,73
76,76
59,12
112,84
32,99
134,69
131,69
102,132
67,98
64,96
86,119
102,61
7,108
104,64
70,74
77,5
144,65
45,92
65,136
56,163
49,153
65,7
46,35
111,83
92,25
25,73
40,47
82,106
93,28
79,89
124,87
38,95
81,126
79,160
72,85
156,53
165,78
19,108
76,75
55,91
38,49
96,40
82,158
66,81
162,58
85,122
58,92
67,73
92,97
11,110
