68,138
100,106
46,42
81,93
73,72
95,101
57,20
122,74
58,19
97,52
150,62
29,70
94,44
65,84
92,36
48,37
82,153
93,41
130,85
95,144
80,155
72,8
88,98
56,75
98,142
33,95
133,73
134,73
18,86
60,81
16,106
53,155
54,27
87,107
84,95
147,90
47,40
59,162
65,11
104,122
76,99
61,69
138,72
102,125
162,82
68,165
63,83
97,77
92,35
84,128
74,89
103,115
83,153
30,69
22,102
127,85
73,135
51,31
66,93
52,151
119,83
98,137
141,88
90,99
53,29
71,71
88,24
87,96
93,77
94,101
95,77
100,129
110,72
56,158
152,60
77,100
91,146
153,57
101,110
94,145
160,69
161,73
35,61
71,8
156,56
102,78
97,56
115,82
44,46
73,136
66,84
67,94
99,62
63,12
28,98
159,59
85,127
9,101
92,100
11,107
90,148
74,135
90,29
84,75
64,165
79,132
144,89
102,111
154,57
14,107
82,130
96,52
63,164
85,151
95,143
94,43
60,143
38,55
61,162
39,54
113,81
94,77
90,117
10,100
77,133
92,99
96,102
57,78
76,158
88,149
46,40
135,72
69,137
123,84
56,146
161,91
67,139
146,90
123,74
149,63
66,140
58,17
162,89
13,94
92,38
103,116
93,39
82,12
20,85
76,90
154,93
126,84
97,143
116,74
17,88
56,77
105,70
68,94
58,79
53,153
54,25
145,69
99,131
59,89
75,99
64,12
147,66
67,9
99,105
111,73
104,124
122,83
73,89
102,115
160,64
70,8
58,161
72,162
127,73
125,73
155,56
53,87
65,69
72,136
88,107
83,129
158,57
62,141
71,162
159,60
112,81
32,96
12,96
53,27
105,79
57,88
89,27
70,87
18,105
77,8
86,106
93,101
68,9
149,65
101,108
34,62
100,78
161,79
81,130
79,92
27,74
124,84
88,76
43,47
41,51
160,61
67,165
76,72
52,152
22,81
131,73
118,82
16,90
129,73
87,123
33,65
14,93
89,28
104,68
78,157
110,81
144,69
73,97
45,88
65,140
34,95
148,66
106,70
70,96
25,77
47,38
82,102
136,72
108,80
56,22
101,127
41,52
97,55
80,9
126,73
24,101
124,73
82,154
88,121
49,35
64,69
130,86
19,86
141,72
139,88
90,115
10,98
21,84
30,97
85,96
11,98
158,92
77,157
54,157
133,86
51,33
121,74
59,161
161,89
104,119
125,84
102,126
162,87
83,13
103,118
101,66
84,14
49,36
30,70
64,92
87,19
71,137
85,15
66,94
52,148
67,84
98,138
52,29
85,105
89,110
12,107
69,86
88,21
78,8
75,134
76,8
71,96
72,97
81,74
121,83
109,80
161,82
12,95
62,81
72,71
86,75
51,87
102,113
160,66
69,164
73,161
60,16
64,83
31,69
28,73
115,81
77,91
140,88
38,57
97,134
60,14
99,61
21,102
98,133
79,101
83,94
89,119
68,71
69,95
23,80
17,105
96,143
87,124
80,73
55,23
89,25
64,140
59,80
90,30
91,31
61,90
74,98
161,77
142,89
40,52
96,49
102,66
160,63
37,59
81,154
58,144
27,98
55,88
40,90
62,13
45,43
98,59
90,76
129,85
39,53
86,151
83,103
89,120
87,150
9,105
32,95
89,98
118,74
57,73
53,147
82,74
80,102
78,133
59,79
123,83
161,70
57,21
58,18
50,87
91,32
97,53
29,71
42,49
80,132
81,10
151,60
86,17
88,123
93,42
95,46
152,92
87,20
29,97
90,113
88,97
74,160
23,102
21,82
56,74
55,146
70,71
134,72
131,86
60,80
16,105
75,8
54,26
80,93
147,91
35,94
54,147
106,79
145,90
37,92
104,121
136,87
162,85
68,164
97,78
59,16
92,34
75,90
101,64
62,164
115,74
50,33
155,93
132,73
52,150
130,73
62,142
78,100
52,31
98,136
141,89
91,76
89,108
90,98
86,125
88,23
43,88
87,97
32,67
55,24
100,128
74,159
93,145
60,69
106,80
152,59
161,80
96,77
91,147
24,79
66,10
153,58
101,111
94,144
160,68
161,74
27,73
153,92
36,61
57,144
97,57
44,45
139,72
99,63
143,70
22,82
56,88
61,13
98,131
89,117
9,102
55,158
99,140
14,94
90,28
34,64
84,74
100,108
97,102
64,164
79,133
120,74
154,56
160,91
14,106
75,72
38,92
96,51
15,106
37,57
20,103
94,42
60,142
98,57
61,163
103,124
117,82
39,55
19,85
47,87
90,116
44,88
77,134
11,97
134,87
68,86
57,79
58,71
68,139
13,107
88,148
100,107
98,103
61,81
69,138
146,67
107,80
56,145
87,75
48,87
162,88
91,34
13,95
150,63
94,45
140,72
92,37
48,38
70,137
103,117
93,40
62,163
20,84
26,99
154,92
42,89
70,163
97,136
17,89
114,73
56,76
104,79
18,87
53,154
87,106
70,95
59,70
64,11
82,93
147,67
65,10
104,123
62,82
102,114
162,83
63,82
72,161
58,160
84,129
83,152
101,78
65,70
158,56
10,105
119,82
71,163
98,134
157,93
53,28
57,89
88,25
159,91
84,103
85,95
93,76
79,9
70,86
18,104
110,73
100,130
56,159
15,91
77,99
101,109
59,144
160,70
161,72
81,131
26,75
27,75
38,91
88,75
102,79
160,60
19,104
98,60
159,58
85,126
87,149
9,100
16,89
148,91
33,66
14,92
11,106
107,71
78,156
110,80
73,98
34,94
148,65
62,92
25,78
47,39
144,90
56,21
74,72
72,88
54,88
57,159
59,143
142,71
24,100
42,50
137,87
86,18
63,141
95,45
67,70
128,73
90,114
23,101
66,70
30,96
156,93
57,77
76,159
35,93
77,158
54,156
46,41
85,75
95,102
120,83
161,90
57,160
162,86
150,61
79,73
77,73
137,88
75,89
103,119
43,48
49,37
84,13
93,38
115,73
113,73
76,91
50,34
126,85
95,48
97,142
67,85
98,141
101,128
89,111
61,142
105,69
68,95
145,68
86,126
88,20
75,135
99,130
159,92
71,97
75,98
15,92
99,104
151,91
73,88
102,112
85,152
100,64
63,92
160,65
70,9
78,92
99,78
25,100
28,72
72,137
38,56
88,108
97,135
116,82
21,103
31,96
98,132
41,90
74,8
89,112
83,95
12,97
68,70
119,74
23,81
87,125
55,157
99,139
89,26
23,79
93,100
135,87
61,91
62,91
111,81
81,102
149,64
34,63
63,69
161,78
35,62
138,88
96,48
43,46
49,87
41,50
31,67
65,93
81,155
160,62
27,99
76,73
98,58
78,73
62,12
45,44
103,67
52,153
86,150
112,73
46,88
89,121
16,91
89,148
84,104
33,64
83,74
104,69
90,147
71,87
79,155
53,148
144,70
80,101
54,155
106,71
98,104
146,68
25,76
82,103
65,165
56,23
161,71
53,88
91,33
97,54
80,10
29,72
128,85
42,48
80,131
81,11
124,74
86,16
88,122
95,47
49,34
151,61
141,71
29,98
26,100
42,90
90,112
10,99
58,89
21,83
56,73
18,88
158,93
80,92
54,146
62,69
59,69
51,32
82,94
37,93
108,72
104,120
84,152
151,92
39,91
66,139
102,127
162,84
78,91
59,17
83,12
101,65
66,165
64,93
82,11
87,18
85,14
103,79
10,106
52,149
73,8
98,139
52,30
85,104
89,109
132,86
88,22
78,9
43,89
32,66
91,99
55,25
59,90
93,146
149,91
150,91
75,159
67,10
108,71
99,106
152,58
161,81
24,78
60,162
72,72
160,67
161,75
98,78
26,76
69,163
73,160
36,60
57,145
85,128
143,89
31,68
19,103
44,44
89,76
103,68
60,15
83,130
99,60
117,74
143,71
159,57
79,100
61,14
100,63
92,76
46,87
89,118
9,103
80,74
99,141
64,141
71,88
57,71
90,31
79,156
86,105
109,72
97,103
36,93
69,9
52,87
92,146
161,76
137,72
57,19
40,53
96,50
36,59
102,67
65,83
37,58
85,16
157,56
40,91
103,125
45,42
9,104
69,71
76,134
114,81
134,86
68,85
60,90
57,72
58,70
86,96
