50,96
71,111
92,16
28,162
80,12
79,76
151,164
33,343
65,348
54,382
64,20
106,76
89,12
77,381
100,127
85,56
67,142
94,174
151,189
106,149
102,169
53,321
78,379
12,272
144,211
110,72
77,374
97,213
122,215
32,179
68,15
69,135
149,202
151,186
106,156
131,54
101,82
159,59
12,271
24,325
69,128
57,259
55,280
169,103
151,179
155,52
91,44
77,81
62,48
114,214
79,377
58,68
10,291
48,114
122,217
30,166
69,137
90,14
57,260
93,19
169,104
53,299
127,217
62,59
119,62
84,12
102,82
167,89
148,205
28,157
30,169
34,180
57,269
20,316
98,89
151,193
70,356
53,308
36,220
79,222
138,217
59,332
83,66
28,148
30,144
20,315
52,84
71,359
36,219
53,317
163,75
50,94
39,128
34,343
149,134
28,147
50,375
72,109
73,97
80,221
52,83
36,194
38,218
79,172
62,44
50,89
12,298
18,263
73,106
58,257
153,51
83,174
87,53
75,88
93,174
24,256
95,21
72,12
92,215
114,68
149,136
40,356
66,18
105,213
38,212
21,319
153,52
48,371
70,14
108,213
37,351
75,81
147,137
97,172
92,174
28,248
30,140
98,116
38,207
59,387
75,86
58,386
147,142
95,27
167,115
100,86
161,62
149,154
28,247
32,242
34,234
29,144
14,305
36,230
84,61
89,46
149,50
60,38
165,82
151,131
71,168
56,74
83,221
102,139
103,166
26,330
87,217
167,97
60,61
26,253
61,340
10,275
67,350
67,149
93,35
20,261
55,289
81,174
103,78
107,213
168,111
22,323
50,111
142,50
71,120
73,361
10,282
67,154
69,162
34,132
130,217
84,219
102,133
14,266
73,385
61,245
63,241
135,217
50,102
71,113
32,175
73,168
151,174
101,213
106,160
59,250
77,172
64,239
65,346
14,269
96,101
50,97
71,110
28,163
130,56
148,146
149,199
151,167
118,62
47,118
38,351
62,28
134,52
87,12
54,383
64,21
82,67
110,70
77,380
23,256
18,311
151,188
122,60
69,356
53,320
67,233
12,273
77,373
69,134
149,201
151,181
106,157
162,68
11,297
159,58
70,387
75,385
166,88
17,264
145,211
24,326
98,213
143,50
57,258
55,283
169,102
151,178
77,80
62,49
63,344
114,215
79,376
69,231
147,207
58,69
61,387
10,288
48,115
66,389
30,167
69,136
34,186
57,267
93,18
169,111
53,298
62,56
167,88
73,229
75,12
28,158
34,181
57,268
20,317
98,86
151,192
53,307
36,221
163,69
47,369
69,233
59,335
28,149
136,217
52,85
71,358
36,196
53,316
128,56
163,74
62,42
50,95
22,258
12,300
149,133
50,372
73,96
55,383
36,195
111,68
148,50
62,45
12,299
116,215
104,76
68,389
32,238
73,105
108,72
38,210
153,50
87,52
75,91
95,20
72,13
74,170
149,151
30,138
40,357
79,12
38,213
67,16
95,29
99,86
93,215
133,54
28,249
30,141
105,76
72,387
98,117
106,213
14,303
109,72
38,204
147,145
58,387
95,26
60,40
167,114
157,56
161,61
149,153
137,52
30,244
13,303
34,235
38,199
168,98
89,45
72,360
115,215
60,39
165,81
151,130
99,213
56,75
150,131
83,220
102,136
26,331
27,331
59,257
167,96
60,62
26,250
61,339
67,148
93,34
20,262
55,288
81,173
43,361
102,131
141,50
96,104
22,320
50,108
52,376
71,123
73,360
10,283
67,157
69,161
34,133
53,82
32,339
28,332
31,138
14,267
61,244
63,240
50,103
68,141
71,112
128,217
78,77
151,169
46,122
106,161
58,332
59,253
77,171
62,26
65,345
28,331
85,219
105,162
96,102
96,213
85,61
54,82
165,117
151,166
118,63
112,68
62,29
65,239
134,53
54,380
78,374
64,22
157,125
106,74
107,72
110,71
19,315
77,379
64,389
100,121
94,172
151,191
104,139
122,61
106,147
38,130
76,81
63,341
69,355
159,60
63,239
12,274
77,372
69,133
93,31
55,285
149,200
151,180
106,154
125,217
126,217
91,41
53,295
113,68
102,166
75,384
40,126
113,213
145,210
24,327
44,122
10,294
71,229
57,257
55,282
169,101
155,54
77,79
62,54
79,379
46,368
73,227
147,206
58,66
10,289
48,116
30,164
34,187
57,266
93,17
55,275
169,110
98,92
152,50
91,39
53,297
62,57
102,80
167,91
73,228
10,296
28,159
49,371
57,275
20,318
98,87
151,195
71,360
36,222
53,306
163,68
132,54
69,232
34,346
59,334
28,150
98,110
52,86
53,315
36,197
128,57
163,77
62,43
50,92
56,384
12,301
149,132
50,373
30,338
73,103
104,213
37,218
38,216
80,71
104,77
32,239
73,104
16,307
38,211
87,55
15,266
89,217
75,90
95,23
72,14
70,164
94,213
114,66
149,150
117,215
30,139
140,50
40,358
100,128
66,16
38,202
75,83
147,139
95,28
24,254
67,160
93,214
28,250
30,242
145,50
55,325
98,114
38,205
49,114
85,174
86,217
161,67
147,144
60,41
157,55
161,60
165,87
149,152
104,162
30,245
34,232
36,224
161,68
60,32
10,278
165,80
29,246
56,76
102,137
69,389
26,328
134,217
62,241
133,217
50,114
71,125
59,256
60,63
26,251
61,338
154,52
67,151
54,78
93,33
55,291
98,172
81,172
100,213
104,144
158,56
57,331
64,344
96,105
22,321
50,109
52,377
71,122
10,280
67,156
69,160
143,211
101,170
32,340
57,332
28,333
96,96
81,71
61,243
50,100
71,115
151,168
33,134
35,230
59,252
77,170
152,127
62,27
100,170
65,344
85,218
96,103
85,60
18,314
165,116
130,54
151,161
79,73
36,188
59,245
82,174
65,238
54,381
110,213
157,124
106,75
161,121
110,68
100,122
74,227
94,173
61,60
151,190
45,365
104,140
36,187
63,340
105,147
69,354
67,235
77,371
44,124
69,132
70,231
55,284
169,99
151,183
106,155
91,40
53,294
102,167
40,127
46,366
72,229
145,209
44,123
10,295
123,217
69,141
55,277
75,225
97,92
169,100
53,303
77,78
62,55
55,76
114,213
167,93
79,378
135,52
46,369
68,233
147,209
58,67
25,327
48,117
30,165
34,184
57,265
93,16
169,109
151,197
53,296
81,12
102,81
139,217
123,60
167,90
10,297
28,152
69,127
34,179
57,274
20,319
151,194
65,389
53,305
36,223
163,71
34,347
144,50
35,347
28,151
98,111
84,174
158,123
52,87
53,314
36,198
128,58
163,76
139,215
50,93
56,385
22,256
12,302
149,131
30,339
73,102
77,225
83,61
163,117
38,217
38,354
89,215
36,348
87,174
101,131
155,125
104,78
75,383
76,12
16,308
159,121
38,208
87,54
89,216
36,347
54,293
75,93
95,22
85,12
32,136
114,67
149,149
40,359
98,120
100,129
66,17
67,389
31,171
38,203
75,82
147,138
95,31
24,255
93,213
96,172
95,172
23,323
149,158
30,243
34,238
75,365
55,324
42,126
98,115
91,16
26,327
161,66
58,385
157,54
32,134
165,86
76,170
104,163
30,335
34,233
88,12
36,225
96,92
89,51
60,33
10,279
67,145
56,275
93,39
55,293
61,30
71,165
118,64
69,388
26,329
66,237
17,311
71,124
167,98
61,337
27,250
10,286
121,62
67,150
143,213
54,79
164,78
93,32
55,290
165,88
104,145
125,58
73,12
57,330
131,217
96,106
60,64
50,106
52,378
71,117
10,281
67,159
32,171
164,117
77,223
32,341
28,334
138,52
96,97
81,70
61,242
156,125
50,101
71,114
76,383
61,41
151,171
46,120
59,255
44,361
62,24
85,217
53,379
54,379
100,124
85,59
67,141
18,315
54,80
146,209
165,115
130,55
150,50
151,160
79,72
106,150
124,217
36,189
153,127
65,237
102,170
53,324
112,213
157,123
106,72
161,120
110,69
43,124
100,123
32,176
73,95
149,205
151,185
104,141
38,128
60,245
63,343
69,353
79,375
67,234
77,370
69,131
55,287
169,98
151,182
102,213
106,152
91,43
53,293
116,64
63,22
46,367
10,292
30,163
69,140
71,231
57,263
55,276
169,107
150,199
53,302
77,77
62,52
86,174
167,92
141,215
147,208
65,18
48,118
30,170
34,185
57,264
169,108
98,90
151,196
53,311
79,221
139,216
117,64
83,65
28,153
69,126
57,273
97,109
33,179
53,304
163,70
151,50
34,344
28,144
53,313
36,199
62,41
156,54
50,90
88,217
22,257
12,303
154,127
50,371
30,336
18,264
73,101
77,224
38,355
140,215
36,349
60,30
16,309
89,174
38,209
120,62
90,215
75,92
32,137
124,58
56,383
149,148
33,238
41,126
98,121
62,388
100,130
38,200
45,122
88,174
72,168
75,85
147,141
95,30
149,157
75,364
55,327
98,112
14,306
161,65
129,56
147,146
167,111
62,340
100,82
32,135
165,85
104,164
34,230
36,226
96,93
89,50
60,34
26,254
10,276
67,349
67,144
93,38
55,292
151,159
71,164
69,387
50,112
22,319
61,336
10,287
67,153
143,212
54,76
98,170
104,146
57,329
102,134
16,264
96,107
60,65
50,107
52,379
71,116
67,158
32,172
68,16
151,173
46,118
32,342
59,249
62,22
28,335
14,270
96,98
81,69
61,241
50,98
160,121
71,109
120,215
28,160
151,170
46,121
59,254
44,362
62,25
68,352
126,58
64,18
89,14
77,383
100,125
85,58
18,312
54,81
151,163
79,75
83,12
106,151
36,190
59,247
53,323
106,73
56,328
32,177
73,94
149,204
151,184
104,142
106,158
38,129
21,258
63,342
69,352
159,57
37,130
79,374
67,237
77,369
24,323
69,130
55,286
147,50
151,177
106,153
91,42
62,50
137,217
116,65
57,72
58,70
10,293
69,139
71,230
57,262
55,279
75,227
169,106
78,172
29,163
35,132
53,301
78,223
62,53
54,324
167,95
141,214
30,171
34,182
57,271
95,213
98,91
151,199
86,55
53,310
62,60
15,307
41,359
127,58
58,72
83,64
28,154
69,125
57,272
76,225
51,88
69,14
71,357
53,319
57,385
163,73
102,78
91,174
136,52
34,345
28,145
13,270
73,99
98,109
103,139
35,187
53,312
36,192
163,78
62,46
50,91
30,337
73,100
83,63
52,88
91,15
163,119
37,199
38,352
36,350
166,115
42,360
60,31
82,12
67,352
124,60
155,127
73,109
81,221
16,310
159,123
38,214
48,369
32,138
124,59
149,147
30,142
31,339
74,364
98,118
62,389
100,131
38,201
75,84
147,140
95,25
167,113
100,84
149,156
32,240
34,236
75,367
55,326
42,124
98,113
14,307
36,228
51,375
161,64
109,213
60,36
25,254
100,83
165,84
151,129
104,165
34,231
56,72
129,217
83,219
36,227
96,94
59,66
89,49
70,125
111,213
60,35
10,277
67,348
67,147
93,37
151,158
118,215
86,12
71,167
11,274
50,113
73,363
10,284
67,152
69,164
34,134
54,77
20,258
98,171
104,147
36,130
57,328
80,172
150,158
102,135
16,265
73,387
96,108
60,66
81,67
50,104
71,119
73,364
85,55
32,173
73,170
165,79
148,137
151,172
46,119
32,343
106,162
59,248
44,364
62,23
138,50
146,50
96,99
81,68
50,99
60,387
28,161
90,45
79,77
151,165
132,217
44,363
62,30
134,54
29,335
64,19
89,13
76,368
77,382
100,126
121,215
85,57
67,143
18,313
79,74
151,162
122,62
106,148
36,191
59,246
102,168
53,322
74,12
32,178
68,14
73,93
149,203
151,187
104,143
106,159
159,56
67,236
12,270
161,119
77,368
24,324
69,129
55,281
151,176
155,53
91,45
62,51
116,66
46,365
147,205
58,71
10,290
122,216
69,138
57,261
93,20
55,278
75,226
169,105
53,300
62,58
167,94
139,50
141,213
28,156
30,168
34,183
57,270
98,88
151,198
53,309
94,20
79,223
59,333
78,12
83,67
28,155
71,356
36,218
53,318
163,72
94,31
102,79
160,60
42,359
149,135
28,146
50,374
73,98
52,82
36,193
62,47
50,88
12,297
71,387
91,215
63,389
18,262
73,107
83,62
88,51
91,14
163,118
38,353
36,351
92,39
75,89
74,93
42,361
59,336
149,137
155,126
73,108
75,368
40,355
62,387
16,311
159,122
162,119
38,215
48,370
68,160
87,51
19,262
149,146
30,143
55,328
98,119
82,221
38,206
39,355
75,87
147,143
95,24
167,112
100,85
161,63
60,336
149,155
99,170
28,246
30,246
32,241
34,237
75,366
42,125
14,304
36,229
89,47
60,37
66,348
165,83
115,66
151,128
104,166
56,73
75,170
102,138
96,95
52,375
89,48
90,174
60,60
26,252
10,274
67,351
67,146
142,213
93,36
20,260
31,242
71,166
36,132
77,12
22,322
151,127
50,110
71,121
73,362
10,285
67,155
69,163
71,14
20,259
119,215
36,131
74,385
102,132
103,213
16,266
73,386
40,128
96,109
50,105
71,118
99,121
32,174
73,169
165,78
79,71
151,175
59,251
44,365
65,347
138,51
14,268
96,100
