35,88
32,54
19,169
70,103
79,56
42,10
66,31
30,41
22,154
78,39
35,190
41,23
67,30
29,44
59,36
42,20
72,92
36,34
8,142
17,165
53,64
13,131
22,111
28,118
32,113
13,157
58,103
22,65
80,56
56,75
70,68
71,78
71,100
53,62
24,163
22,157
45,104
32,35
28,185
33,34
25,125
29,188
64,32
34,41
19,122
49,89
21,112
22,102
30,69
46,104
11,134
47,90
55,71
56,82
19,70
38,31
62,104
18,81
60,104
26,168
25,129
27,60
52,44
32,58
56,39
32,179
57,38
31,177
51,88
58,37
9,139
18,166
48,90
29,175
72,80
34,26
20,89
80,54
72,28
53,102
18,72
24,139
70,72
68,104
51,48
16,126
22,175
28,54
45,90
15,161
50,103
53,42
18,124
31,190
35,187
72,87
36,37
16,163
23,150
9,150
22,112
34,21
29,75
34,15
17,77
22,106
80,45
35,110
38,9
77,34
31,115
37,108
15,128
41,105
70,67
23,64
25,181
27,169
70,101
20,172
40,24
22,152
78,37
23,177
52,88
41,21
29,42
42,18
33,47
72,94
34,44
37,33
55,82
36,10
21,117
22,109
56,103
31,82
46,103
40,106
55,72
12,132
21,95
14,160
56,77
11,153
18,84
69,104
52,57
63,105
53,60
24,165
20,171
37,89
32,37
79,41
32,190
33,32
29,186
54,85
43,16
34,39
31,61
14,159
20,118
10,135
53,87
62,34
22,100
14,129
20,92
17,81
80,49
34,112
33,86
38,29
71,65
24,134
26,182
21,66
22,176
36,110
38,108
28,57
52,46
32,60
32,181
31,179
9,137
29,173
72,82
34,24
9,147
31,64
63,32
20,91
51,102
17,74
21,97
81,53
18,70
24,141
75,59
74,28
48,103
21,174
24,179
51,50
28,48
43,104
35,87
52,53
30,189
18,122
33,50
30,42
28,46
43,14
35,189
68,30
59,35
72,89
23,144
34,19
9,148
50,89
70,28
8,139
35,10
26,125
27,121
72,63
34,13
73,62
22,104
19,86
80,47
8,145
74,61
77,32
22,66
76,59
32,84
71,77
77,58
34,86
52,60
40,26
22,158
33,45
72,64
60,35
34,42
19,121
61,34
21,115
22,99
37,9
30,70
11,133
21,93
56,79
19,69
71,74
18,82
12,156
39,29
52,59
44,104
30,175
27,59
38,107
72,97
25,166
79,43
30,177
43,18
31,63
27,119
34,31
30,73
29,117
54,103
20,68
24,63
42,105
81,50
71,67
24,136
25,62
12,155
39,26
25,133
26,61
76,29
31,189
33,182
43,11
28,170
44,12
72,84
54,68
23,149
34,22
31,66
10,150
40,90
20,67
24,143
57,103
21,172
51,52
28,50
52,55
32,53
70,102
79,57
33,48
34,190
66,30
30,40
78,38
29,45
44,11
35,38
79,39
72,91
69,29
23,146
34,17
35,12
8,141
17,166
26,123
53,65
13,132
22,110
19,88
28,117
8,147
31,81
13,158
56,74
27,183
70,71
71,79
17,125
71,101
53,63
24,162
34,185
22,156
32,34
28,184
79,44
25,126
39,90
54,86
34,40
10,152
21,113
22,97
14,130
30,68
56,81
38,30
59,103
25,130
34,111
71,98
22,151
49,103
32,57
56,38
54,41
23,160
58,36
28,173
48,89
54,67
23,158
34,29
30,79
33,112
30,81
80,53
53,103
24,138
69,103
75,28
51,49
22,174
28,53
76,31
53,43
30,39
31,38
44,14
72,86
36,36
16,162
23,151
34,20
29,76
71,28
34,14
17,78
19,85
80,44
35,111
77,35
37,109
15,129
41,106
23,65
26,167
39,107
32,55
65,31
19,168
40,23
22,155
78,36
41,22
29,43
42,21
72,93
36,35
37,34
8,143
17,164
26,121
55,83
13,130
22,108
28,119
31,83
32,114
55,73
13,156
56,76
55,103
70,69
52,56
53,61
24,164
34,183
20,170
32,36
28,186
33,33
29,187
54,84
43,17
14,158
20,117
10,134
38,32
30,74
22,103
55,70
80,48
62,105
21,67
36,109
25,128
26,62
43,90
28,56
52,45
32,59
32,180
57,37
23,162
9,138
18,167
29,174
72,81
54,65
34,27
30,77
31,65
63,33
20,90
51,103
17,75
80,55
46,90
18,73
24,140
70,73
68,105
24,178
16,127
66,105
51,51
28,55
25,179
15,160
41,9
43,105
78,57
30,188
18,125
33,51
36,88
28,45
43,15
35,186
78,35
55,39
35,37
68,29
10,136
72,88
16,164
23,145
9,149
34,18
50,88
29,74
35,11
26,124
55,84
72,62
34,12
17,76
52,102
22,107
19,87
80,46
8,144
74,60
77,33
31,114
44,90
32,83
77,59
25,180
27,168
19,170
42,9
33,52
40,25
22,153
23,176
42,19
33,46
72,95
39,89
60,34
37,32
21,116
22,98
37,10
40,107
12,133
21,94
56,78
11,152
71,75
18,85
52,58
61,104
72,96
37,88
79,40
30,176
54,42
33,190
31,60
20,119
53,86
34,30
30,72
22,101
47,103
17,80
80,50
41,90
33,85
81,51
71,64
24,135
25,63
26,183
12,154
30,116
39,27
25,134
26,60
28,58
52,47
31,178
33,183
9,136
31,37
55,40
72,83
38,89
34,25
31,67
17,73
21,96
81,52
18,71
24,142
67,105
65,105
21,173
51,53
28,49
52,54
15,162
32,52
18,123
33,49
28,47
16,128
35,188
35,39
24,64
72,90
23,147
34,16
70,29
8,140
26,122
27,120
73,61
22,105
19,89
8,146
42,90
39,9
56,73
32,85
70,70
71,76
17,126
34,87
27,170
34,184
23,178
33,44
25,127
34,43
19,120
21,114
30,71
55,69
21,92
56,80
19,68
11,154
18,83
30,115
39,28
64,105
25,131
71,99
27,58
72,98
25,165
32,56
79,42
54,40
23,161
18,168
31,62
28,172
65,32
33,31
62,33
54,66
23,159
34,28
30,78
31,68
29,116
33,113
30,80
71,66
24,137
26,181
25,132
27,184
70,74
75,29
40,9
28,52
78,58
76,30
53,44
77,31
72,79
33,181
43,10
35,185
52,87
31,39
28,171
20,120
44,13
72,85
54,69
23,148
34,23
29,77
10,151
17,79
24,144
75,60
73,28
59,104
26,166
28,51
52,48
