56,51
55,5
6,167
64,186
70,103
103,15
103,134
65,187
36,68
20,136
39,92
31,74
14,150
61,38
26,120
10,158
103,122
39,45
13,58
103,80
86,8
58,103
46,194
100,11
46,75
61,113
103,46
75,11
49,28
63,111
65,188
36,67
6,176
24,73
57,29
84,154
103,149
85,155
58,163
43,189
39,179
64,198
83,153
23,128
44,190
53,208
39,42
84,9
103,115
62,6
13,150
60,114
103,73
30,111
63,7
19,70
15,148
41,85
44,77
87,157
11,156
103,39
59,102
51,5
76,146
30,113
35,70
77,147
76,11
78,148
20,47
103,61
21,46
75,145
35,172
9,161
18,140
48,68
46,30
22,45
31,18
103,27
34,171
103,146
32,16
26,74
32,169
16,51
47,5
103,104
65,193
17,50
37,63
29,114
49,201
72,141
103,70
16,66
58,105
31,108
47,198
20,71
33,105
42,84
47,73
14,53
27,31
103,92
55,153
34,103
43,80
103,58
50,130
5,173
103,16
57,47
90,7
103,139
22,129
50,65
19,136
8,163
24,125
38,93
103,97
60,42
43,34
36,174
54,208
37,56
18,48
37,175
38,55
64,202
103,127
42,186
92,160
103,85
59,116
60,126
62,131
65,109
29,22
90,159
103,51
102,12
15,174
19,171
70,101
27,32
69,137
57,48
42,8
62,207
31,167
54,56
100,157
103,128
40,181
44,6
60,168
25,122
60,33
9,159
14,148
38,177
8,176
50,203
61,36
39,180
54,116
60,31
82,151
58,123
39,47
13,56
37,11
103,116
72,10
96,7
103,82
57,109
22,71
44,80
50,63
46,73
103,40
51,62
69,104
45,76
54,150
55,28
78,147
20,171
30,22
59,164
21,134
91,159
60,167
92,7
40,37
103,151
103,28
16,145
66,135
18,173
58,161
27,117
57,5
103,109
51,123
56,110
103,75
52,145
44,79
60,209
103,33
15,53
12,153
64,109
27,167
33,72
61,98
62,112
50,137
53,5
102,155
103,63
22,170
18,138
48,70
6,169
103,21
103,140
15,64
46,6
27,74
20,134
103,106
33,170
16,174
37,61
41,186
91,160
11,177
40,88
56,210
38,50
73,142
58,119
103,64
31,110
98,158
42,82
61,129
103,94
64,132
34,101
43,82
24,42
29,27
103,52
50,128
69,100
68,106
5,171
57,210
41,8
103,18
103,133
16,143
50,127
28,167
19,138
17,142
94,7
24,127
103,99
57,158
52,121
32,15
31,73
94,160
33,14
38,53
64,204
54,115
103,121
34,13
17,67
12,177
13,61
51,138
103,87
59,118
57,106
49,5
62,129
89,158
98,8
62,98
103,45
66,97
65,133
52,60
50,28
63,98
27,34
103,130
65,191
37,94
36,64
43,7
56,29
40,183
60,170
103,152
23,169
49,66
61,34
58,164
59,30
60,128
81,150
64,195
63,181
45,31
103,118
17,68
39,41
58,121
82,10
37,176
53,118
103,76
19,69
32,107
11,155
47,71
59,101
103,42
21,71
36,97
52,59
58,210
35,69
45,193
54,148
88,158
64,181
53,58
79,148
30,20
63,206
48,200
56,155
59,166
31,17
55,52
21,132
103,30
51,204
34,172
40,39
103,145
27,119
103,111
63,178
51,125
80,150
61,172
103,69
86,156
47,197
35,100
14,54
103,35
60,100
12,155
19,48
28,29
103,57
50,135
102,153
40,8
37,64
26,39
6,175
103,23
66,7
61,209
103,142
22,130
15,66
50,66
59,44
93,160
38,94
103,100
43,33
37,59
17,173
41,184
38,48
103,66
97,159
96,160
38,10
103,88
18,68
60,99
97,8
101,155
29,25
103,54
69,98
25,41
53,147
5,169
48,198
68,137
56,50
6,166
64,185
70,102
103,135
50,125
80,11
38,178
61,39
50,204
44,33
35,12
70,139
82,152
81,10
103,123
13,59
28,117
51,140
103,81
52,143
58,102
65,97
100,10
46,74
61,114
103,47
51,61
101,11
49,29
99,158
27,36
30,19
65,189
36,66
84,153
39,90
58,29
41,35
56,5
58,162
7,164
64,197
103,112
23,129
39,43
71,139
37,55
53,116
13,151
51,28
23,127
103,78
30,110
86,155
46,196
41,86
11,157
103,36
76,145
30,112
36,99
52,5
35,71
20,46
64,183
53,56
24,169
50,138
77,11
31,168
54,55
56,157
35,173
9,162
22,44
55,54
31,19
103,24
51,206
103,147
41,36
32,168
42,35
16,50
71,9
65,194
103,105
52,119
62,175
29,115
49,202
72,140
61,170
103,71
58,104
62,177
31,109
14,175
20,70
15,146
33,106
96,8
59,124
103,93
64,97
28,31
34,102
43,81
103,59
50,133
69,103
23,72
66,107
64,7
5,174
26,37
14,64
103,17
52,207
103,136
69,8
58,47
50,64
19,137
8,162
24,124
38,92
103,102
13,175
60,41
36,173
37,57
7,176
38,54
64,201
63,131
103,124
34,14
61,6
55,112
14,63
48,5
59,117
103,90
67,106
62,130
99,10
55,151
29,23
21,170
64,133
103,48
66,98
26,167
53,145
102,15
15,175
56,52
63,97
70,100
27,33
69,138
57,49
100,156
103,129
65,186
36,69
67,136
25,123
62,208
60,32
38,176
26,121
50,202
10,159
61,37
39,181
103,117
44,192
39,44
13,57
58,122
71,140
37,12
51,142
72,9
103,83
86,9
60,116
39,10
96,159
46,195
61,112
103,41
51,63
69,105
75,10
45,77
63,110
63,205
59,165
103,29
25,124
103,148
16,144
66,134
18,172
85,154
55,209
93,7
58,160
7,166
43,188
39,178
64,199
63,177
83,152
44,191
30,74
56,109
58,5
84,10
103,114
62,7
103,72
60,115
52,144
35,99
44,78
74,10
87,156
53,28
103,38
12,152
19,47
77,146
33,73
61,99
103,60
50,136
68,98
102,154
21,45
34,71
75,144
9,160
18,141
48,69
6,168
46,31
68,8
42,7
23,43
47,30
66,8
103,141
103,26
15,65
103,49
59,43
103,107
65,192
33,171
16,173
17,49
62,173
37,62
29,113
49,200
72,142
40,87
73,143
56,209
63,132
16,67
58,118
103,65
33,104
42,85
47,72
103,95
59,126
15,51
55,152
24,41
103,53
50,131
68,105
5,172
89,7
103,19
103,138
58,45
50,126
8,164
17,143
24,126
29,167
103,96
95,7
60,43
57,159
52,120
36,175
54,209
29,74
18,49
33,15
59,6
38,52
64,203
54,114
42,187
36,12
103,126
12,176
51,139
55,114
14,61
103,84
60,127
57,107
65,108
89,159
59,210
50,5
48,29
103,50
74,143
65,134
102,13
99,157
32,73
89,8
30,167
27,35
52,208
103,131
37,95
56,28
40,182
44,7
60,169
39,89
45,6
103,153
57,160
49,67
58,30
14,149
61,35
8,177
59,31
10,157
81,151
38,47
64,194
45,32
83,10
103,119
58,120
39,46
13,55
53,119
103,77
57,108
73,10
52,28
32,106
103,43
36,96
45,75
78,11
45,194
54,151
88,157
53,59
74,144
79,149
63,207
56,154
25,167
67,8
59,167
91,7
55,53
21,133
103,31
51,205
23,44
40,38
103,150
49,68
70,9
43,190
103,108
63,179
51,122
56,111
85,9
80,149
61,173
103,74
95,160
15,145
35,101
62,111
59,123
103,32
15,52
12,154
64,110
28,28
79,11
103,62
50,134
66,108
25,168
26,38
18,139
6,174
103,20
103,143
26,73
59,45
20,135
103,101
33,169
37,60
41,185
40,89
38,51
103,67
98,159
42,83
61,128
103,89
99,9
22,72
37,96
55,154
28,27
24,43
101,156
29,26
103,55
50,129
69,99
53,148
88,8
5,170
68,136
56,49
64,184
103,132
9,177
17,141
67,135
103,98
57,157
52,122
61,40
26,122
27,120
44,32
35,13
70,138
64,205
81,11
103,120
13,60
28,116
33,103
51,141
103,86
52,142
57,105
39,9
98,9
103,44
101,12
54,5
52,61
19,172
65,190
36,65
40,184
10,177
39,91
61,33
7,165
64,196
63,180
103,113
39,40
28,115
53,117
13,152
103,79
87,8
32,108
41,87
47,70
103,37
59,100
36,98
54,28
45,192
54,149
53,57
64,182
24,168
30,21
54,54
56,156
34,72
31,16
21,131
103,25
47,29
40,40
103,144
41,37
27,118
42,34
103,110
51,124
62,174
28,74
61,171
103,68
62,176
47,196
15,147
14,55
103,34
59,125
67,98
28,30
103,56
50,132
23,73
25,39
40,9
22,169
26,36
65,7
103,22
52,206
61,208
25,73
22,131
69,9
103,137
58,46
46,5
103,103
13,176
60,40
37,58
59,5
38,49
64,200
103,125
42,188
60,6
55,113
14,62
38,11
18,69
103,91
67,107
59,209
55,111
29,24
21,171
25,40
53,146
48,199
102,14
