94,276
152,282
65,50
122,382
86,360
188,312
121,190
69,38
198,129
65,233
35,123
111,123
150,280
119,412
121,101
67,225
49,139
70,94
122,377
110,48
116,351
81,350
194,23
198,248
112,121
38,337
112,200
188,21
63,237
49,140
89,21
49,330
87,360
77,199
95,248
83,23
69,40
198,243
130,188
79,195
101,391
28,342
108,319
54,328
93,376
37,128
131,71
118,352
63,234
147,199
75,31
96,248
99,149
68,118
70,219
106,135
86,59
198,234
76,69
148,29
134,24
35,110
112,198
131,76
108,325
145,213
142,27
147,204
25,322
98,239
50,330
93,19
61,74
125,237
198,237
83,351
101,393
51,262
106,17
198,124
99,50
171,26
127,63
145,273
19,341
112,332
94,251
96,246
43,100
71,217
61,67
120,363
198,228
49,95
105,138
198,119
91,171
127,87
19,346
24,346
116,192
101,148
106,314
71,214
92,268
53,140
165,29
100,233
103,140
198,223
198,110
97,153
133,262
102,394
121,19
106,402
198,308
58,81
98,293
137,25
68,106
35,300
92,267
132,260
43,284
125,248
142,270
198,214
100,298
29,317
198,97
55,87
69,220
198,303
109,128
129,66
186,21
117,192
198,190
92,258
130,227
125,241
198,201
127,253
180,23
147,275
107,129
17,342
198,88
168,27
79,346
63,60
47,269
198,294
37,295
23,329
101,143
198,177
129,257
112,50
119,106
102,230
157,286
198,192
71,338
127,250
133,224
66,133
107,134
108,213
198,83
93,167
33,114
198,281
144,27
95,163
118,192
198,168
92,272
131,225
64,140
179,310
89,367
198,59
167,297
64,59
83,188
88,177
198,74
92,54
74,76
132,23
45,136
104,17
47,275
30,313
198,272
91,374
71,34
37,297
198,163
96,287
120,405
89,368
198,50
127,232
59,79
84,61
198,77
120,190
87,177
198,267
72,33
119,192
196,309
107,402
198,154
110,328
57,247
149,276
42,101
120,412
66,127
122,384
104,310
198,53
114,339
116,19
198,68
77,344
198,258
95,158
78,66
171,300
198,157
57,248
66,118
122,395
198,44
43,135
27,321
45,98
85,187
89,56
198,261
163,293
85,354
47,96
126,188
198,148
133,188
122,402
161,291
198,39
21,348
22,346
46,332
94,274
65,56
67,332
122,372
157,29
141,270
72,86
147,27
97,50
102,301
198,143
40,334
99,387
140,268
161,292
198,30
110,204
111,125
41,286
98,386
121,99
48,269
70,100
94,277
65,49
122,383
86,23
69,37
198,134
59,243
65,232
34,120
35,122
111,122
117,111
121,100
67,224
49,138
89,19
70,95
77,205
116,344
81,349
198,249
79,197
81,27
28,344
112,201
63,236
194,310
89,20
70,86
87,363
181,311
117,351
198,240
60,241
101,390
28,343
109,17
93,375
131,70
118,353
102,48
145,211
147,198
75,30
56,140
115,52
198,235
128,83
76,70
134,25
198,122
112,199
39,291
186,312
100,390
144,194
145,212
19,335
147,207
25,321
98,236
61,73
120,357
157,288
125,236
198,226
113,119
94,19
95,382
101,392
83,350
123,58
51,265
198,125
140,190
127,62
145,272
19,340
113,337
112,333
94,248
96,247
156,286
71,216
75,342
130,23
120,364
198,229
100,293
119,54
49,94
105,137
70,35
198,116
91,170
127,86
198,306
145,198
116,193
189,21
101,147
68,108
106,315
92,269
165,28
100,234
45,332
103,143
51,93
198,220
198,111
36,299
55,89
39,131
133,261
82,25
34,340
20,348
98,290
68,107
35,303
92,260
125,247
198,215
53,261
100,299
29,316
198,102
36,338
55,86
149,29
79,348
175,306
69,219
52,261
198,300
129,65
98,240
198,191
92,259
125,240
70,334
127,252
198,206
147,274
52,91
67,43
17,341
198,89
118,351
63,63
33,120
107,17
198,295
37,294
115,113
23,328
159,290
108,48
198,182
129,256
119,101
126,233
198,193
66,130
108,214
198,80
93,166
61,328
174,25
85,23
33,113
108,408
198,286
129,83
184,312
95,162
198,169
162,29
92,273
96,281
80,195
89,366
198,56
167,296
83,191
119,19
198,75
96,50
47,274
198,273
37,296
124,188
198,160
110,326
120,406
122,390
106,220
198,51
41,289
59,78
43,136
84,62
198,66
120,191
121,55
103,398
198,264
143,194
46,97
196,310
107,405
198,155
197,27
110,329
79,27
66,124
122,385
104,311
67,118
198,42
93,256
198,69
77,343
121,56
198,259
78,67
102,304
125,60
198,146
58,247
154,284
66,119
122,392
33,307
198,45
163,29
43,134
27,320
45,97
46,330
85,186
73,213
114,17
72,80
163,292
75,205
102,299
198,149
18,346
64,233
82,191
161,290
198,36
110,202
22,347
117,412
81,64
120,101
70,98
94,275
63,65
122,373
177,307
125,93
141,269
53,91
93,52
59,140
105,17
31,313
198,140
18,341
184,21
40,335
38,293
99,386
106,48
198,31
110,205
111,124
41,285
169,299
121,98
70,101
122,380
177,308
69,36
198,135
73,33
94,52
59,242
78,199
35,125
169,300
117,110
82,64
67,227
70,92
77,204
116,345
81,348
104,139
198,254
38,130
79,196
81,26
112,202
194,311
144,213
70,87
87,362
72,76
181,310
83,25
123,190
198,241
109,127
76,72
35,107
53,328
93,374
39,293
131,73
102,49
145,210
112,336
147,201
131,259
24,327
98,287
99,151
154,29
68,112
198,232
76,71
137,266
137,221
63,140
198,123
39,290
119,357
141,217
147,206
98,237
50,328
73,76
128,188
181,312
112,17
61,72
120,358
104,224
125,235
198,227
113,118
83,353
105,135
51,264
198,114
173,304
67,223
112,334
20,335
94,249
57,85
151,281
68,102
50,140
71,219
100,236
120,365
177,23
198,218
111,49
100,294
63,329
46,275
49,93
105,136
198,117
114,198
104,48
198,307
145,197
19,348
116,194
101,146
68,109
106,312
92,270
129,231
76,29
96,382
165,27
43,281
100,235
155,29
103,142
51,92
198,221
17,346
198,108
55,88
39,130
133,260
48,138
198,298
129,79
59,327
80,64
98,291
35,302
92,261
115,19
62,67
141,27
125,246
198,212
53,260
29,315
198,103
135,25
51,140
196,25
198,301
129,64
96,157
98,241
78,29
198,188
43,279
104,220
198,207
67,42
107,131
198,94
63,62
47,271
198,292
37,293
115,112
23,331
172,25
31,342
198,183
102,228
123,97
89,177
198,198
54,140
80,348
66,131
198,81
93,165
198,287
91,371
128,231
129,82
97,19
160,290
198,174
96,282
131,227
105,220
33,303
89,365
198,57
61,239
83,190
198,72
74,74
75,72
96,51
198,278
128,254
92,167
45,279
139,267
122,20
105,399
124,189
198,161
110,327
81,195
79,29
64,330
120,407
122,391
104,305
198,48
41,288
21,335
115,412
114,342
26,321
85,183
198,67
120,192
121,54
87,179
198,265
107,404
198,152
132,225
66,125
122,398
193,312
198,43
114,337
103,305
73,211
143,272
77,342
193,23
198,256
171,302
102,305
85,359
125,59
198,147
187,21
101,50
122,393
33,306
198,34
130,258
46,331
85,185
180,310
73,212
122,190
72,81
32,340
175,25
31,307
198,138
109,410
122,400
198,37
110,203
93,273
74,31
26,346
27,344
70,99
63,64
122,370
177,306
125,92
141,268
53,90
76,205
94,163
31,312
198,141
55,251
98,17
99,389
198,28
169,298
65,134
121,97
70,90
92,19
65,55
122,381
85,60
131,188
33,340
69,35
198,132
73,32
128,64
113,412
59,245
135,263
197,308
35,124
117,109
62,237
155,285
67,226
70,93
56,326
87,364
77,203
116,346
198,255
170,27
79,199
81,25
65,231
160,29
34,113
127,188
94,378
134,188
114,50
72,77
83,24
198,246
109,126
120,19
137,219
174,304
146,27
39,292
131,72
145,209
112,337
147,200
131,258
99,150
68,113
140,25
198,233
44,332
137,265
137,220
29,342
87,21
72,338
198,120
54,326
185,21
27,317
158,288
141,216
108,320
19,337
147,209
96,242
39,103
25,327
57,83
50,329
106,311
179,23
61,71
99,236
100,230
120,359
104,225
125,234
198,224
113,117
189,312
136,188
83,352
139,217
67,49
198,115
113,198
173,303
124,21
35,338
145,195
112,335
94,254
59,328
57,84
116,196
151,280
68,103
71,218
118,19
120,366
198,219
111,48
100,295
63,328
48,330
198,106
39,132
68,223
198,304
145,196
116,195
101,145
68,110
106,313
92,271
129,230
43,280
123,93
126,250
198,210
182,312
131,23
116,52
50,93
17,345
198,109
127,89
34,338
198,299
129,78
59,326
60,328
25,346
98,288
80,65
105,402
198,186
92,262
36,126
129,255
190,21
125,245
198,213
53,259
120,54
29,314
86,181
198,100
196,26
198,290
198,189
102,226
104,221
89,175
198,204
127,254
147,276
113,17
192,21
67,45
107,130
198,95
49,269
47,270
198,293
130,70
115,115
23,330
100,50
198,180
64,136
119,103
84,187
102,229
123,96
89,176
198,199
71,335
127,231
66,128
108,208
198,86
93,164
33,119
198,284
91,370
129,81
97,18
198,175
36,107
111,411
96,283
131,226
152,29
89,364
198,62
59,75
167,298
77,29
61,238
191,21
176,306
198,73
74,75
96,52
187,312
87,181
198,279
45,278
139,266
122,21
105,398
124,190
198,166
168,298
81,194
64,134
79,28
120,408
122,388
104,306
106,218
198,49
21,334
114,343
133,223
85,182
72,213
198,64
109,208
42,334
87,178
198,270
110,17
75,209
47,95
107,407
198,153
53,255
66,122
122,399
198,40
73,210
97,383
124,93
198,257
143,213
57,140
80,27
85,358
31,309
125,58
198,144
173,25
33,305
107,214
198,35
135,221
85,184
51,328
167,27
62,328
72,82
163,294
146,274
75,207
32,341
175,24
198,139
109,409
55,253
137,190
122,401
35,113
40,132
121,402
70,96
94,273
63,67
122,371
125,91
53,89
54,89
85,360
198,130
99,388
198,29
52,328
70,91
94,280
65,54
122,378
90,54
146,209
116,348
194,24
198,133
38,338
59,244
135,262
126,60
117,108
82,62
155,284
129,23
77,202
116,347
99,293
118,52
198,252
79,198
65,230
63,233
90,56
72,78
198,247
109,125
60,140
195,25
35,109
131,75
118,356
88,364
71,86
147,203
39,105
99,153
68,114
140,26
178,308
198,238
113,115
98,50
44,333
137,264
51,261
198,121
54,327
40,103
95,52
115,343
171,25
141,215
108,321
19,336
147,208
96,243
57,82
25,326
170,300
43,99
61,70
100,231
120,360
104,226
125,233
198,225
113,116
95,379
134,23
67,48
198,112
173,302
145,194
94,255
71,213
120,367
198,216
84,23
198,107
127,83
165,295
114,196
161,29
198,305
101,144
68,111
35,299
92,264
129,229
43,283
100,149
118,107
198,211
69,334
17,344
198,98
127,88
97,157
190,312
104,398
69,223
34,339
198,296
129,77
80,66
98,289
103,48
105,401
198,187
92,263
129,254
122,97
125,244
198,202
53,258
29,313
162,292
198,101
79,345
49,267
196,27
198,291
129,70
198,178
119,105
102,227
104,222
88,56
89,174
198,205
71,337
41,134
192,22
66,134
67,44
107,133
198,92
37,338
49,268
124,58
198,282
110,125
115,114
32,307
125,21
198,181
64,137
119,102
179,309
198,196
71,334
83,187
66,129
108,209
198,87
93,163
33,118
198,285
91,373
71,33
129,80
97,17
81,191
107,408
198,172
111,410
96,284
97,386
41,103
120,402
198,63
91,19
61,237
198,78
74,72
41,334
87,180
198,276
45,277
52,140
198,167
110,325
37,107
149,279
81,193
64,135
120,409
122,389
104,307
106,219
198,54
21,333
114,340
46,138
85,181
198,65
181,23
111,202
103,395
142,215
198,271
75,208
95,157
169,27
134,262
84,354
107,406
198,158
57,251
118,412
102,143
122,396
66,123
198,41
128,21
134,223
90,171
73,209
97,382
68,41
198,262
85,357
50,265
31,308
198,145
145,27
54,255
56,85
33,304
198,32
109,48
59,81
102,17
139,25
65,59
67,331
72,83
75,206
129,188
133,23
102,302
32,342
198,136
109,408
55,252
185,312
137,189
35,112
198,27
97,287
26,344
61,241
153,29
70,97
94,278
63,66
122,368
125,90
79,66
198,131
95,281
135,264
125,188
144,272
35,121
110,208
111,121
70,88
94,281
44,136
117,19
65,53
122,379
90,55
56,251
116,349
194,25
198,250
111,17
59,247
172,302
35,126
117,107
82,63
94,256
47,138
176,23
74,340
77,201
122,56
198,253
65,229
108,317
93,378
37,130
118,354
75,29
68,116
72,79
115,51
158,29
198,244
113,121
108,129
35,108
131,74
118,357
147,202
131,260
39,104
99,152
195,310
68,115
140,27
153,283
86,60
125,239
198,239
95,381
132,188
44,334
123,57
87,23
198,126
27,319
107,48
108,322
127,61
19,339
57,81
96,244
25,325
100,17
75,341
61,69
153,284
120,361
198,230
95,378
83,354
119,53
138,219
139,219
126,89
73,339
91,169
127,85
198,113
109,325
94,252
151,282
106,316
129,227
166,296
198,217
111,50
63,330
159,29
198,104
73,340
165,294
114,197
97,155
96,19
78,344
183,312
68,104
69,102
92,265
129,228
43,282
136,221
121,367
103,139
123,95
125,250
198,208
91,54
100,296
140,217
69,333
198,99
91,167
55,85
97,156
175,305
69,222
198,297
105,400
198,184
92,256
55,140
125,243
198,203
53,257
198,90
127,64
165,296
79,344
138,266
49,266
198,288
129,69
130,77
159,289
198,179
143,27
37,127
119,104
104,223
88,57
89,173
198,194
71,336
166,27
41,133
192,23
67,47
107,132
198,93
115,196
63,59
198,283
95,161
198,170
111,412
116,412
64,138
106,214
179,308
198,197
108,210
198,84
92,52
45,138
47,273
33,117
198,274
91,372
74,209
37,299
105,48
198,173
73,31
55,326
40,336
96,285
97,385
41,102
120,403
89,370
198,60
59,77
198,79
143,271
74,73
101,299
103,397
198,277
143,193
114,115
23,346
98,153
150,29
45,276
139,268
122,19
198,164
110,330
37,106
149,278
81,192
120,410
138,25
122,386
104,308
106,216
198,55
21,332
114,341
198,70
181,22
148,276
103,394
198,268
198,159
57,250
65,330
66,120
122,397
88,21
90,370
198,46
128,22
60,75
114,18
122,367
198,263
143,215
85,356
31,311
198,150
58,326
149,280
198,33
59,80
135,223
141,191
65,58
67,330
122,374
72,84
114,412
102,303
198,137
55,255
151,29
137,188
110,206
26,345
61,240
70,102
94,279
65,51
122,369
125,89
116,343
69,39
198,128
59,241
99,390
135,188
35,120
47,330
105,311
70,89
65,52
122,376
116,350
198,251
38,336
59,246
58,140
65,227
139,190
123,21
155,286
194,312
164,29
38,105
87,361
146,198
77,200
82,350
69,41
198,242
164,294
40,289
65,228
108,318
93,377
37,129
118,355
63,235
136,25
138,190
102,50
103,17
68,117
182,21
115,50
28,317
86,58
198,245
113,120
76,68
39,336
148,28
43,334
35,111
39,289
131,77
108,324
147,205
42,285
25,323
98,238
61,75
153,282
125,238
198,236
148,27
95,380
101,394
123,56
51,263
87,22
198,127
171,27
27,318
108,323
127,60
145,274
19,338
112,331
94,250
96,245
25,324
43,101
110,410
75,340
61,68
120,362
66,49
198,231
77,68
119,52
139,218
68,332
105,139
198,118
73,338
91,168
127,84
62,140
19,347
94,253
97,242
101,149
106,317
90,19
71,215
100,232
101,230
103,141
51,91
198,222
183,21
103,226
198,105
97,154
98,292
44,99
68,105
35,301
92,266
43,285
191,312
123,94
125,249
198,209
100,297
69,332
198,96
175,304
69,221
141,192
198,302
109,129
129,67
98,242
192,312
30,342
198,185
92,257
83,62
89,171
125,242
198,200
53,256
67,41
87,58
17,343
198,91
79,347
63,61
49,265
198,289
129,68
115,111
159,288
198,176
129,258
37,126
119,107
101,17
157,287
88,58
89,172
107,317
198,195
127,251
41,132
133,225
66,132
67,46
178,23
107,135
108,212
198,82
95,19
66,330
33,115
142,192
198,280
95,160
23,327
198,171
64,139
136,264
106,215
198,58
83,189
156,29
108,211
198,85
92,53
45,137
47,272
33,116
198,275
71,35
37,298
198,162
96,286
97,384
41,101
120,404
89,369
198,61
127,233
126,21
59,76
84,60
198,76
143,270
76,342
117,52
103,396
198,266
143,192
92,374
112,412
45,275
196,308
107,403
198,165
110,331
37,105
149,277
120,411
66,126
122,387
104,309
106,217
198,52
21,331
22,331
114,338
44,279
198,71
181,21
42,134
198,269
95,159
171,301
175,23
198,156
57,326
57,249
61,140
66,121
122,394
198,47
128,23
113,50
45,99
114,19
198,260
143,214
78,68
85,355
47,97
31,310
198,151
108,17
198,38
135,222
66,227
34,303
141,190
127,21
65,57
48,95
122,375
72,85
111,331
102,300
198,142
55,254
110,207
41,287
22,348
116,111
99,17
