176,465
987,769
306,515
438,12
1142,844
832,711
1591,905
1387,288
429,561
364,10
54,385
921,745
1035,787
1549,544
1567,586
1134,831
1499,462
106,170
1299,208
622,68
1395,273
1232,861
419,11
1157,146
1637,818
558,609
541,34
1465,412
545,39
11,312
727,673
340,527
1577,607
288,509
1004,73
1084,102
36,256
810,69
96,416
1070,799
831,711
481,12
1629,787
304,515
581,615
926,745
160,114
1477,428
272,502
1623,751
97,220
561,48
1096,112
1533,901
1333,216
432,561
35,258
129,140
1051,78
25,280
280,16
281,505
101,216
816,66
670,651
1001,74
1370,226
1252,194
1052,793
1453,394
1403,342
686,86
65,226
247,30
1649,883
982,87
1193,847
70,395
220,60
826,707
1073,801
1214,855
1489,446
1366,882
798,80
104,423
859,66
1139,138
718,669
1431,889
1379,229
1035,71
1515,485
653,78
1153,144
527,597
512,24
70,224
487,583
1543,536
476,578
1473,422
703,663
1383,298
320,521
1495,454
266,22
729,86
1424,888
1390,232
1300,208
1574,602
1009,777
1643,894
1217,855
647,76
1129,130
834,62
1348,881
1649,884
732,674
1393,277
658,646
1211,177
570,612
220,59
1144,140
1397,235
1218,856
22,353
1586,905
1416,348
1059,795
1421,352
391,547
1044,791
910,106
1633,899
15,343
143,130
218,65
401,551
509,19
606,611
665,83
879,729
1123,128
1195,168
1489,448
1540,528
10,312
1097,112
174,90
800,80
1571,597
985,84
1335,218
142,131
18,296
1397,269
258,497
1585,625
116,429
647,643
500,12
282,507
283,507
618,625
1277,871
1002,775
1423,354
255,495
1323,214
516,592
1347,220
1649,877
1467,893
438,564
1286,873
224,53
152,455
977,92
869,70
10,336
941,110
1539,522
799,80
840,714
1280,871
608,614
860,66
1067,90
202,475
203,475
665,84
1144,845
1360,224
613,65
1384,230
1645,862
1627,776
1511,477
174,93
233,487
583,617
748,680
71,224
240,36
863,68
1625,901
1384,885
371,539
320,519
426,12
669,651
1613,710
638,639
1190,845
1301,208
1565,580
476,12
1185,162
1211,853
326,522
681,86
1433,889
386,545
663,649
1381,302
761,685
1399,340
463,573
1113,123
1479,430
1536,518
1389,286
506,16
1045,76
1371,328
1449,390
1597,655
400,551
1619,734
1491,895
1490,448
722,86
888,733
995,76
579,54
1623,755
1557,566
49,381
485,12
748,679
674,651
397,549
1024,782
1209,851
164,461
184,78
1535,901
536,600
170,97
851,64
1132,829
1573,598
804,701
822,707
804,74
1449,891
348,529
1445,382
1563,576
901,102
1605,678
79,222
244,31
958,105
392,10
890,92
1134,134
1206,174
16,347
881,729
1091,807
494,585
1400,342
336,525
1113,124
10,322
120,148
467,575
946,109
12,308
1265,198
1029,785
1068,90
1361,224
1469,415
1619,743
1627,774
1093,110
300,511
981,767
322,12
1118,126
992,770
422,558
1126,819
461,12
262,498
524,596
1513,897
1532,900
765,94
158,116
88,411
158,457
1302,208
1105,116
112,156
1547,544
38,372
1398,265
1625,768
405,10
867,723
209,76
1040,788
173,94
891,95
1603,671
269,501
491,583
1583,621
1625,766
1072,799
1381,336
850,719
834,712
10,333
759,92
904,737
1315,212
12,307
1403,248
1337,218
1371,326
1379,883
1125,128
495,585
1197,168
150,124
80,403
371,10
318,519
482,580
1557,568
1579,615
86,409
325,10
1377,313
843,62
1085,104
40,374
131,138
1161,149
524,595
870,725
119,148
1024,70
104,211
213,479
947,108
1532,899
14,341
1048,76
1337,879
1413,887
1271,199
1434,889
1643,851
1403,256
1455,396
488,12
126,436
1008,776
1566,584
517,24
294,510
1162,847
978,765
1403,241
781,94
909,105
1556,901
34,366
108,425
948,753
1631,798
1362,224
278,503
297,14
154,122
725,86
1387,232
1579,905
507,589
1140,842
347,10
1088,805
1090,108
1627,901
427,559
786,695
159,459
694,84
842,715
1505,470
719,84
1474,894
500,587
48,380
998,771
12,338
430,12
802,77
964,759
1615,903
1568,590
147,128
368,537
956,108
22,287
243,491
1053,79
464,12
1258,194
356,10
600,62
871,725
980,90
1403,246
1382,336
1173,155
1338,218
1599,659
182,81
1396,340
1379,308
793,697
1147,141
1219,181
1237,190
504,589
1633,810
1319,214
825,707
789,88
1343,220
815,66
28,272
412,10
1541,529
16,296
90,412
473,12
1120,818
1049,76
976,763
538,30
1037,72
1387,885
616,625
1421,350
1647,869
968,761
1104,811
166,104
956,107
1526,502
156,457
1533,512
568,611
218,62
532,28
1358,224
94,222
350,531
332,10
1415,348
1621,747
155,118
838,713
1633,803
1601,663
555,607
863,723
204,76
864,723
1569,590
1515,897
765,685
14,302
605,611
677,86
861,68
915,106
1143,845
168,463
1290,873
193,473
449,12
691,659
892,733
34,264
1137,839
1647,866
1459,403
1635,810
220,483
455,569
741,90
671,84
304,14
564,50
1596,652
1083,803
770,689
1248,866
74,223
1615,719
954,757
1397,340
547,43
1633,804
1028,784
414,555
676,653
1520,897
735,88
1499,460
1629,900
137,134
796,697
104,207
984,84
1223,183
234,40
14,305
1391,283
163,108
471,575
610,617
627,70
1416,887
1388,338
1561,576
1632,798
34,259
1356,222
110,163
1503,468
793,86
22,288
1399,263
498,586
1170,845
125,435
180,469
895,100
878,729
271,501
806,74
1359,224
1326,877
973,763
976,92
1273,871
189,76
796,84
1589,638
106,183
216,481
1065,88
253,495
1392,281
1631,899
572,613
205,76
226,51
632,637
872,727
248,28
961,759
29,361
963,759
106,198
1077,801
1099,809
1242,864
1232,188
1230,859
916,106
1069,92
1307,875
1013,779
1629,782
581,55
1443,379
548,605
1249,867
679,655
24,284
242,34
464,573
1076,801
928,108
824,707
1429,362
625,633
1379,336
258,24
518,593
1384,336
1457,398
1201,849
796,83
246,30
138,447
1497,458
1535,518
106,190
468,12
968,98
1409,345
1447,385
1523,496
1627,777
1549,901
922,745
244,32
1569,593
264,499
1537,520
1353,222
1021,781
106,193
215,481
1335,879
108,170
1304,875
1373,334
521,26
777,96
84,406
1095,111
1647,889
692,85
160,110
52,383
141,132
748,90
1463,893
970,761
1461,406
130,439
1472,422
24,355
1072,800
1575,604
49,240
52,238
767,95
56,233
515,24
1272,200
1128,130
1609,692
1349,881
1593,645
229,487
375,541
106,185
303,513
1266,871
1066,88
18,349
382,10
1068,799
1270,871
519,593
1456,398
480,579
444,12
1168,845
1494,895
1607,683
891,733
103,212
106,200
837,62
1079,100
1517,897
1478,430
1174,845
701,84
1530,508
192,76
1498,895
66,224
263,499
196,473
307,515
640,74
1104,116
96,221
60,390
314,12
208,76
538,601
614,622
690,86
929,108
1136,836
145,128
453,12
589,58
1487,895
1375,334
1380,336
1485,442
1383,883
1456,891
1385,336
100,217
814,704
1203,172
1498,458
1549,550
1567,588
1521,494
1522,897
1451,391
60,228
558,607
577,54
995,771
1182,160
120,433
1636,897
358,10
412,553
602,611
947,753
416,556
127,140
1083,102
662,649
1357,224
224,485
1373,320
1431,362
1559,572
62,228
778,96
546,603
176,466
1023,70
1142,845
1035,72
25,357
1385,885
1474,424
1387,291
50,240
185,469
1010,72
259,497
540,601
1184,162
1273,200
1592,905
671,651
429,12
106,171
912,106
1617,903
1029,70
1067,799
419,10
312,517
153,122
541,33
1439,374
528,597
266,500
545,38
1577,606
1004,74
36,257
755,683
574,614
96,417
739,677
1401,887
1325,214
1629,786
1203,851
193,76
726,86
67,224
484,581
1477,427
1319,877
1532,510
1617,734
272,503
1288,873
1641,842
1623,750
339,10
32,264
875,76
1350,881
1022,781
1502,897
311,517
1435,891
1552,554
704,84
280,17
478,579
979,90
1165,847
1495,456
619,67
1595,652
1262,870
1390,283
932,108
552,605
1637,826
1453,393
1551,901
1649,882
395,10
456,12
220,61
788,88
573,52
992,78
1307,210
1056,82
1599,905
1489,445
444,565
249,493
599,611
798,81
1080,803
1366,883
1331,216
803,701
1634,899
1463,410
1479,432
1617,727
1379,228
1035,70
98,218
1036,72
10,318
1515,484
30,270
766,686
782,94
1320,214
476,579
20,288
404,10
207,477
102,214
1424,889
680,655
1106,813
794,84
1055,82
1346,220
962,104
1188,164
1649,875
1189,845
732,675
658,647
553,605
570,613
1344,880
1211,176
1397,234
1218,857
1401,239
635,73
923,745
1279,202
68,224
432,12
324,10
1190,164
842,62
509,18
1376,315
1087,105
665,82
574,52
522,595
1571,596
10,313
66,394
174,91
1025,783
196,76
786,92
678,653
678,86
1399,236
1565,581
1397,268
629,71
918,106
1585,624
705,84
944,753
318,12
1613,716
933,108
256,24
516,593
441,12
122,433
267,501
1649,876
1391,339
1121,128
1063,797
491,12
734,88
383,10
437,563
438,565
224,54
296,14
1378,228
1401,240
1398,340
10,337
1167,153
1332,216
1539,525
840,715
1591,639
608,615
1623,757
721,86
1645,861
613,64
1627,779
1511,476
748,681
1132,825
1020,70
986,82
1517,490
1546,901
1581,620
1011,70
187,469
593,615
261,497
1383,230
1312,877
1613,709
1424,887
1594,905
1100,114
804,76
1031,785
1196,848
188,76
1074,94
1347,881
301,513
1064,88
326,523
517,593
1431,363
1381,301
98,417
153,455
595,613
851,719
978,90
46,378
708,665
1113,122
69,224
359,10
603,62
1045,75
1030,785
1389,285
1371,331
1411,346
1449,389
1253,867
1623,754
760,94
1223,182
1436,370
1619,737
1557,565
1024,783
250,26
486,582
1117,126
197,76
1579,616
164,462
184,79
536,601
1383,336
523,27
617,625
562,50
942,110
712,667
158,114
969,761
804,75
1445,381
1563,579
348,530
1196,847
38,370
475,577
1565,903
1605,677
885,731
1336,879
52,384
1412,887
336,526
760,683
758,92
10,323
1058,795
1329,877
943,753
12,309
1265,197
1402,240
1619,742
19,349
1639,833
1469,414
776,96
885,87
1093,109
1206,851
50,381
30,362
638,74
747,90
1244,865
1318,877
992,771
771,689
114,427
422,559
738,676
1127,130
262,499
524,597
1269,871
1532,901
1385,295
909,739
1393,234
1156,146
1322,877
1008,72
112,157
38,373
1603,670
26,357
1329,216
1040,789
959,759
891,94
212,72
963,102
1066,797
17,347
1635,817
1583,620
1625,765
595,60
904,738
834,713
10,330
870,70
925,745
1403,251
1643,853
1357,881
1412,346
700,84
205,477
150,125
80,404
1055,793
1292,875
482,581
601,611
1278,871
1201,172
1579,614
1633,799
1155,847
1465,893
110,426
330,523
436,12
40,375
1085,103
1161,148
80,222
1488,895
1377,312
1468,414
561,609
946,753
104,212
763,685
1475,426
1121,819
642,76
971,763
809,703
1433,367
718,84
1179,159
1271,198
1643,850
117,429
1131,134
101,419
210,74
501,14
1296,875
12,340
126,437
1373,883
1008,777
294,511
955,108
1218,180
1290,204
1403,240
154,456
1613,903
1018,779
909,104
1631,793
34,367
948,754
495,12
633,637
1455,891
1219,857
63,391
378,541
342,527
1140,843
1179,845
700,661
1088,806
1548,901
350,10
1225,184
1295,206
214,479
549,605
895,735
1394,234
456,569
1505,469
1009,72
1433,368
1507,473
1643,843
902,102
1474,895
1330,216
192,472
48,381
1459,891
12,339
213,72
783,92
1065,797
1393,885
368,538
754,681
477,579
1053,78
22,284
1587,631
406,10
100,417
559,48
960,104
122,146
1529,899
1207,851
430,561
1084,804
1003,74
1173,154
1320,877
1599,658
93,222
421,12
1147,140
1219,180
261,24
1237,189
816,705
1607,903
1064,797
216,66
286,16
530,28
471,12
1407,887
1445,384
917,743
1633,809
222,56
520,26
580,615
28,273
1541,528
380,541
16,297
90,413
326,10
643,641
1120,819
114,154
976,764
119,431
869,725
1572,598
1647,868
1592,642
1008,775
1104,812
1587,905
300,512
1441,378
670,84
1612,903
1583,623
1084,803
218,63
1469,418
1621,746
82,405
136,443
836,62
68,395
711,84
415,555
107,423
1633,802
1177,158
93,413
1601,662
699,661
369,10
611,64
387,10
773,689
790,86
975,94
1058,84
28,360
980,765
1110,122
1227,186
288,16
14,303
1465,411
861,67
521,595
1162,150
499,587
1438,891
1459,402
892,734
1355,222
1635,813
53,385
588,58
58,387
1399,265
741,89
317,12
961,104
378,10
1263,196
1248,867
127,437
1429,359
1546,540
1216,855
1615,718
576,54
648,78
1606,903
547,42
1028,785
342,528
1126,130
1629,899
1591,641
796,698
28,359
1078,801
1100,809
214,480
234,41
87,409
984,85
1282,871
551,46
737,675
510,591
168,98
1391,282
132,136
169,463
424,12
1257,194
941,751
1512,897
966,761
1427,889
110,160
473,577
221,483
593,58
646,76
1399,262
1601,905
498,587
1553,558
46,246
268,20
620,628
976,93
1589,637
354,10
1425,355
106,180
109,425
1174,156
424,559
612,64
316,517
1555,562
1366,226
248,29
483,12
1242,865
1265,871
106,199
1577,609
1598,905
235,489
1006,775
1045,791
38,254
1069,91
223,54
1529,507
1351,881
581,54
230,44
1099,114
1443,378
1501,464
1602,666
186,78
1513,482
246,492
51,238
620,627
1119,817
1519,897
1558,901
1429,361
76,222
1609,690
99,218
1593,643
1497,457
1425,356
106,191
968,99
1355,881
1409,344
698,84
55,234
1447,384
1640,897
1451,392
938,749
1093,807
44,377
1402,342
1435,370
320,12
407,553
1569,592
177,88
1118,817
1607,685
1373,333
862,68
1178,845
166,463
459,12
351,10
1253,194
1529,508
84,407
1095,110
1243,865
692,86
160,111
654,645
235,40
1541,901
1647,888
1461,405
19,292
24,356
1072,801
1589,905
1626,901
889,91
689,86
357,533
47,242
1134,832
1425,889
782,692
767,94
56,234
1471,422
407,10
979,765
907,104
1593,644
1534,514
74,399
533,30
996,771
315,517
577,615
1607,682
1420,887
265,499
726,671
708,84
106,201
1371,227
508,18
1570,594
62,226
778,691
1441,891
66,225
581,56
527,28
327,10
55,385
845,62
96,222
60,391
1142,843
614,623
889,92
83,405
1514,482
1026,70
1136,837
271,20
1339,879
1485,441
1128,821
1549,549
280,505
100,218
814,705
1499,459
305,12
214,70
1226,858
180,82
1374,883
1322,214
661,82
40,250
1451,390
1637,823
60,229
259,24
1092,807
1164,847
1310,876
178,88
412,554
1376,883
416,557
1034,786
1254,194
1551,551
299,14
887,90
764,685
1514,897
176,467
1332,879
655,80
1531,510
1539,528
1325,877
116,152
1313,877
1387,290
1097,809
1410,887
785,693
454,569
1176,845
1141,138
1180,160
667,649
1134,829
908,104
1545,539
1192,845
1395,275
1617,902
1161,847
1525,502
1380,303
957,106
541,32
545,37
266,501
602,62
709,84
1135,136
1393,281
1445,891
1376,228
36,258
237,489
661,647
574,615
609,64
1032,70
1089,107
1609,903
1629,785
48,240
599,613
319,519
1426,889
1477,426
986,768
1617,733
537,601
883,731
721,671
1181,843
1641,841
1184,843
428,560
32,265
690,658
1061,86
1155,145
253,26
1505,897
182,469
1544,901
1487,443
186,469
280,18
1130,132
1165,846
619,66
1298,206
1262,871
1545,540
1637,825
590,58
662,82
1453,392
136,134
1131,825
1442,891
726,672
1649,881
398,10
553,46
220,62
788,89
1214,853
1089,108
1489,444
444,566
1350,222
1543,901
1617,726
1123,819
273,503
733,675
275,503
98,219
10,319
463,12
428,559
1628,901
30,271
766,687
857,721
1375,883
588,615
935,749
20,289
1087,805
1527,899
102,215
266,20
1481,895
1323,877
647,78
794,85
1327,877
743,90
1649,874
1561,901
983,86
1377,228
438,563
610,64
314,517
1344,881
918,743
406,552
1401,238
1608,903
635,72
598,60
1389,885
951,755
1087,104
1380,230
1147,847
1510,476
905,739
66,395
1516,486
361,10
586,56
18,294
1252,867
1397,267
439,12
629,70
1364,881
779,691
282,505
1613,715
657,645
1002,773
1003,775
1209,176
1444,380
1030,70
240,489
256,25
1414,348
1073,94
302,513
1405,887
1391,338
417,10
327,523
309,12
203,76
991,769
1591,638
1167,152
121,433
1187,163
1264,196
106,423
1516,897
549,44
1449,387
1539,524
1561,575
1609,691
956,757
1623,756
1645,860
278,18
1092,108
482,12
1627,778
1511,479
1517,489
303,14
767,96
986,83
1581,619
613,619
337,10
1613,708
1245,192
1196,849
130,140
115,429
188,77
1538,901
268,501
1246,865
972,763
1272,871
1216,180
313,517
1288,204
1381,300
978,91
1312,210
1399,342
1019,781
46,379
1133,134
1389,284
1371,330
1045,74
1597,653
1449,388
346,10
571,613
1619,736
204,476
1400,885
1627,771
960,759
830,710
1385,231
800,699
1557,564
250,27
486,583
1117,125
164,463
184,80
772,689
1507,897
629,72
1622,750
188,469
523,26
1039,72
447,567
284,507
999,74
158,115
1101,116
162,110
587,57
641,75
348,531
402,10
38,371
989,80
1445,380
1418,350
795,84
615,623
616,66
1588,634
1605,676
52,385
1374,317
218,482
1631,791
1197,849
1158,148
1625,763
149,453
336,527
760,684
154,455
10,320
176,88
1000,773
12,310
1265,196
1247,865
1371,323
1176,158
788,695
1521,492
628,633
368,10
204,475
699,84
885,86
1639,832
902,737
154,118
1093,108
1385,232
598,613
322,10
30,363
233,42
839,62
396,548
1079,803
1191,165
1010,777
312,12
882,82
1089,807
95,222
575,53
738,677
689,657
1268,198
1385,294
1500,895
451,12
345,529
641,76
1246,192
1393,233
112,158
516,591
113,427
1271,200
1504,468
1221,857
1537,901
999,773
212,73
1590,905
1563,901
126,435
1138,840
1635,816
1483,437
293,509
591,58
900,736
539,32
1289,204
850,717
542,602
10,331
759,94
904,739
1241,190
1403,250
1642,895
783,693
381,10
1635,897
399,10
238,38
20,349
80,405
1222,182
1556,562
1633,798
1173,845
396,547
91,413
110,427
273,18
1085,102
1342,218
612,617
814,68
637,639
446,567
967,761
1229,859
1519,491
626,70
1433,366
511,23
384,543
592,58
934,749
972,94
1179,158
1621,901
135,136
210,75
427,12
501,13
12,341
88,222
1095,809
1455,398
142,447
1428,358
398,549
898,735
1403,243
154,457
559,609
191,76
817,66
620,68
1631,792
640,639
948,755
1599,660
787,695
808,70
1581,905
1256,869
1379,305
225,52
885,88
207,76
154,120
1382,883
1386,232
654,80
983,767
124,144
1450,390
1179,844
700,662
1088,807
222,54
580,54
486,12
786,693
1448,891
1247,192
456,570
291,14
1085,805
1505,468
1507,472
719,86
1643,842
333,525
1165,152
192,473
1038,787
1300,875
513,591
821,707
368,539
1588,905
295,511
22,285
1037,787
1202,850
100,418
1387,338
1587,630
1422,887
1406,344
285,16
1084,805
698,661
608,64
571,52
790,696
1358,881
1339,218
1237,188
651,643
710,84
216,67
507,17
1633,808
555,47
222,57
774,689
994,78
279,18
483,581
797,699
28,274
584,56
582,615
16,298
380,542
607,613
114,155
976,765
1400,261
1110,814
27,359
1647,871
358,534
964,760
1171,845
1062,86
879,80
1104,813
151,453
27,276
300,513
1441,377
818,66
1187,845
910,740
621,68
894,98
1262,196
989,769
404,551
1469,417
1621,745
136,444
1014,779
543,35
1633,801
1249,194
1429,889
1601,661
790,87
936,749
1452,891
740,677
28,361
67,395
980,766
784,92
1153,847
14,300
1151,144
1223,184
861,66
844,62
844,715
59,389
988,769
1465,410
1386,291
523,595
192,471
742,677
1539,901
892,735
34,262
931,108
1137,136
1635,812
645,76
1399,264
1624,901
244,491
815,705
741,88
1036,787
671,86
1646,891
1407,344
1527,503
1429,358
697,661
1340,218
1637,897
954,755
1109,813
1158,847
867,69
939,109
1457,402
1239,190
1496,456
342,529
533,599
1086,104
1145,845
1328,214
298,14
1591,640
262,24
796,699
1611,699
1100,810
214,481
984,86
1618,734
610,615
168,99
1146,846
132,137
1623,901
1464,410
1177,845
110,161
1140,138
185,78
1484,895
1486,442
1013,70
1553,557
924,108
175,465
431,12
325,521
620,629
1564,580
1284,873
806,72
75,222
256,495
1287,204
403,551
976,94
1589,636
1425,354
1245,865
106,181
697,84
1250,194
316,518
1074,801
409,10
248,30
889,733
1477,895
195,76
106,196
785,92
1476,426
605,62
1499,458
1378,309
1577,608
38,255
1069,90
849,63
170,463
1529,506
227,50
762,94
1095,112
191,471
194,473
230,45
691,86
252,26
1026,783
1119,126
1357,223
474,12
1576,903
899,101
242,32
1094,808
246,493
1513,481
1429,360
329,10
1551,554
646,642
756,92
1609,689
1493,454
944,110
138,445
1480,432
1497,456
106,188
1593,642
968,100
1520,492
552,46
1285,873
1523,498
883,83
1550,901
367,537
629,635
1607,684
84,222
871,71
413,555
1019,70
1151,143
1316,877
108,164
1575,903
1373,332
94,414
39,252
239,489
385,10
630,636
901,737
1038,72
616,623
615,66
1647,891
1461,404
803,76
988,80
37,369
1639,827
24,357
1289,873
889,90
525,28
925,108
1134,833
30,272
450,12
782,693
1025,70
1195,847
1575,606
184,469
807,72
884,731
1609,698
975,763
814,703
797,82
394,10
1028,783
180,84
18,347
533,29
569,51
1321,214
1618,901
1537,522
1547,541
1186,162
545,42
874,727
1371,226
1537,519
1610,698
881,82
1102,811
167,463
62,227
138,134
360,10
1375,315
1268,871
614,620
1365,881
64,392
619,627
1136,838
1172,154
713,667
1485,440
1639,897
1396,885
1128,822
757,92
1549,548
1365,226
903,103
1203,174
1567,590
283,16
543,603
32,363
106,174
140,447
214,71
180,83
416,10
503,14
569,52
40,251
1226,859
1302,875
60,230
97,417
684,86
1310,877
1637,822
1524,498
139,132
376,541
412,555
982,88
1574,903
1600,660
787,90
1034,787
1381,883
1551,550
445,567
248,493
373,10
302,14
801,701
198,474
1617,731
1641,839
1309,210
336,10
423,559
1311,210
746,679
800,78
50,238
642,640
1010,70
1595,649
1297,206
1299,875
984,767
215,68
1027,783
1192,846
1395,274
419,12
1617,901
1525,501
1545,538
1277,202
1132,134
545,36
528,28
505,589
1393,280
1089,106
1623,762
44,246
1629,784
48,241
599,612
177,467
986,769
1617,732
734,675
1375,228
1641,840
349,10
557,48
1184,844
1645,857
428,561
32,266
582,56
690,659
1061,85
1155,144
1390,885
1600,905
954,108
1487,442
810,703
478,12
739,88
1165,845
33,365
503,587
1373,319
1637,824
1525,899
1536,901
136,135
726,673
1649,880
1481,435
622,630
839,713
788,90
903,737
1016,70
444,567
393,547
1366,881
232,42
1406,887
838,62
1533,511
1617,725
418,557
329,523
1451,891
1379,230
1509,476
10,316
818,705
1515,486
30,268
782,92
1543,533
843,715
164,104
20,290
1233,861
1143,139
315,12
260,497
1303,875
1530,899
1383,295
102,212
266,21
323,521
893,98
454,12
1413,348
862,722
866,68
687,86
962,102
1368,883
1649,873
1481,436
1391,340
380,10
658,645
953,755
570,611
202,76
1211,178
41,375
1218,855
1376,334
406,553
578,54
650,78
1057,83
1580,905
272,18
751,90
1467,413
274,503
1051,791
276,503
1011,777
1645,866
1571,598
118,150
876,728
18,295
453,569
786,90
644,76
917,106
1178,158
497,12
775,689
703,84
79,403
740,88
1397,266
1644,893
525,597
1613,714
1613,704
254,26
860,721
240,490
256,26
1524,899
1565,584
1073,93
26,278
99,417
1242,863
1614,716
566,50
1283,873
217,481
733,88
291,509
751,681
752,90
1431,364
1399,237
848,717
1491,449
1057,84
687,657
1183,161
1539,527
1187,162
912,741
1561,574
768,687
1449,386
328,523
1623,759
958,758
426,559
133,441
1645,859
1627,781
1511,478
1517,488
1281,871
876,727
1581,618
607,63
165,104
898,100
1344,220
1640,836
940,751
1613,707
1392,232
1619,901
682,655
1399,885
1417,350
188,78
1014,70
466,574
696,84
1193,167
326,521
534,599
1381,299
351,531
595,615
10,326
542,34
1077,98
12,312
361,535
567,611
1389,283
1597,652
823,64
1619,739
37,256
204,477
1400,886
1627,770
1603,669
830,711
1385,230
800,700
1243,192
1577,903
1117,124
1557,563
1448,386
1267,198
1602,905
1363,881
188,470
118,430
355,533
1096,809
784,693
692,659
1101,115
587,56
641,74
57,387
1603,667
1287,873
1326,214
26,280
281,16
1605,675
1636,818
1193,168
659,81
218,483
974,763
42,376
1236,861
1625,762
760,685
10,321
176,89
1169,845
12,311
710,666
696,661
929,747
1082,102
492,584
970,98
628,634
275,18
535,30
937,749
278,504
885,85
425,559
154,119
135,443
1293,206
599,61
322,11
820,705
1437,371
1579,611
396,549
1191,164
165,463
1306,875
1007,775
422,557
1345,220
575,52
1571,903
262,497
134,442
814,66
1385,293
1631,788
285,507
286,507
1154,144
513,24
1393,232
805,74
112,159
681,655
990,78
1233,188
847,62
1521,493
319,12
212,74
1483,436
1138,841
56,385
951,108
1583,622
900,737
442,12
1401,342
1238,190
542,603
10,328
462,572
834,711
853,719
1078,98
360,535
1403,253
492,583
492,12
720,669
20,350
576,615
1145,140
206,76
225,485
390,546
482,579
652,644
1419,887
1244,192
857,66
450,568
1395,340
592,615
1124,128
555,48
612,618
1196,168
775,96
301,14
1630,788
1519,490
309,515
237,38
806,702
511,22
183,469
972,95
1643,852
1433,365
1329,215
541,601
501,12
706,664
887,731
359,535
124,435
621,629
1276,871
716,84
294,509
1403,242
707,84
1458,891
410,553
529,597
34,365
875,727
1631,795
808,71
1379,304
1163,847
408,10
154,121
652,643
802,701
250,494
86,407
604,62
1377,311
1601,666
700,663
1034,70
222,55
421,557
702,663
993,78
1343,879
1331,879
1644,856
28,276
1280,202
125,142
508,589
456,571
1643,845
1474,893
778,94
1165,151
1152,847
1612,704
1229,186
328,10
255,26
477,12
1587,633
1202,851
100,419
502,587
122,144
1169,154
1243,191
567,50
914,106
1597,656
146,128
790,697
554,606
990,769
1147,142
1219,182
1015,779
1437,372
1317,877
1444,891
216,68
507,16
858,66
932,748
384,10
555,46
520,593
82,222
62,391
28,275
1205,851
16,299
380,543
90,411
308,515
129,439
114,152
811,703
668,649
1110,815
1647,870
341,10
358,535
964,761
434,562
717,84
1398,885
1437,891
1440,374
1441,376
910,741
1062,797
731,88
1483,895
1638,897
1175,157
1469,416
1621,744
792,697
1071,92
596,60
136,445
543,34
1633,800
569,611
397,10
1249,193
932,747
1601,660
1198,849
1291,875
1202,172
636,74
980,767
1408,344
14,301
911,106
833,711
722,671
776,689
1595,905
1459,404
945,753
1372,883
86,222
34,263
1635,815
363,10
128,437
1397,885
113,156
166,102
919,107
1527,502
1512,480
1553,555
1259,195
1480,895
502,14
1260,869
160,459
859,721
307,12
1005,775
1107,119
867,68
939,108
1457,401
227,485
446,12
672,86
547,44
1542,901
821,64
126,142
54,236
1163,150
480,12
1454,891
372,10
1555,559
1611,698
1100,811
168,100
41,250
132,138
1146,847
560,48
1315,877
636,637
289,14
767,687
1283,203
36,368
1503,465
24,280
498,585
245,491
246,491
46,244
1553,556
1061,797
489,12
489,583
732,88
1615,721
806,73
1577,610
1589,635
1056,793
977,765
1404,887
1330,878
1492,450
1151,847
106,178
658,80
147,451
754,92
422,12
316,519
744,90
83,222
798,699
106,197
1046,791
1210,852
146,450
1305,210
38,252
348,10
365,537
849,62
1529,505
1389,338
1443,380
1357,222
1620,901
1069,799
899,100
1142,138
242,33
1053,80
1639,829
1240,190
1094,809
1513,480
836,713
782,691
161,461
659,647
1004,775
148,128
646,643
882,730
1609,688
1237,863
1368,226
465,12
1420,350
1493,453
1535,515
106,189
822,64
1447,386
1395,885
883,82
866,723
1091,108
1607,687
338,527
871,70
545,603
1116,124
106,204
1151,142
1427,357
108,165
986,767
1103,811
112,160
94,415
96,415
42,250
43,248
171,463
630,637
762,685
773,96
29,272
693,659
1647,890
1559,569
17,296
1375,317
988,81
753,681
1639,826
332,525
222,483
849,64
78,402
1401,261
714,84
1609,697
794,697
1183,843
180,85
569,50
533,28
969,98
1547,540
148,126
59,230
683,86
1310,875
1186,845
1537,518
545,41
505,15
1020,781
1120,126
750,681
236,489
881,81
1306,210
1587,628
481,579
161,110
749,90
1466,412
132,441
1645,893
614,621
64,393
211,74
1060,84
433,561
639,639
1136,839
515,591
861,721
1050,78
1128,823
349,531
886,731
1365,225
903,102
1549,547
1567,585
1000,74
32,364
106,175
214,68
1299,207
1499,461
1637,821
40,252
76,400
849,717
1053,793
1457,891
64,226
337,527
505,16
178,86
1372,228
73,399
642,639
810,70
774,96
1112,815
44,248
173,465
156,116
484,12
926,746
1278,202
198,475
217,66
200,475
509,591
1566,903
1396,273
1641,838
331,525
1617,730
850,64
1547,901
800,79
874,74
50,239
231,44
642,641
953,108
293,14
1010,71
1473,424
1487,444
1494,454
1595,648
374,540
1563,578
1081,803
1298,875
1545,537
1192,847
897,735
1395,277
76,399
384,544
1525,500
1606,678
1277,201
266,499
662,647
826,708
574,613
684,656
1033,785
1007,72
44,247
1371,325
48,242
249,28
1578,904
1139,137
625,70
1595,651
1215,179
791,86
460,12
1184,845
64,391
228,48
1166,845
32,267
103,421
1061,84
878,78
74,224
20,292
1415,887
206,477
1383,297
190,76
1258,869
1060,796
230,487
619,68
322,521
1262,869
913,106
1461,891
1373,318
865,68
1643,893
1199,171
136,136
1649,887
1481,434
469,12
1373,228
622,631
534,30
1254,868
442,565
684,655
649,78
1491,450
1533,510
157,116
232,43
727,86
931,747
1463,407
218,66
364,536
509,22
1617,724
1603,905
1012,777
1384,295
297,511
522,26
758,683
10,317
374,10
1509,475
30,269
766,685
782,93
1338,879
1335,217
1543,532
164,105
643,76
20,291
846,62
169,98
496,585
1122,819
1143,138
102,213
618,626
1060,795
893,97
1423,353
516,24
862,723
916,741
1107,813
369,539
1413,347
1590,638
962,103
1649,872
656,80
1207,176
306,12
1374,334
366,537
1470,893
1057,82
634,72
445,12
635,74
364,535
272,19
1067,89
1467,412
1087,106
791,697
1623,761
1645,865
61,391
389,10
300,14
66,393
174,94
1497,895
587,617
876,729
18,292
236,38
510,22
786,91
310,516
930,747
897,100
1397,265
501,587
1613,713
240,491
1565,583
1486,895
187,78
78,222
26,279
705,663
355,10
920,743
564,609
1073,92
820,64
1518,897
1157,847
757,683
42,375
441,565
683,655
405,551
1183,160
1490,895
908,739
1098,809
1042,74
1167,154
1208,851
1539,526
1561,573
771,96
1623,758
277,503
208,477
958,759
884,84
1605,903
1645,858
1627,780
411,10
305,515
1517,487
124,142
674,652
472,12
855,719
896,735
607,62
679,86
644,641
1479,895
1581,617
170,98
1075,95
335,525
1613,706
764,94
1540,901
1228,186
130,138
1417,349
958,106
1168,154
466,575
728,673
657,80
16,344
624,632
1193,166
292,509
331,10
648,643
993,771
1109,122
595,614
10,327
1077,97
46,377
946,110
1081,102
1610,903
1371,332
1619,738
554,46
865,723
1400,887
1627,773
596,613
1509,897
1476,895
800,701
1557,562
175,90
105,423
379,541
486,581
587,615
1021,70
1584,624
188,471
1385,291
190,471
118,431
523,28
448,12
923,108
340,10
33,264
158,458
965,761
162,108
1101,114
1432,364
1563,580
38,369
1603,666
1605,674
133,136
704,663
1349,222
563,50
11,337
659,80
111,160
1236,862
42,377
756,683
1182,843
81,405
685,657
10,334
1222,857
176,90
1311,877
1315,211
710,667
396,10
1192,166
1394,277
181,82
492,585
457,12
628,635
772,96
1605,905
278,505
832,64
761,94
724,86
885,84
1293,205
599,60
820,706
30,361
1630,899
1390,338
1437,370
1579,610
128,140
402,551
738,675
1385,292
134,443
814,67
943,110
104,208
1149,142
1221,182
14,342
1519,492
1505,472
1106,118
755,92
990,79
21,288
1251,867
1434,890
905,104
1261,869
1483,439
1562,901
1635,818
56,386
813,703
1403,252
10,329
462,573
47,379
1189,164
1631,797
1631,789
1635,899
238,36
20,351
310,12
720,670
390,547
652,645
962,759
1152,144
857,65
433,12
450,569
1534,901
550,44
110,425
1033,70
1341,218
612,619
1200,172
1017,779
375,10
288,14
806,703
1362,881
1568,903
241,34
1643,855
1433,364
1329,214
706,665
802,78
1504,897
257,24
1471,893
1403,245
123,435
1372,323
1631,794
967,100
1122,128
182,82
808,72
1379,307
243,32
1639,834
226,485
1054,793
744,677
250,495
31,363
927,747
1319,213
1378,883
623,631
1377,310
1601,665
848,62
81,222
229,46
873,74
1541,532
452,569
508,590
714,667
676,86
952,108
1506,472
1507,474
1573,600
1643,844
778,95
906,104
1294,875
1165,150
877,78
1562,576
1587,632
1130,824
122,145
1243,190
910,739
1394,885
1006,72
554,607
1070,92
1621,750
632,72
1150,142
121,146
543,36
468,575
1511,897
677,653
604,611
1521,897
932,749
1377,335
520,594
994,76
1114,816
1016,779
1018,70
16,300
694,660
114,153
1290,874
668,650
856,719
1098,114
927,108
90,222
144,128
434,563
452,12
864,68
1641,895
792,86
900,735
1502,464
1527,504
1611,702
174,465
179,467
568,50
200,76
532,597
1103,116
1031,70
789,695
1175,156
1345,881
1411,887
1309,875
1624,762
1242,190
1633,807
53,236
54,234
769,96
1249,192
1160,847
1403,887
652,78
104,204
14,306
145,449
1125,819
1508,474
611,617
719,669
776,690
1528,504
728,86
34,260
1063,87
1635,814
1564,901
128,438
1321,877
366,10
166,103
1231,187
919,106
1235,188
1553,554
465,573
1259,194
46,242
428,12
160,460
1107,118
1363,224
633,72
1457,400
72,397
352,531
226,52
957,757
209,479
1538,522
799,699
1295,875
1352,222
1555,558
1611,701
1591,642
896,100
1047,76
238,489
437,12
168,101
829,709
1341,879
636,638
512,591
1647,887
487,12
987,82
1283,202
36,369
292,14
1506,897
1072,92
24,281
846,716
1503,464
46,245
1462,892
342,10
1615,720
201,76
1379,303
1198,170
1589,634
868,70
1056,794
940,110
228,485
1041,74
1241,863
964,100
106,179
1330,879
1334,879
1419,350
1432,889
770,96
1535,517
572,52
1275,200
1039,787
871,72
1115,124
105,204
106,194
234,488
1210,853
880,80
146,451
1305,209
38,253
1124,819
630,635
702,84
1529,504
894,735
970,762
1639,828
130,440
403,10
1401,259
242,491
1346,881
997,771
45,246
102,420
688,657
1167,845
680,86
1447,891
882,731
461,571
1364,224
1609,695
1493,452
1493,895
1535,514
106,186
1521,496
1638,826
1607,686
942,752
449,567
323,10
287,16
108,166
808,703
1427,356
420,557
21,351
172,464
998,76
1632,899
1559,568
1022,70
1360,881
988,82
1375,316
497,585
900,102
1401,260
78,403
614,619
1642,842
265,22
780,691
1136,833
162,461
440,12
77,222
645,641
1583,905
1471,419
831,64
833,62
903,104
618,66
1609,696
1608,688
965,100
180,86
626,633
1522,898
1547,543
148,127
1470,418
152,122
1607,679
1276,200
545,40
928,747
505,14
729,673
1048,791
1135,135
362,535
1207,175
881,80
1371,228
809,70
1373,323
370,10
578,615
388,10
172,463
1553,901
138,132
1578,903
877,729
594,615
1645,892
904,104
499,12
172,94
356,533
1394,340
1549,546
1567,584
460,571
1365,224
45,377
32,365
106,172
214,69
1082,803
1226,857
1299,206
1157,148
1637,820
76,401
717,669
1522,496
1582,620
1257,869
852,719
1149,847
1439,373
448,567
178,87
288,507
1034,785
419,557
972,96
1344,879
156,117
304,513
926,747
160,112
1477,430
1617,729
606,62
1286,204
1641,837
1472,893
1508,897
425,12
561,50
875,75
1334,216
950,108
475,12
257,497
367,10
594,58
102,216
374,541
780,94
892,96
1500,896
269,20
911,741
1557,901
1395,276
1545,536
1359,881
384,545
1179,160
1453,396
1525,499
1277,200
143,449
1396,234
826,709
684,657
1551,553
263,22
798,82
104,421
603,611
1264,871
1578,905
1139,136
625,69
1463,409
201,475
664,82
1215,178
23,284
759,683
813,68
228,49
653,645
690,657
32,268
653,80
1515,483
1155,146
1266,198
382,543
715,667
346,529
715,84
1143,140
1450,891
868,724
1075,801
1383,296
1496,895
1404,344
1060,797
1205,174
1373,317
343,10
370,539
1199,170
1055,81
1649,886
1263,871
1481,433
1393,279
70,396
289,509
736,675
1254,869
1452,392
1279,871
321,12
232,44
1044,789
1156,847
72,224
364,537
509,21
1391,885
1466,893
1463,406
1012,778
1488,444
1509,474
1148,142
1220,182
10,314
1097,114
1571,595
1316,212
1335,216
1543,535
236,40
678,654
164,106
112,427
457,571
1397,271
1585,627
868,723
1402,257
117,150
1297,875
618,627
231,487
893,96
1423,352
695,661
1413,346
916,742
990,80
479,579
409,553
1204,174
122,434
1482,895
1117,817
107,170
731,673
768,96
570,52
1649,879
1576,606
1398,236
152,453
709,665
1351,222
140,132
178,467
674,86
1598,656
272,20
1141,843
606,612
1067,88
1328,877
573,613
665,649
1645,864
298,511
118,148
1440,891
1224,184
1623,760
1462,406
587,616
142,132
18,293
236,39
381,543
240,34
310,517
752,681
1585,628
1475,895
812,703
668,84
1384,883
65,393
1111,815
1405,344
1454,396
1613,712
141,447
1159,148
1565,582
920,744
26,276
558,48
564,610
1208,176
820,65
1560,901
420,12
627,633
591,615
994,771
260,24
1418,887
411,553
673,651
945,110
1187,164
1043,789
1561,572
1578,610
73,224
1430,889
400,549
1623,753
1381,230
208,478
354,533
631,637
649,643
228,46
888,731
1166,152
1292,204
1510,897
124,143
89,411
414,10
674,653
1317,212
1517,486
1581,616
1397,273
922,108
1075,94
211,479
1613,705
1559,901
656,645
1409,887
241,491
130,139
938,108
829,64
1181,160
479,12
1041,789
1417,348
488,583
16,345
624,633
1446,891
399,549
716,668
753,91
1374,228
1483,440
828,709
1090,807
1109,121
334,10
1127,821
10,324
120,146
1150,847
1077,96
711,667
1081,101
1239,863
933,749
1619,741
1639,836
1627,772
830,709
50,382
655,645
547,603
1101,811
1121,127
537,30
114,428
1180,843
1132,826
669,84
390,10
817,705
712,84
31,268
88,409
162,109
158,459
587,58
1105,118
1230,186
1270,198
1501,897
1643,856
1625,770
26,358
316,12
1349,221
1605,673
891,93
377,10
1224,857
1066,798
531,28
218,481
716,667
455,12
753,92
1236,863
595,59
1386,338
10,335
339,527
462,571
600,611
672,651
1313,210
1315,210
1371,324
623,68
770,687
1032,785
970,96
221,58
1125,130
1197,170
150,126
685,86
353,533
544,603
317,519
1214,178
1293,204
820,707
675,653
985,767
1579,613
1191,166
1377,315
330,524
511,591
1126,820
575,54
189,471
1475,425
1573,602
781,691
104,209
1352,881
14,343
1639,831
39,373
847,717
498,12
830,64
373,539
617,66
1131,133
1434,891
1643,849
16,343
624,631
1138,839
1483,438
56,387
660,647
517,26
1052,78
353,10
1130,823
542,601
155,457
1403,255
1018,780
1646,866
431,561
1631,796
966,100
1635,898
92,222
238,37
720,671
1554,901
1226,184
857,64
1269,198
1114,815
485,581
159,114
288,15
344,529
362,10
582,616
713,84
914,741
666,649
1643,854
1210,176
1607,688
1501,463
219,483
879,79
754,682
295,14
1403,244
134,136
980,88
1314,210
1446,384
418,10
769,687
971,96
1194,847
1379,306
1599,657
389,545
504,587
579,615
744,678
639,74
641,639
1319,212
1377,309
1601,664
790,88
1388,287
955,757
974,94
1573,903
1059,84
873,73
1541,531
287,507
508,591
1049,78
1250,867
973,94
1643,847
1593,905
372,539
338,10
891,96
998,772
926,108
1354,222
89,222
877,77
1028,70
1639,835
150,453
1129,823
245,30
137,445
1130,825
1115,817
467,12
1202,849
1227,859
1301,875
1533,514
1102,116
440,565
1621,749
663,82
1217,180
1423,887
251,495
507,18
1377,334
1343,219
520,595
812,68
994,77
651,78
1113,815
1114,817
819,705
1227,185
415,10
586,617
694,661
1503,897
737,88
131,441
1290,875
666,84
668,651
1110,813
1256,194
264,22
1567,903
856,720
1336,218
358,533
144,129
1340,879
1023,781
58,388
1234,188
919,108
832,62
742,90
981,88
304,12
1615,717
435,563
532,598
935,108
1468,893
795,697
443,12
1057,795
335,10
1648,887
1188,845
504,14
13,306
1633,806
54,235
57,232
58,230
1240,863
1572,903
1078,802
104,205
234,42
234,487
1282,872
1391,281
551,45
1304,208
1597,905
296,511
313,12
1453,891
1275,871
776,691
1422,352
391,10
1499,895
34,261
1063,86
1564,902
128,439
1231,186
827,64
1604,672
1399,261
1441,375
46,243
139,447
157,457
160,461
915,741
950,755
1212,853
867,70
540,32
939,110
1075,96
1370,883
1616,903
72,398
126,140
913,741
1342,879
1159,847
1469,893
352,532
1604,905
1641,897
1555,561
872,725
1611,700
274,18
168,102
738,88
1146,845
1473,893
1094,110
636,639
195,473
1228,859
199,76
110,164
1503,467
24,282
846,717
171,96
1625,764
1386,885
1260,196
321,521
1462,893
766,94
895,99
1615,723
1430,362
1108,813
723,671
1056,795
959,104
228,486
1041,73
1511,480
964,101
106,176
1535,516
1213,853
1160,148
1489,895
58,232
111,427
439,565
701,663
720,86
938,750
262,22
210,479
1204,851
1111,122
1435,369
106,195
394,547
234,489
108,168
982,767
1230,860
1305,208
1580,616
151,124
1402,887
997,76
998,74
854,719
1478,895
589,615
970,763
1284,204
130,441
828,64
24,353
539,31
899,102
1310,210
1401,258
1531,899
102,421
52,236
324,521
181,469
1248,192
1324,877
646,641
991,78
1471,421
1112,122
1531,508
1076,96
1555,901
1493,451
1609,694
1593,647
106,187
214,72
179,86
148,452
883,84
919,743
1607,681
1367,883
392,547
942,753
730,673
69,395
106,202
417,557
108,167
94,413
42,248
1255,869
172,465
1628,782
763,94
66,226
1559,571
585,56
472,576
116,150
741,677
172,96
1259,869
1575,603
1261,196
1460,404
1614,903
1136,834
1371,883
1426,356
695,84
256,496
1471,418
23,353
1385,338
1593,648
308,12
1522,899
148,451
1547,542
152,123
387,545
924,745
1607,678
120,431
1367,226
85,222
447,12
1079,99
548,44
841,62
142,448
1135,134
1207,174
1356,881
1391,232
224,483
1373,322
22,351
277,18
1164,150
635,637
887,89
1531,509
138,133
1558,568
624,68
36,367
1285,204
1645,891
172,95
1387,289
1133,829
949,108
290,14
551,605
805,701
1200,849
1549,545
1567,587
779,94
1134,830
374,539
106,173
490,12
1157,147
1637,819
558,608
723,86
1054,80
1439,372
1458,402
856,64
1619,744
288,508
345,10
1004,72
183,80
810,68
1235,861
423,12
1597,654
1629,788
156,118
304,514
1135,833
160,113
197,473
198,473
584,617
272,501
1477,429
1641,836
609,615
1215,180
223,483
1617,728
561,49
875,74
401,10
1626,770
1611,704
1595,650
835,713
1392,885
1500,897
1482,436
1500,462
1525,498
1052,792
1199,172
1403,343
1453,395
466,12
982,86
1214,854
1254,867
1400,238
556,607
1489,447
1551,552
63,226
410,10
104,422
506,589
470,575
1463,408
625,68
536,30
98,220
228,50
1387,287
85,407
653,79
801,78
1515,482
825,64
164,108
458,571
476,577
628,70
807,703
868,725
1569,903
1383,299
320,520
1473,423
376,10
1225,857
729,87
1495,455
1544,536
254,495
330,10
1603,672
1643,895
1052,791
647,77
794,86
1055,80
1129,131
1649,885
819,66
1481,432
732,673
1393,278
70,397
622,629
1005,72
75,399
220,58
1397,236
1620,744
22,352
95,415
1199,849
1255,194
1044,790
675,86
1479,431
199,475
109,164
218,64
509,20
736,88
1012,779
386,10
1571,594
743,677
10,315
1097,113
232,487
1353,881
1543,534
142,130
678,655
164,107
310,515
1397,270
1585,626
282,506
729,88
1002,774
899,735
862,721
916,743
352,10
1215,855
1129,132
122,435
1649,878
1408,887
531,597
15,300
566,611
290,509
949,755
1303,208
1585,905
1308,875
224,52
1108,120
152,454
1372,332
1369,883
1017,70
1539,523
546,42
840,713
873,727
1170,154
469,575
435,12
608,613
606,613
1467,414
1491,448
777,691
650,643
613,66
118,149
562,609
1293,875
174,92
1291,204
451,569
1645,863
986,84
163,461
826,64
240,35
1384,884
1613,711
514,591
1395,234
1582,905
365,10
607,64
937,108
294,14
920,745
1324,214
26,277
707,665
1421,887
1348,220
564,611
284,16
1615,724
820,66
77,401
494,12
1236,188
406,551
978,92
1183,162
1399,238
1381,303
1001,773
1399,341
1389,287
1371,329
400,550
1619,735
1305,875
1552,901
1623,752
208,479
888,732
958,757
299,511
228,47
634,637
1024,781
250,28
1645,856
1627,782
1557,567
1542,532
1414,887
536,599
1086,805
1397,272
170,96
1132,828
1573,599
1460,891
1388,232
1172,845
730,88
693,84
837,713
1139,841
1445,383
550,605
1518,490
1548,544
1563,577
244,30
958,104
466,573
16,346
270,501
930,108
716,669
753,90
682,86
385,545
1109,120
1271,871
1146,140
1611,903
10,325
120,147
686,657
946,108
529,28
1081,100
1333,879
470,12
1046,76
71,397
1354,881
535,599
1495,895
1619,740
115,152
149,126
1627,775
614,66
996,76
1550,550
526,597
746,90
50,383
1154,847
1121,126
845,715
992,769
114,429
118,429
1132,827
212,479
893,735
583,56
88,410
1136,136
1596,905
1105,117
347,529
1603,668
1625,769
1605,672
26,359
1040,787
1015,70
891,92
854,64
1349,220
1066,799
659,82
1213,178
1625,767
595,58
850,718
759,93
10,332
835,62
1114,124
1492,895
12,306
710,665
1403,249
1371,327
1631,790
91,222
970,97
735,675
1125,129
1197,169
745,679
599,62
1579,612
86,408
1050,791
1377,314
330,525
40,373
1161,150
1126,821
1475,424
688,86
134,441
872,72
1439,891
104,210
194,76
1389,232
1392,340
1573,601
1485,895
1526,899
1643,848
1327,214
1403,257
1131,132
210,76
1455,397
876,76
1560,572
517,25
1403,254
1018,781
563,609
909,106
1443,891
472,575
108,424
1212,178
952,755
443,565
1382,230
1382,299
390,545
890,733
907,739
1634,810
450,567
1318,212
1231,861
1140,841
1179,843
557,607
251,26
582,617
786,694
948,108
474,577
806,701
1428,889
1505,471
539,601
719,85
706,663
48,379
12,337
267,20
802,76
855,64
1027,70
660,82
879,78
1105,813
754,683
1501,462
1583,624
22,286
408,553
1403,247
1587,629
980,89
1116,817
1002,74
108,423
1173,156
1599,656
182,80
1379,309
1148,847
744,679
504,588
250,493
530,597
1049,791
664,649
222,58
811,68
1185,845
873,72
1541,530
1393,340
144,449
694,659
1120,817
1049,77
511,24
114,156
1643,846
939,751
524,28
616,624
1421,351
998,773
877,76
956,106
1587,634
1554,558
706,84
393,10
1533,513
1594,648
436,563
880,729
934,108
554,605
518,26
1621,748
1464,893
343,529
38,256
458,12
1343,218
560,609
1569,591
725,671
1616,724
1227,184
1138,136
1281,202
824,64
1545,901
1570,903
856,721
1647,867
1171,154
1063,88
144,130
434,561
1635,811
1231,188
1484,440
58,389
459,571
630,72
832,63
1012,70
282,16
671,85
304,13
1248,865
770,688
532,599
74,222
790,695
954,756
1175,158
1194,168
1615,716
1040,72
1648,872
1424,354
565,611
840,62
252,495
841,715
750,90
1633,805
58,231
239,36
276,18
43,377
311,12
1629,901
1434,368
1078,803
104,206
526,28
1388,885
14,304
434,12
1282,873
92,413
610,616
551,44
334,525
1647,872
34,258
198,76
270,20
110,162
514,24
383,543
1361,881
1564,903
846,715
1259,196
1441,374
1462,891
180,468
887,88
1047,791
1107,120
544,36
1294,206
1043,74
106,182
344,10
72,399
126,141
493,12
1641,896
352,533
226,50
1555,560
872,726
724,671
1611,703
637,74
395,547
585,617
1282,202
1377,883
556,48
920,108
61,228
1629,783
1605,904
230,46
1442,378
51,383
87,222
548,604
747,679
400,10
1283,204
936,108
1503,466
24,283
167,102
631,72
888,90
852,64
102,419
1314,877
180,467
895,98
1615,722
1457,399
796,82
228,487
138,446
357,10
601,62
106,177
673,86
490,583
964,102
1041,72
1330,877
590,615
1377,336
1409,346
1417,887
938,751
1274,200
1435,368
1523,497
262,23
597,613
942,751
1537,521
1569,594
106,192
108,169
1210,851
146,449
1230,861
667,84
575,615
886,88
84,405
998,75
692,84
413,10
548,603
823,707
1234,861
1639,830
24,354
539,30
1401,257
1274,871
247,493
1575,605
52,237
35,367
56,232
882,729
1471,420
1609,693
1493,450
1593,646
1080,100
123,144
106,184
379,10
1044,74
1223,857
18,348
219,62
827,709
148,453
493,585
1523,899
388,545
333,10
1238,863
279,505
745,90
377,541
1607,680
341,527
106,203
1427,358
1584,905
1267,871
1071,799
42,249
921,108
1622,901
462,12
858,721
1559,570
472,577
749,681
1175,845
1586,628
96,220
60,389
496,12
78,401
116,151
1094,807
1308,210
853,64
1575,602
1136,835
1191,845
256,497
1528,899
1567,589
1220,857
1385,337
1436,891
100,216
1203,173
1296,206
1042,789
1369,226
565,50
13,341
1410,346
1521,495
1378,336
1251,194
519,26
152,124
1380,883
1403,344
597,60
120,432
1438,372
1079,98
363,535
142,449
416,555
1373,321
662,648
1088,106
224,484
906,739
