232,57
195,463
608,602
643,630
951,746
37,358
883,720
497,576
115,177
900,111
614,608
578,65
389,19
924,117
853,73
907,730
781,103
1094,798
1172,166
1310,221
162,450
625,621
1599,894
165,119
440,21
186,460
612,606
1128,143
281,496
119,165
670,640
892,107
1223,847
1298,217
626,622
55,247
661,93
865,79
849,706
937,119
1251,203
1164,836
1603,894
355,19
1503,483
1587,655
1569,613
1552,577
605,602
416,546
622,616
676,97
823,697
1124,810
1138,820
1374,344
1618,779
977,105
1570,614
1165,163
264,33
191,462
176,456
413,21
859,77
1523,888
201,464
275,492
594,604
115,182
1384,241
499,23
1573,892
1425,878
1000,762
928,119
1516,502
1596,677
70,233
1542,553
1619,892
1141,149
1035,776
169,117
1532,534
1632,844
1299,217
622,79
658,636
1633,851
1546,890
1251,858
647,87
1368,308
1149,838
1592,894
709,95
1614,767
1064,98
1543,890
1428,373
751,670
1143,829
610,75
41,265
1288,213
1589,894
650,88
27,298
63,237
687,646
1059,786
1572,620
1578,631
161,125
1376,291
1466,429
1484,457
1195,179
19,318
1142,149
1489,463
115,191
995,89
619,613
157,446
1133,814
450,21
1517,505
604,73
1562,892
551,594
897,111
1560,592
165,121
221,76
457,560
1547,890
207,466
1364,872
1383,241
282,496
28,295
1370,237
897,725
255,486
1324,225
1414,359
387,535
704,654
1349,231
1366,337
265,489
874,716
70,386
362,526
291,499
1007,82
113,215
792,97
1143,826
1162,160
1527,888
1572,619
177,456
140,143
640,85
217,81
469,565
1067,101
1139,147
19,327
93,233
457,21
1072,104
1360,233
759,674
1412,357
742,99
1613,892
356,524
89,399
1155,157
1598,894
715,658
1448,401
1620,786
738,666
371,530
337,19
668,95
1494,471
526,37
1390,243
638,628
1245,201
1392,254
1500,477
370,528
115,418
922,734
1571,892
1624,803
46,259
728,97
1388,266
657,91
1084,115
664,638
1034,776
1088,118
1272,862
1381,874
1433,880
1399,351
1016,81
391,536
1578,633
72,233
19,332
1491,886
97,231
223,473
722,95
791,97
962,750
1220,191
746,668
1292,215
1400,876
1209,842
432,550
89,400
1316,221
950,119
1387,268
1620,793
129,151
475,21
131,151
1127,141
872,84
283,496
1388,242
395,538
1209,187
1632,849
1545,561
1449,882
1270,860
402,21
1624,810
1367,339
173,108
1204,183
177,105
1376,345
570,61
309,23
1158,159
1467,882
114,209
756,672
102,408
191,87
727,97
123,424
178,456
933,738
734,664
1602,708
628,624
665,93
1386,241
1076,792
1370,343
1590,662
322,510
142,141
1378,874
453,558
863,77
1143,149
1608,732
1440,393
1221,193
525,586
1136,146
141,438
343,19
143,438
291,25
550,594
516,582
183,458
1190,836
1106,131
1301,217
558,57
1302,217
906,115
1565,605
926,118
1208,185
983,99
514,35
492,574
972,752
1566,606
315,508
1536,541
411,544
321,21
673,642
1137,819
69,234
1045,85
1406,876
1212,189
1467,431
495,576
133,430
246,41
748,670
674,642
1377,288
1638,881
1450,406
20,315
811,80
868,714
922,117
851,73
500,25
101,229
1454,412
284,496
105,226
213,470
1563,601
1394,251
626,81
135,145
427,21
1628,832
29,292
527,37
729,662
1446,880
380,19
142,438
696,95
1374,237
1374,294
1162,836
336,516
81,394
151,444
334,19
66,382
817,75
708,654
123,422
430,550
674,97
1137,820
1078,111
1239,854
787,684
1268,860
1362,233
793,687
25,341
300,502
302,502
1060,96
1409,355
1638,872
1586,655
1126,810
1403,876
1384,874
1440,391
1405,353
1448,882
842,704
1583,645
241,46
575,604
1458,416
1531,890
531,39
931,119
1502,482
753,670
1602,702
1072,790
1418,878
464,21
137,433
817,76
997,762
1315,221
285,25
929,736
1422,878
1337,227
698,652
71,386
571,61
623,79
914,116
793,688
971,109
23,304
371,19
1358,872
1486,459
1568,609
543,51
468,564
710,95
91,400
825,698
352,522
298,23
279,27
524,586
1016,768
781,682
763,675
285,496
33,287
780,105
1385,274
162,125
163,121
309,506
610,604
1432,381
38,358
21,310
1636,861
830,73
890,105
1362,328
115,193
351,522
1222,846
1169,165
1187,834
361,526
621,77
125,424
1046,86
1141,822
1212,842
1301,864
1616,773
1598,693
404,542
332,19
1415,359
1584,649
1554,583
507,31
126,153
507,578
1249,203
1268,209
1124,139
936,740
1160,836
1410,357
812,79
355,524
961,748
1113,804
67,384
765,105
1223,193
1420,364
1600,696
326,21
219,77
914,730
997,86
1094,123
194,462
1249,856
147,137
368,528
536,40
115,198
1362,323
1258,205
653,634
49,257
304,23
103,409
34,352
859,711
1032,776
769,678
588,606
1338,229
735,665
954,746
408,21
1510,495
1370,306
31,349
641,630
72,386
414,544
552,55
1066,100
1085,115
111,414
919,733
1059,95
1580,637
473,21
976,754
21,312
831,700
1387,874
409,542
1610,747
230,61
803,87
1562,598
951,119
1104,802
115,207
353,19
1238,199
923,734
871,715
1372,300
159,128
567,600
842,73
1141,824
271,492
1604,714
1584,647
1287,213
403,540
665,638
632,82
1054,782
1273,862
725,97
1553,892
1225,195
394,19
838,704
964,113
107,413
1615,892
1520,508
555,596
1126,141
65,382
247,39
785,101
125,156
1232,197
1637,869
1506,489
1556,587
666,93
170,454
1112,133
154,444
157,129
360,19
748,100
892,724
1336,227
987,94
400,20
1612,754
1437,880
1036,776
465,562
1416,360
1634,860
1372,299
1598,686
35,352
1008,766
418,21
991,90
23,340
795,688
596,71
121,161
1558,892
790,99
702,652
259,34
1346,230
1622,793
1366,312
796,688
377,530
448,558
1280,211
808,692
1103,801
39,272
1453,882
1074,105
1606,726
320,510
393,536
615,75
1279,862
1628,826
748,99
1499,886
968,750
1562,600
327,21
111,215
425,21
960,115
1514,499
1170,836
157,448
49,255
1634,855
1335,227
1005,764
895,109
181,458
1248,203
1599,695
184,460
1359,233
1484,456
117,173
1075,107
814,694
672,97
504,30
1578,894
1534,538
1028,774
750,101
53,251
697,95
384,19
1469,884
1624,890
1186,173
341,517
69,384
1079,111
1636,888
131,430
1473,884
1567,892
1257,205
869,714
156,446
138,145
945,743
1592,669
1539,547
679,644
989,758
919,117
1609,894
690,95
502,28
1116,135
231,61
639,629
161,449
1340,229
1487,886
1086,794
1396,876
1379,345
478,21
443,21
540,48
1397,876
45,260
544,51
543,592
1626,823
1496,475
1390,262
932,119
1489,886
239,50
1342,229
852,708
1514,886
210,468
636,83
358,19
947,744
982,756
234,478
1335,868
53,373
736,666
1281,213
365,526
521,584
777,105
1329,225
1478,884
624,79
36,354
255,35
1069,788
1087,117
22,309
223,74
649,634
995,760
888,105
1309,219
1310,219
231,58
51,253
35,279
396,538
625,619
805,690
1430,378
185,460
1010,81
1546,563
1184,171
189,87
281,494
1368,237
671,642
817,695
892,109
984,758
912,115
269,31
1027,772
1299,864
1595,894
55,249
520,35
1622,802
480,21
872,716
1168,836
1494,886
545,592
891,722
1558,591
1004,83
1618,785
1507,489
738,99
1526,519
1254,205
650,87
1438,388
1610,893
249,483
263,488
763,105
195,462
252,37
37,357
1051,782
1472,436
115,176
557,57
813,79
1259,860
247,482
1516,504
563,600
875,87
1172,167
489,574
625,620
1339,869
644,85
169,115
704,93
1456,882
1493,467
119,164
1223,846
140,436
1630,833
1373,296
969,111
55,246
59,243
519,583
1552,578
1182,171
264,488
84,233
1614,757
412,544
605,601
1391,243
1374,345
473,566
823,696
348,19
973,107
296,25
1011,767
977,104
904,728
62,239
635,628
249,484
546,594
600,71
1421,365
1062,97
1355,233
1175,834
791,686
115,185
1036,81
1382,280
85,396
1060,95
1516,503
1596,678
52,251
236,53
551,596
169,116
1530,890
207,468
1532,535
1632,845
1498,476
214,83
840,73
804,87
1104,128
1067,788
1107,803
662,93
1620,892
866,79
938,119
1399,876
479,21
1368,309
1149,837
337,516
655,635
1064,99
1189,836
659,636
1211,187
553,596
54,374
570,602
534,588
1143,828
1230,197
1288,214
1519,888
650,89
173,454
524,37
1572,621
432,21
217,79
860,77
1376,292
182,97
19,321
37,279
222,472
115,190
276,494
509,580
535,589
995,88
1474,442
619,612
339,19
433,551
929,119
1560,593
786,101
1620,788
165,120
221,75
1435,880
497,21
79,392
33,352
485,572
897,724
1548,565
538,46
60,241
387,534
958,117
742,668
265,488
1242,854
1388,268
949,744
289,498
291,498
113,214
437,554
1162,161
761,674
1057,93
1369,872
542,50
1042,84
1319,867
469,564
143,141
217,80
19,326
93,232
826,698
1072,105
1490,463
426,550
89,398
325,21
290,25
1448,402
898,111
1620,787
99,229
1220,192
1494,468
376,19
999,85
1500,478
1392,255
215,81
682,646
1009,766
224,71
1109,131
1181,171
1624,804
284,27
1388,267
75,390
517,35
1088,119
595,604
227,67
823,73
1068,101
223,472
23,303
574,63
1384,274
1369,341
1243,201
233,57
1316,222
839,73
678,644
878,92
917,117
131,150
1473,439
80,233
1383,347
779,681
562,59
669,95
835,702
872,85
1388,243
88,398
969,752
1121,808
1521,888
1632,850
1495,471
1547,565
183,460
441,21
369,528
1624,811
577,606
173,107
1131,813
267,490
177,104
1373,872
290,498
1617,892
1033,776
974,754
1236,852
314,508
848,706
191,86
709,655
1333,868
912,730
768,676
1357,233
1602,709
20,334
1072,103
24,340
98,231
596,602
685,97
1197,181
1293,215
265,33
1590,663
86,396
826,73
1306,866
955,746
703,653
940,740
1608,733
1420,363
1258,858
1424,878
1136,147
286,498
1154,155
141,437
1428,878
1408,355
1008,81
187,91
1041,778
1421,878
926,119
1208,186
820,75
876,88
983,98
1501,481
534,39
1566,607
494,21
1536,542
228,65
1116,806
1077,109
1243,854
1137,818
69,233
1609,739
1055,784
299,502
374,19
583,606
179,99
1155,838
1266,860
1638,886
1450,407
555,57
864,712
1454,413
775,105
944,742
101,228
229,63
301,23
105,225
784,682
344,518
1394,248
1378,286
862,712
1031,775
1196,838
1215,844
117,420
281,27
1628,833
29,291
268,490
876,87
1065,787
1374,295
1164,161
81,393
410,544
546,53
1354,870
1495,886
783,682
1122,138
1194,178
258,35
793,686
25,340
1455,882
1150,153
1060,97
451,558
1638,873
1429,879
184,93
772,678
845,706
114,418
1034,81
1586,652
617,611
870,714
1331,868
156,131
601,71
965,750
1246,202
1394,243
1518,506
241,45
188,89
615,610
707,654
63,380
1458,417
1134,145
1206,185
1459,882
624,618
1065,788
1502,483
1602,703
1362,334
685,646
1629,833
137,432
120,163
1556,585
859,712
1598,691
914,117
1047,781
146,139
440,554
971,108
1145,151
1217,191
23,307
522,37
958,748
1605,894
1568,610
446,21
411,21
1065,99
623,618
592,604
1488,886
82,233
617,612
1538,546
946,744
763,674
1574,625
33,286
159,127
1636,862
1482,451
971,752
309,505
1485,886
40,269
21,309
718,95
152,444
1591,894
1610,742
193,462
656,636
930,119
1264,860
108,223
660,92
1362,329
1091,797
115,192
1416,359
116,175
741,668
1512,496
1457,882
361,525
1371,343
179,457
1046,87
1616,774
1584,650
238,51
1550,569
495,21
1055,783
1509,493
724,96
1554,580
1576,627
983,757
711,95
415,546
342,518
397,19
932,738
1179,834
1010,766
1589,659
557,598
190,460
744,99
815,77
448,21
1058,93
1202,183
214,470
288,25
1046,780
1295,215
1560,892
1476,444
1600,697
1540,552
296,500
1455,413
997,85
1438,880
1441,393
1388,349
144,141
363,19
660,91
536,41
754,672
1362,320
115,201
167,117
1480,886
49,256
103,408
782,103
859,710
1003,764
1597,683
769,677
1604,716
735,664
576,63
25,303
225,71
243,45
1040,83
31,348
841,704
552,56
1066,101
919,732
1091,119
1126,139
1454,882
1367,872
1611,892
1476,443
247,41
799,689
602,72
1608,736
107,225
380,532
1580,638
952,119
1577,631
220,77
510,580
739,666
169,454
1538,890
119,420
501,25
743,99
1315,866
1614,763
51,371
1612,756
1610,744
767,676
1584,894
1562,599
115,206
670,95
981,101
871,714
1262,206
1371,872
1604,715
632,83
1627,890
1511,495
121,159
107,412
587,67
658,91
1520,509
147,440
683,97
1434,382
1554,892
1570,613
1039,777
1204,840
65,381
1366,235
447,21
1539,890
1600,695
125,155
824,73
1139,821
1232,198
1506,486
224,474
1145,831
481,570
523,585
1332,225
1628,828
1612,755
1099,125
748,101
1171,165
1022,81
400,21
1285,213
459,562
1239,199
1634,861
160,448
568,61
782,682
861,712
1598,687
59,377
465,21
121,160
821,75
913,730
822,75
239,47
1622,798
1346,231
1366,313
1368,339
597,602
1478,445
1100,800
1280,212
107,223
986,758
880,93
1103,800
1178,834
39,275
1606,727
1628,827
1422,366
484,21
728,662
1278,211
1592,663
34,283
1563,892
270,29
1562,601
1361,872
385,534
223,71
849,73
502,26
49,254
1634,852
1631,890
1462,421
1594,675
794,688
117,172
597,71
979,756
907,115
504,31
123,157
1043,85
1294,215
344,19
1534,539
53,250
74,388
882,98
1469,883
1468,432
1624,891
1310,866
1591,663
209,468
120,420
341,516
145,439
127,153
420,546
1032,81
591,69
21,338
920,117
1418,361
945,742
747,670
1582,644
606,73
961,115
83,396
852,73
502,29
1314,866
231,60
639,628
161,448
1394,350
1564,601
1284,862
1175,167
1411,878
593,69
540,49
1626,820
45,259
544,52
1001,85
909,730
824,698
698,95
330,21
1603,713
1052,782
79,233
136,145
409,21
1458,415
1636,864
417,546
53,372
1174,834
1125,810
183,95
810,81
96,404
1253,203
1254,203
27,345
1038,82
1442,394
649,633
155,445
1097,800
1390,874
51,252
1406,353
1195,837
625,618
1122,808
1430,379
1180,169
1364,235
1184,172
1096,798
561,600
1497,475
817,694
1223,848
269,30
533,39
55,248
933,119
520,36
1622,803
1238,852
1588,656
1420,878
726,662
637,83
1558,588
1282,213
1618,782
1376,237
1047,87
1374,343
661,638
22,338
167,453
758,103
462,21
1438,389
249,482
1190,176
1463,882
625,79
37,356
1488,459
186,91
115,179
1472,437
631,81
813,78
1166,836
1516,505
1025,81
1596,680
342,19
489,573
1191,836
271,29
164,121
644,86
1339,868
1266,208
169,114
816,77
119,167
375,530
619,77
1042,778
1262,860
1630,838
513,35
913,115
969,110
695,650
59,242
519,582
705,654
1275,211
1552,579
1405,876
1614,762
1570,615
783,103
363,526
605,600
508,32
1005,83
1193,836
1373,237
973,106
442,556
1011,766
406,542
764,676
1350,231
655,89
877,718
92,233
19,315
275,494
1012,768
115,184
1092,119
1278,862
766,676
1407,355
1634,888
1596,679
454,560
953,119
45,366
1060,786
1604,894
503,29
1481,886
379,19
622,77
1632,846
1104,129
1498,477
1107,802
916,732
717,658
388,536
1327,868
1368,310
1149,836
655,634
1189,835
306,23
1135,145
1207,185
1428,375
1614,765
681,97
610,73
1288,215
1566,608
1470,884
63,239
1572,622
249,39
1466,427
19,320
37,278
535,588
865,714
1474,443
1184,834
800,91
433,550
1631,839
414,21
1560,594
1620,789
75,233
1051,89
1128,810
1130,143
830,700
154,133
1608,894
1531,529
1245,856
485,571
503,577
1100,125
805,87
1548,566
1252,203
1486,886
538,47
1380,874
1414,357
1055,93
686,95
1403,353
113,213
203,87
313,507
437,553
627,623
1527,890
245,43
542,51
1098,800
726,97
1042,85
1043,779
1208,842
1319,866
218,79
1578,636
19,329
93,231
664,93
1431,880
225,474
278,27
463,21
1439,389
428,550
233,55
1579,637
1448,403
843,705
240,47
1303,865
1220,193
1494,469
211,469
266,31
1500,479
416,21
1300,217
1624,805
957,117
1556,892
566,61
292,500
1144,149
331,19
313,508
1216,189
481,21
227,66
870,82
529,39
910,115
1123,139
19,334
554,57
791,99
1384,275
596,604
1147,836
233,56
450,558
639,85
253,37
878,93
1316,223
935,739
260,486
100,229
335,515
779,680
1297,864
1420,365
1632,851
345,519
307,504
240,480
611,605
1624,812
577,605
795,95
541,591
706,654
1131,812
1077,792
327,512
1213,189
1158,157
1089,119
1507,886
578,606
1182,834
709,654
799,91
431,550
1444,396
1580,894
1602,706
699,95
203,466
368,19
297,25
596,603
226,474
685,96
1148,152
265,32
981,756
1382,240
303,23
1370,341
767,105
896,724
1465,882
381,532
703,652
740,666
1454,411
1608,734
1404,353
488,572
1389,243
141,436
345,520
415,21
237,53
694,650
1085,794
1120,808
1106,129
187,90
498,22
1394,254
1530,526
1204,184
1208,187
876,89
1063,786
293,500
1536,543
1313,221
1019,770
393,19
47,368
1444,395
606,602
494,574
633,626
1148,151
525,37
800,690
323,511
433,21
1318,866
550,55
1638,887
77,233
629,81
101,227
229,62
482,570
837,703
1337,868
308,504
626,79
1394,249
241,480
1031,774
1378,287
117,419
135,147
651,634
927,119
1461,421
452,21
1065,786
881,720
1374,292
1400,351
1164,162
81,392
1078,109
603,600
620,77
567,61
1122,139
1248,856
1194,179
790,686
1216,844
204,466
23,309
833,73
927,736
1101,800
1638,878
1429,878
1586,653
921,734
739,99
617,610
1222,193
1632,888
764,105
1500,886
486,21
714,658
712,95
1246,203
1518,507
132,149
1530,528
155,131
1038,776
602,600
269,492
491,574
1233,199
1362,335
850,708
1387,349
67,383
1515,887
1189,175
1616,768
1598,688
1556,586
436,552
608,73
399,19
1047,780
1486,457
1568,611
23,306
1370,302
1424,368
303,503
1464,882
91,402
592,605
55,375
1198,838
1620,785
957,748
1538,547
137,145
602,71
33,285
947,119
87,397
1636,863
163,123
309,504
384,534
829,700
887,721
1015,81
856,710
1610,743
1171,836
1283,213
660,93
1105,802
898,726
166,119
115,195
900,726
741,667
978,754
1091,796
1532,890
1362,326
818,75
1401,353
361,524
875,717
179,456
640,630
1545,890
532,588
697,651
1616,775
1584,651
1550,574
976,105
1055,782
1382,874
724,97
1554,581
357,19
983,756
30,348
1576,628
1445,399
507,580
769,105
1429,880
1410,355
572,602
204,87
1145,835
557,597
427,550
64,380
1185,834
1476,445
1540,553
786,684
1600,698
1580,640
254,35
219,79
168,117
39,359
719,95
1327,225
316,21
906,728
1094,121
430,21
621,616
109,223
147,139
536,42
1362,321
115,200
295,500
171,113
1346,870
999,762
871,716
1372,343
1338,227
915,731
697,652
769,676
1604,717
1487,459
1109,804
25,302
225,70
243,44
1510,493
1188,834
1370,304
1281,862
858,76
987,758
552,57
510,33
827,698
774,680
439,554
43,261
993,89
1145,836
262,33
745,99
247,40
449,558
602,73
323,21
107,224
582,606
799,688
1295,864
1580,639
238,480
311,506
811,693
719,659
1622,892
61,239
1610,745
1612,757
51,370
487,21
803,89
115,209
1271,861
1130,812
1549,890
981,100
564,60
175,456
985,97
325,512
567,602
1262,207
1462,424
1358,233
1594,670
1533,535
1256,858
403,542
723,661
815,694
796,95
1041,83
216,81
1520,510
1432,880
1250,203
312,506
347,19
276,29
1090,119
150,137
1452,882
1039,776
1363,335
65,380
1151,153
1434,383
765,676
1376,872
125,154
1139,820
1232,199
915,117
1506,487
844,706
1544,560
21,335
1145,830
1256,205
388,19
1013,768
523,584
908,730
1095,123
1167,163
1332,226
964,750
1628,829
1612,748
455,560
1569,892
904,113
171,111
139,435
564,59
671,95
512,33
1634,858
35,354
1598,684
1158,838
59,376
1471,435
1057,784
633,83
1549,569
389,536
138,434
579,606
944,119
1535,539
57,245
1470,434
367,528
1622,799
1368,340
139,145
1280,213
750,670
880,94
471,566
627,81
239,480
1304,219
39,274
1585,894
1606,724
445,556
1592,664
1422,367
1612,747
512,580
1582,642
1484,886
1528,521
993,760
1289,864
176,105
49,253
502,27
431,21
397,538
1574,892
1634,853
1594,672
256,486
807,83
1087,795
973,754
540,590
975,754
117,171
903,113
1252,858
998,762
1001,83
1226,195
1534,536
253,486
53,249
54,249
863,712
882,99
1469,882
1624,892
1468,433
1371,237
1099,800
1048,782
145,438
127,152
1102,800
21,337
1307,866
1606,719
449,21
691,95
289,25
1104,127
1176,167
219,472
1548,890
1582,645
208,87
1365,872
961,114
600,600
1594,894
713,658
145,141
1394,351
1564,602
1201,840
1076,108
544,53
283,27
1001,84
820,696
468,21
1082,794
1134,816
1044,85
1226,848
1390,260
1160,159
755,101
1623,803
26,299
1132,144
139,143
1021,772
340,516
1636,865
821,696
1416,878
183,94
419,546
27,344
1038,83
1351,870
1438,387
1442,395
87,233
1503,886
398,538
537,590
1608,730
1013,81
336,19
649,632
155,444
561,59
995,762
35,281
1195,836
1505,886
1546,561
1272,209
1180,170
594,69
206,466
1184,173
1076,107
654,634
965,111
269,29
1027,774
1321,223
1392,256
1618,892
1179,169
519,584
520,37
1622,800
1588,657
1132,143
928,736
528,37
891,724
1117,808
1517,888
1618,783
1376,238
1558,589
734,98
1460,421
661,637
1401,876
1452,408
167,452
1526,517
1199,838
1386,270
1570,618
1190,177
549,55
37,355
220,472
332,514
115,178
314,21
573,604
813,77
1472,438
1386,874
1488,460
653,89
1153,155
857,710
1596,681
489,572
1266,209
1450,882
346,520
401,21
644,87
1380,345
169,113
810,692
1383,874
1365,235
1203,183
119,166
1496,886
1533,890
1632,840
1630,839
31,289
569,61
308,23
969,109
1355,871
655,636
1020,770
1211,842
1083,113
508,33
236,478
823,698
366,526
420,21
973,105
1373,343
1452,407
260,33
833,702
759,103
373,19
778,105
1056,93
1330,225
1044,780
1156,838
329,514
132,430
115,187
354,522
423,548
62,380
960,748
485,21
1542,556
953,118
1532,529
45,365
1632,847
323,512
1559,892
454,21
348,520
1548,568
294,25
1163,161
1605,719
133,149
1368,311
28,346
856,75
1482,886
1189,834
89,233
953,746
1522,512
1143,830
113,211
257,35
1508,489
1566,609
977,103
578,63
869,81
63,238
1572,623
121,422
67,235
1351,231
1319,868
1391,875
1375,237
19,323
37,277
221,472
865,713
1011,768
1364,335
298,502
1474,440
1241,201
619,614
838,73
1560,595
163,451
453,560
1620,790
1475,884
979,101
1494,467
582,66
485,570
503,576
1100,126
1245,855
805,86
1548,567
387,536
541,49
1257,858
291,500
113,212
437,552
313,506
627,622
1289,215
1552,892
245,42
687,648
46,366
945,119
1043,778
1578,637
1356,233
588,67
19,328
1379,239
888,722
133,432
801,91
1118,136
1320,223
1448,404
843,704
878,91
1113,133
112,416
1303,864
259,486
479,569
975,105
99,231
483,570
211,468
1423,367
565,600
215,83
989,93
1106,802
829,73
901,113
1624,806
687,95
1188,173
1391,349
845,73
1144,150
1216,190
903,727
227,69
923,736
193,85
870,83
799,93
1150,838
823,75
1602,712
495,575
223,474
278,494
297,23
791,98
1093,121
1440,880
1384,276
32,287
253,36
935,738
1363,872
703,93
1074,790
1365,314
335,514
1611,747
1480,449
1172,834
345,518
362,19
1393,254
1550,890
611,604
1624,813
577,604
209,87
541,590
885,720
854,74
1224,848
455,21
462,562
339,516
1207,841
506,31
1444,397
1123,809
1602,707
937,740
756,101
828,698
297,24
685,95
425,550
227,475
1148,153
1293,864
49,370
174,107
675,642
1317,223
1479,885
876,718
1590,661
110,414
511,580
1011,81
1608,735
816,694
585,606
1544,561
1250,856
237,52
129,427
681,646
1031,776
498,23
1530,527
1204,185
926,117
177,103
876,90
328,21
326,512
1566,605
1286,862
41,362
77,390
1236,199
542,592
1311,866
853,710
1515,888
966,111
1446,400
492,21
700,95
1565,892
386,19
760,103
631,625
1626,890
1244,201
1443,395
323,510
179,101
1638,884
1450,405
1553,579
644,630
883,99
651,89
942,119
229,61
1114,806
1613,757
837,702
1595,675
1394,246
1378,284
129,428
809,692
666,640
352,19
117,418
647,632
135,146
500,576
1614,764
1374,293
1581,894
1431,379
645,87
1400,352
1164,163
1329,868
134,147
1058,784
1314,221
970,109
23,308
776,105
544,592
135,432
504,578
175,105
50,370
343,518
1638,879
476,568
38,275
422,548
421,548
663,638
1343,870
262,488
1132,814
1632,889
893,724
33,283
549,594
1540,548
1546,562
934,738
1287,863
1275,862
886,102
1347,870
372,530
1511,886
1575,893
1530,529
269,491
732,664
417,21
1502,481
1602,701
1362,332
42,362
67,382
47,257
174,454
925,736
1115,806
1333,227
914,115
950,744
733,664
720,660
1031,81
1357,872
1598,689
1568,612
206,87
1590,894
301,502
1370,303
303,502
105,411
857,75
1424,369
180,99
1006,766
436,21
592,606
55,374
917,732
1086,116
1638,870
1585,651
153,135
957,747
1527,521
1538,544
447,557
763,676
1602,704
33,284
106,225
87,396
90,400
163,122
713,95
1504,483
1540,547
829,699
887,720
1610,740
359,524
1412,878
1234,199
294,500
115,194
1362,327
741,666
1416,361
1616,769
707,93
980,101
1458,882
1512,498
875,716
470,21
1046,85
435,552
697,650
1504,886
1163,836
1550,575
959,115
1576,629
105,412
569,602
144,438
1213,844
1501,886
789,101
771,678
1380,280
1145,834
1075,791
557,596
1240,854
1618,777
1525,517
967,750
508,580
948,119
1600,699
219,78
1580,641
1544,557
1235,199
39,358
1474,884
959,748
391,19
1095,798
621,615
1152,838
1115,135
1393,876
198,86
109,222
1177,834
147,138
383,533
536,43
115,203
167,119
827,73
171,112
559,59
1052,89
319,509
1362,318
103,410
360,524
1592,667
915,730
843,73
1604,718
735,666
1070,102
25,301
225,69
540,47
1015,768
939,119
672,95
1219,191
231,476
1370,305
31,350
286,25
858,77
1066,99
128,151
662,638
1342,870
475,567
919,734
205,87
632,626
1608,738
889,722
194,85
452,558
1378,288
274,29
1505,485
811,692
1073,790
719,658
650,634
668,640
1146,836
1510,886
1436,384
1098,124
341,19
803,88
1562,597
955,117
115,208
1271,860
245,482
981,99
564,61
1594,671
268,31
985,96
1462,425
453,21
1108,804
723,660
151,135
1219,846
82,394
1151,838
107,414
1520,511
146,440
93,404
57,243
111,416
611,75
422,21
1524,513
1291,864
279,494
798,688
251,37
548,53
125,153
911,115
1045,780
1600,894
313,23
21,334
920,734
1162,159
1606,722
616,610
1332,227
564,600
1628,830
1612,749
52,372
141,143
904,114
1166,163
139,434
874,86
378,19
512,34
894,109
324,512
1260,860
1263,207
1426,372
807,85
1634,859
1570,892
349,520
1598,685
797,95
1000,85
1407,876
490,21
471,21
1395,876
57,244
1089,796
1053,782
1435,383
78,233
1346,229
1368,341
580,606
1622,796
1470,435
139,144
837,73
1465,427
1574,624
880,95
1103,802
916,117
94,404
590,68
39,269
701,95
1071,789
1606,725
762,674
941,742
1386,274
1592,665
636,628
693,650
235,53
1228,848
1635,861
1582,643
1528,522
498,576
172,111
246,482
1261,205
1594,673
752,670
145,139
1564,604
1087,794
1178,169
973,753
1056,784
117,170
1183,834
1496,471
32,350
123,159
1390,258
1534,537
253,485
882,96
97,406
43,363
99,406
523,37
684,97
1367,235
727,662
1538,543
1556,584
733,97
36,279
1305,219
1526,520
21,336
444,556
321,510
1114,134
1477,445
1135,817
1464,425
1176,168
111,217
1524,888
630,81
317,21
961,113
600,601
484,570
50,253
639,630
713,657
145,140
515,582
1447,881
1564,603
1626,818
1076,109
1390,261
1355,872
1029,81
311,23
1453,411
1110,132
1132,145
1021,771
505,578
1372,237
1636,866
1558,587
553,57
862,77
511,33
166,452
773,105
423,21
774,105
1325,225
834,73
263,33
1279,211
692,95
1594,674
181,99
951,745
991,760
885,101
850,73
1253,858
1437,387
907,729
35,280
714,95
1429,377
1430,377
1272,210
1108,131
518,582
1180,171
1552,575
908,115
1080,111
819,696
1081,794
1392,257
1174,167
516,35
1161,836
493,574
1588,658
1622,801
1537,543
708,93
528,38
584,67
1117,807
1618,780
235,478
1445,880
734,99
383,19
661,636
573,63
1007,766
277,29
1376,239
1452,409
1386,271
762,104
1570,619
191,461
1080,792
1559,591
160,127
749,670
879,718
37,354
1488,461
1472,439
115,181
460,21
408,542
61,380
573,603
1311,221
1364,314
1596,682
785,683
949,119
1105,129
1339,870
1542,554
1345,229
1380,346
79,391
561,599
1632,841
1630,836
31,288
1461,882
1355,870
254,486
680,644
1322,223
1251,857
1417,878
1402,353
65,237
1118,808
1614,760
1618,775
642,630
95,404
833,701
27,297
1059,785
1367,312
931,738
1376,288
1466,430
329,513
19,317
956,746
115,186
331,514
297,502
1325,868
1608,737
429,550
910,730
197,85
785,684
1338,868
1542,557
953,117
667,640
1593,669
45,364
1532,530
1498,475
1107,804
76,390
1548,569
1328,225
1054,92
133,148
1368,312
1366,338
1352,231
656,89
237,480
1007,81
113,210
41,269
1508,490
441,555
556,596
1522,513
121,421
1170,165
840,704
1426,878
1391,874
1484,453
19,322
37,276
535,590
865,712
1181,834
1092,120
353,522
1382,278
300,23
1096,123
746,99
1497,886
1026,81
1474,441
1560,596
163,450
1620,791
404,21
116,418
280,27
371,529
1632,839
582,67
1245,854
305,504
1100,127
805,85
365,19
347,520
538,45
1092,798
1276,211
1382,241
545,53
29,348
1442,880
469,21
1428,376
398,19
1157,838
1617,775
1142,826
757,674
684,646
441,556
1528,890
405,542
27,295
245,41
542,49
835,73
978,103
1042,83
1264,207
1120,137
1192,177
1578,634
751,101
1601,894
19,331
438,21
277,494
1627,823
1436,383
758,674
1350,870
801,90
638,84
766,105
1118,137
1448,405
935,740
536,590
496,576
479,568
99,230
613,608
335,516
1460,882
712,656
1172,836
31,287
215,82
1581,641
989,92
1323,868
1624,807
1129,143
1185,173
1168,163
173,111
1188,174
1353,233
124,424
1336,868
270,492
1388,262
682,97
331,21
1144,151
521,37
903,726
1216,191
227,68
634,83
1290,215
1312,221
581,606
799,92
946,119
731,97
1614,892
364,526
401,540
589,67
823,74
1602,713
495,574
1380,239
443,556
1384,277
1590,659
1575,627
1541,890
253,35
930,738
1191,177
1601,701
700,652
76,233
628,81
1587,894
1608,729
500,23
779,682
1572,892
212,470
618,612
657,636
1172,835
306,504
804,690
1265,860
1302,218
1616,767
1480,450
1624,814
1607,894
558,58
209,86
1131,814
854,75
1027,81
1214,844
1490,886
149,442
1492,886
1240,199
1369,306
1557,892
1515,501
1002,83
1207,840
396,19
1444,398
1123,808
509,33
808,83
771,105
1379,284
421,21
756,102
208,468
832,73
425,549
227,474
261,33
1201,183
49,369
1353,870
1561,892
1479,884
1365,337
1050,782
1375,872
1638,882
848,73
1623,892
703,654
261,487
1439,880
669,640
693,95
1394,252
237,51
129,426
681,645
1284,213
29,295
177,102
1596,894
876,91
41,361
24,303
295,25
1239,853
598,71
853,709
1577,894
909,115
1081,111
472,566
1084,794
1443,880
346,19
952,746
1446,401
1362,234
631,624
1152,153
179,100
1173,834
1318,223
1638,885
1566,892
458,21
439,21
1200,181
387,19
1017,770
1039,83
1612,892
1156,157
1394,247
1378,285
592,69
539,590
847,706
616,75
1014,81
563,59
1372,872
1616,892
128,426
1471,884
1400,353
1237,199
1386,348
967,111
200,87
1030,774
1029,774
1122,137
1194,177
663,93
1582,894
761,103
233,478
250,484
1064,786
1638,876
1586,894
55,376
1586,651
918,117
421,547
1551,891
689,648
392,536
943,119
1632,890
1540,549
1393,349
1246,201
1518,505
113,418
130,151
476,21
1287,862
886,103
1294,864
1326,225
155,133
890,106
1575,892
1386,347
1424,367
269,490
1246,856
1544,890
881,719
1362,333
351,521
1460,417
1616,770
1598,694
1047,782
56,376
660,636
554,596
934,119
1568,613
136,432
959,117
1404,876
1370,300
68,384
105,410
1021,81
677,644
1424,370
1638,871
1086,117
475,568
43,265
153,134
355,523
814,77
483,21
102,227
447,556
957,746
1024,81
1229,850
1138,147
1048,87
163,125
1377,874
1362,872
1504,484
1254,858
39,360
829,698
617,77
1610,741
48,368
213,85
731,664
605,73
864,77
1362,324
1091,798
115,197
1512,499
1097,799
1082,112
179,458
1280,862
1173,167
789,686
1550,572
25,299
1148,836
207,87
1554,579
1224,193
230,476
322,21
654,89
983,758
1576,630
1213,843
789,100
40,360
1380,281
1145,833
740,99
1075,790
1468,431
1149,153
1574,623
784,103
1600,700
641,85
1247,203
1364,318
1519,507
1544,558
21,315
719,660
351,19
867,714
834,702
1271,209
621,614
584,606
126,426
198,87
109,221
513,582
536,44
383,532
1052,90
115,202
167,118
846,706
1321,868
1362,319
1259,205
319,508
428,21
1062,786
1618,776
1394,876
381,19
680,97
329,21
1006,83
1379,874
1070,103
1396,351
25,300
151,137
868,80
1529,890
1457,415
1604,719
729,97
676,642
533,588
493,21
475,566
424,548
1341,229
43,263
1608,739
724,662
799,690
215,470
896,109
1637,888
1413,878
574,604
666,94
1436,385
1606,728
581,65
1098,125
858,710
51,372
217,471
987,93
1090,796
245,481
562,600
1262,205
1372,296
1598,683
180,458
532,39
991,89
226,69
117,167
940,119
1014,768
1241,854
1383,278
252,484
1377,345
770,105
93,403
572,61
679,97
1434,381
259,33
773,679
1456,413
1039,778
942,742
1622,794
871,83
1477,884
1153,838
548,54
1139,822
1210,842
1506,485
809,83
313,22
1363,318
1074,106
1606,723
523,586
84,396
1001,763
1628,831
1612,750
141,142
548,594
217,472
894,724
1140,148
900,112
956,117
904,115
1129,811
118,167
1274,862
1514,500
874,87
1167,836
512,35
1426,373
1634,856
807,84
1087,796
59,378
1158,836
1468,882
1469,433
797,94
818,696
1493,886
1534,535
1244,854
1521,511
629,624
333,19
994,89
1622,797
508,31
437,21
590,69
131,429
701,94
1071,788
941,741
1001,764
998,85
1422,365
693,649
86,233
1472,435
1592,666
1140,147
1528,523
645,631
884,100
1012,81
153,444
406,21
1129,812
1512,495
502,25
1634,851
587,606
1119,137
1564,605
350,520
973,752
117,169
280,494
1496,472
1297,217
123,158
305,23
1390,259
1500,480
253,484
882,97
239,49
1088,796
97,405
43,362
519,35
795,97
248,39
1515,886
1636,868
1229,197
1523,513
881,95
1502,886
1526,521
370,19
762,103
1114,135
1332,868
1135,816
1026,772
1464,426
966,750
1176,169
399,539
218,472
474,21
111,216
753,101
884,99
223,73
688,648
600,602
231,57
713,656
1394,349
1447,880
1176,834
1546,564
60,378
1384,347
1626,819
1492,465
671,641
1269,860
1343,229
1217,846
1583,894
244,43
1110,133
1019,81
1021,770
1636,867
287,25
438,554
26,344
27,346
61,241
1038,81
926,736
1610,894
1442,393
1479,449
1360,872
181,98
951,744
1286,213
115,175
1466,428
1364,316
1259,859
155,446
265,31
907,728
780,682
781,105
361,19
603,73
35,283
127,426
1070,788
1195,838
1272,211
258,486
1128,141
831,73
1201,839
1277,862
601,600
618,77
1349,870
565,61
1081,793
1227,195
1436,880
1392,258
1630,834
55,245
1359,872
1107,131
1588,659
847,73
1347,231
101,407
65,235
708,94
528,39
963,750
88,233
1117,806
1618,781
1614,758
148,440
1452,410
167,454
277,28
1255,205
172,454
635,627
762,105
48,257
191,460
1386,268
1576,894
201,466
1488,462
115,180
573,602
1364,315
61,379
741,99
1313,866
1596,683
785,682
382,532
715,95
1266,207
1542,555
1380,347
460,562
79,390
407,21
426,21
561,598
1476,884
1632,842
1630,837
31,291
1532,532
1004,764
1232,850
1157,157
1302,864
1251,856
1368,306
65,236
1614,761
585,67
288,498
1538,545
787,101
110,219
1344,870
1377,239
41,267
385,19
1508,492
833,700
27,296
1059,784
302,23
1354,233
161,127
1391,876
1466,882
329,512
571,602
19,316
1376,289
1635,888
115,189
1472,884
297,501
995,87
579,65
1512,886
925,117
1133,816
367,19
974,105
188,460
1532,531
1409,876
1323,223
1054,93
133,147
444,21
1366,339
409,544
392,19
1352,232
656,90
1512,497
768,105
677,97
237,479
844,73
113,209
41,268
1231,197
441,554
1508,491
941,119
192,85
1111,133
121,420
709,656
272,29
1484,454
19,325
37,275
202,466
665,640
1490,464
1092,121
1385,241
1382,279
690,648
1118,135
1560,597
71,233
1050,88
954,117
1233,851
95,231
170,113
371,528
652,634
979,103
1165,836
503,578
451,21
1159,159
1625,815
905,115
1254,204
29,347
982,99
1388,264
839,704
1084,113
1428,377
75,389
627,624
757,673
992,89
903,728
1551,575
686,646
1133,145
943,742
1043,780
1578,635
418,546
1485,457
19,330
1451,882
1364,336
526,586
1097,123
801,89
638,85
985,95
843,706
164,452
1619,785
1233,852
131,149
1303,866
560,598
189,460
211,470
984,97
216,470
1392,243
1101,127
989,91
990,91
1568,892
1624,808
1168,164
173,110
1277,211
1188,175
1388,263
488,21
90,233
331,20
793,97
870,81
191,85
467,564
47,367
68,235
104,410
1265,207
788,684
1602,710
274,492
1361,233
349,19
1328,868
1384,278
1025,772
1242,201
547,594
1638,888
882,95
775,680
478,568
461,21
812,694
390,19
1111,804
104,227
1205,185
1475,443
158,448
1154,156
1480,451
1302,219
57,376
754,101
611,606
595,69
558,59
209,85
1624,815
983,97
149,441
1536,539
1240,200
1017,81
356,19
1187,173
1444,399
73,233
1430,880
400,540
1602,705
756,103
1381,239
425,548
49,368
985,758
1638,883
165,452
1196,180
593,604
315,21
261,486
779,105
1394,253
681,644
1434,880
498,21
902,113
373,530
1530,525
962,113
29,294
103,227
158,129
177,101
730,664
1263,860
517,582
41,360
1491,465
1239,852
853,708
1556,583
711,656
948,744
736,99
94,231
1362,235
42,265
25,343
522,584
228,476
1387,241
1152,154
124,157
1267,209
1638,874
1196,179
222,75
1180,834
1200,182
1440,389
1017,769
159,448
694,95
1394,244
58,376
1287,864
405,21
1255,858
615,609
616,76
192,462
377,19
1371,300
1283,862
877,91
1300,864
716,658
716,95
1381,347
243,480
151,443
1382,347
1386,349
672,642
599,71
285,27
873,716
929,738
1083,794
770,678
1169,836
971,107
1082,111
275,29
1194,836
1125,139
25,344
80,392
150,442
777,680
1516,888
233,477
175,107
1319,223
1231,850
623,617
1086,115
735,99
1638,877
421,546
575,63
261,488
1551,890
1574,626
285,498
1482,452
287,498
969,751
1391,258
1597,894
1432,379
310,506
1540,550
113,417
1037,81
1529,525
155,132
338,19
890,107
891,107
1520,888
881,718
1362,330
442,21
1614,766
351,520
47,259
1460,418
529,587
125,426
568,602
675,97
201,87
1616,771
1615,767
1598,695
1550,570
205,466
1345,870
1419,878
902,726
959,116
229,476
1423,878
1317,866
1370,301
1390,349
415,545
677,643
1395,351
1424,371
43,264
153,133
355,522
1058,94
652,89
961,750
1113,806
195,85
1205,840
1229,849
87,398
1513,886
163,124
861,77
1377,873
183,97
1504,485
168,454
994,760
334,514
1290,864
887,103
541,592
887,722
691,648
213,84
1137,147
1210,187
566,600
1023,772
864,78
1362,325
1621,892
115,196
244,480
1606,894
318,508
1097,798
175,455
529,588
875,718
487,572
1082,113
535,39
789,685
935,119
1567,609
1550,573
1224,194
1576,631
802,690
1213,842
789,99
1380,282
701,652
1145,832
1352,870
1600,701
911,730
1049,87
1544,559
1433,381
21,314
1073,105
1463,425
513,581
109,220
879,93
292,25
130,428
536,45
115,205
1052,91
1202,840
1513,499
502,576
467,21
1227,848
1334,227
915,732
515,35
1140,822
1141,826
1102,127
1326,868
1584,645
151,136
868,81
745,668
1571,619
1370,872
251,484
858,75
1447,401
382,19
1269,209
1524,516
367,527
43,262
407,542
836,73
785,103
1483,453
896,110
642,85
1230,850
1069,101
811,694
666,95
996,762
560,59
1110,804
1436,386
1606,729
157,131
195,464
358,524
1612,752
217,470
199,87
1340,870
242,45
459,561
538,590
1271,862
245,480
1260,205
1594,669
1061,786
1372,297
1483,886
1397,351
1071,103
723,662
1508,886
596,69
335,19
1626,821
121,163
1296,216
93,402
572,62
720,95
1524,515
773,678
1456,414
1622,795
1366,314
1478,446
412,21
251,39
548,55
1228,196
127,151
1304,866
590,67
313,21
809,82
1074,107
722,660
1402,876
1628,824
393,538
1001,762
945,744
1117,135
1612,751
141,141
1606,720
988,93
970,752
1140,149
609,603
828,73
477,21
900,113
78,390
1129,810
1514,501
139,436
1634,857
1462,422
1005,766
307,23
182,458
1158,837
576,604
884,720
23,339
867,79
117,175
613,607
797,93
979,755
1237,852
1147,151
965,113
1555,892
419,21
1159,836
1451,407
1470,433
520,584
372,19
229,65
1388,874
69,386
1228,195
92,402
737,99
131,428
39,271
701,93
1418,362
1386,272
941,740
1498,886
66,235
1628,823
693,648
196,464
747,669
235,55
1535,890
1478,448
1582,641
609,604
989,760
645,630
884,101
1598,690
1528,524
83,395
464,562
1446,399
490,574
695,95
1411,877
117,168
1496,473
817,696
1500,481
109,414
1522,511
256,35
58,243
239,48
97,404
558,598
577,63
612,75
773,680
83,233
795,96
376,530
1110,131
1579,894
1636,869
73,387
474,566
456,21
607,602
1564,892
1625,890
776,680
248,482
599,602
854,710
1366,872
1561,597
1464,427
399,538
111,219
185,93
899,111
223,72
1035,81
888,103
1621,793
1537,890
1406,354
51,251
620,614
805,692
1324,868
148,137
257,486
1198,181
1344,229
1546,565
189,89
1368,235
1626,816
671,640
429,21
673,97
33,351
1492,466
1068,788
1413,357
1217,845
44,364
64,237
338,516
545,594
73,388
202,87
755,672
1218,846
1235,852
61,240
171,454
1203,840
197,464
1375,292
181,97
753,672
718,658
1288,864
1588,894
645,632
1364,317
578,64
1259,858
1310,220
1389,262
781,104
196,85
1022,772
35,282
1172,165
56,245
625,622
1128,142
1385,347
354,19
1201,838
318,21
1630,835
486,572
1081,792
1518,888
552,596
860,712
59,241
849,707
1552,576
924,736
101,406
1186,834
466,21
122,422
708,95
395,19
1466,431
1356,872
1427,373
1618,778
734,97
1614,759
1306,219
1307,219
1452,411
277,27
1570,617
635,626
1441,880
1386,269
506,578
801,690
803,690
201,465
1488,463
275,493
115,183
61,378
889,105
211,85
1516,501
433,552
1534,890
1119,808
1596,676
1050,87
458,560
1273,211
187,460
886,720
1220,846
1532,533
119,163
1225,848
374,530
1369,237
893,109
31,290
622,78
1632,843
1030,81
849,708
1093,798
723,95
1054,91
1368,872
320,21
528,586
1078,792
505,31
1064,97
1348,231
1368,307
345,19
1282,862
988,758
112,215
610,74
41,266
1508,493
98,406
27,299
100,406
687,647
161,126
198,464
1190,175
272,492
1376,290
19,319
1144,830
648,632
115,188
1215,189
297,500
1536,890
1411,357
357,524
157,447
598,602
1133,815
527,586
1596,675
1560,591
551,595
221,77
207,467
705,93
1392,876
1499,477
1298,864
586,606
897,726
899,726
1324,224
1414,358
1199,181
101,408
265,490
85,233
656,91
1352,233
531,588
1121,137
1193,177
491,21
237,478
788,101
1007,83
1143,827
1303,219
1378,239
1398,351
832,700
1527,889
778,680
410,21
470,566
469,566
1063,97
1449,405
328,512
19,324
1484,455
96,231
721,660
721,95
1385,874
996,87
1291,215
1474,439
1206,840
1490,465
638,83
163,452
825,73
74,233
1050,89
807,692
1200,838
1233,850
1177,169
1415,878
1419,363
501,576
979,102
1494,470
582,65
841,73
1374,872
1324,223
1628,890
319,21
29,346
819,75
963,113
1388,265
1459,417
1084,114
75,388
1088,117
757,672
227,65
851,708
798,93
359,19
1540,890
1578,632
199,464
273,492
19,333
1305,866
1364,337
1524,514
634,626
1620,792
1629,890
479,570
872,83
1632,848
1388,241
837,704
692,648
1624,809
1168,165
173,109
1276,862
266,490
1348,870
1158,158
1308,866
760,674
463,562
47,366
1389,874
696,650
921,117
435,21
1602,711
152,135
613,75
614,75
1370,342
747,99
986,95
453,559
1033,81
350,19
1608,731
1440,392
1312,866
1136,145
583,67
1154,157
514,582
1393,243
1322,868
1633,888
590,606
607,73
183,459
1106,130
187,89
854,73
1066,788
589,606
1590,660
149,440
683,646
1240,201
1183,171
559,598
1536,540
1207,842
69,235
1123,810
1212,188
133,431
227,476
232,476
250,39
1024,772
855,710
1479,886
472,21
1638,880
330,514
1196,181
1414,878
811,81
81,233
688,95
500,24
873,85
105,227
1392,349
1481,451
1394,250
626,80
1506,886
1131,143
210,85
29,293
466,564
729,663
1267,860
1146,151
539,47
1218,191
316,508
1398,876
445,21
635,83
1018,770
1078,110
123,423
732,97
1212,187
757,103
25,342
1382,239
631,626
890,722
1152,155
1154,838
379,532
378,532
1020,81
1638,875
273,29
1522,888
1586,654
699,652
1200,183
1607,729
1551,892
118,420
1017,768
1440,390
340,19
394,538
234,55
895,724
1394,245
456,560
990,760
1009,81
241,47
615,608
616,77
1040,778
1593,894
212,85
267,31
178,101
729,664
855,75
659,91
1028,81
753,671
1197,838
1374,296
151,442
1127,810
137,434
817,77
1460,420
285,26
106,412
710,656
929,737
1003,83
1136,818
1320,868
1486,458
772,105
648,87
23,305
1292,864
482,21
724,95
233,476
175,106
530,39
547,53
1444,880
91,401
623,616
402,540
312,23
1049,782
1161,159
811,79
134,432
1574,627
285,497
1482,453
1540,551
969,750
1541,553
1432,380
737,666
113,416
21,311
424,21
1270,209
886,101
1221,846
1261,860
1296,864
1575,894
717,95
1362,331
813,694
317,508
706,93
47,258
1460,419
529,586
125,425
489,21
1141,823
1602,894
1616,772
1214,189
1598,692
518,35
149,137
792,686
1584,648
1554,582
390,536
1550,571
1557,587
1061,97
415,544
507,579
677,642
586,67
1410,356
1638,869
369,19
1380,284
923,117
725,662
961,749
447,558
637,628
980,756
1113,805
1058,95
1229,848
806,692
1377,872
183,96
646,632
499,576
997,87
580,65
1094,122
1331,225
213,83
1610,739
536,39
864,79
936,119
115,199
1362,322
122,159
175,454
1247,856
108,414
1338,228
878,718
789,684
243,43
1510,494
1224,195
1630,890
303,504
530,588
1425,371
678,97
992,760
111,415
1380,283
866,714
1075,792
434,21
1542,890
551,55
1525,888
21,313
333,514
939,740
409,543
1610,746
198,85
109,219
513,580
1427,878
383,534
386,534
115,204
646,87
1037,776
743,668
923,735
319,510
304,504
159,129
567,601
1141,825
1584,646
310,23
1604,713
1070,101
403,541
665,639
632,81
1520,507
1524,517
1126,140
367,526
1526,888
797,688
446,556
375,19
785,102
125,157
822,696
896,111
1506,488
556,57
1417,361
1436,387
157,130
1098,123
802,89
1389,349
1612,753
434,552
400,19
987,95
1053,91
459,560
465,563
282,27
1428,374
30,291
1372,298
35,353
1103,127
806,85
991,91
1309,866
596,70
744,668
121,162
1296,217
1079,792
572,63
259,35
794,97
938,740
1456,415
377,531
1478,447
251,38
1228,197
145,440
809,81
477,568
39,273
459,21
667,95
1606,721
1628,825
393,537
836,702
752,101
366,19
609,602
591,606
465,564
689,95
874,85
1462,882
1426,371
1005,765
1410,876
1339,229
1375,345
880,718
1634,854
1462,423
1363,235
23,338
117,174
613,606
977,754
672,96
504,29
979,754
730,97
965,112
1626,815
1573,623
229,64
377,532
341,518
69,385
1018,81
1316,866
1341,870
39,270
1071,790
1418,363
480,570
1386,273
1592,668
1478,449
747,668
749,101
235,54
1023,81
399,540
185,91
496,21
989,759
1308,219
1528,525
1509,886
83,394
905,728
161,450
1411,876
868,79
1626,822
190,87
45,261
1330,868
1296,215
1496,474
1334,868
1378,345
239,51
846,73
1588,655
43,364
1274,211
53,374
73,386
183,93
630,624
702,93
649,87
44,261
299,23
1112,804
1114,133
1381,280
1135,818
324,21
91,233
200,464
1234,852
111,218
185,92
403,21
242,480
223,75
995,761
888,104
1406,355
231,59
1543,557
364,19
643,85
805,691
293,25
537,45
882,720
461,562
1447,882
189,88
281,495
1368,236
1626,817
1492,467
892,108
33,350
1002,764
968,111
604,600
1027,773
1192,836
1285,862
1217,844
1570,616
1555,583
545,593
413,544
891,723
1408,876
1618,784
1558,590
609,73
972,107
1526,518
901,726
918,732
1610,892
