115,18
13,108
146,66
83,61
45,111
50,122
14,108
116,51
72,92
143,36
149,49
151,65
120,54
25,116
78,86
142,75
26,120
76,66
118,57
126,76
151,63
127,70
95,41
121,55
52,98
123,57
115,68
112,66
28,118
76,88
91,80
33,101
101,32
130,79
114,72
106,61
108,29
146,42
55,100
71,78
30,129
16,106
108,59
145,71
36,101
112,62
44,108
106,76
113,63
110,65
53,133
88,55
147,64
117,17
128,8
152,53
113,17
142,40
89,54
90,53
73,91
120,61
63,83
97,77
29,95
79,85
150,49
74,89
111,53
151,52
96,38
134,20
122,63
125,75
15,103
119,53
106,26
110,26
111,19
76,87
51,121
29,121
98,36
144,39
39,137
22,102
36,134
30,136
105,73
132,80
10,114
108,50
36,108
80,85
112,53
126,5
85,80
11,114
62,114
110,72
43,113
49,102
130,19
63,114
128,15
62,84
96,78
153,57
73,92
149,67
123,70
143,42
100,76
63,88
98,76
79,82
118,11
24,118
101,72
64,86
19,105
111,24
26,116
92,80
89,82
53,124
54,122
51,100
57,121
66,84
21,99
104,51
100,57
33,105
55,122
122,10
53,102
32,101
69,92
129,75
36,107
95,74
49,133
7,110
71,90
50,130
60,93
125,9
144,67
81,64
36,113
139,29
148,64
115,15
61,87
79,61
70,98
140,30
73,69
147,52
154,57
14,107
92,49
116,54
122,65
72,87
149,54
117,55
65,81
45,133
142,70
26,127
126,75
74,85
32,134
47,104
99,39
115,65
128,72
135,29
97,43
87,57
51,136
37,137
131,76
101,37
129,76
58,90
59,116
65,109
37,108
30,99
19,114
146,49
40,137
61,118
9,112
12,114
138,27
108,62
66,99
43,111
30,127
109,63
41,115
88,50
46,133
84,56
49,106
138,79
72,94
149,63
35,134
15,114
63,84
150,60
97,74
27,124
140,73
124,70
105,26
134,19
8,109
123,59
115,70
128,79
111,20
26,96
113,74
124,60
112,68
104,33
10,111
26,133
64,112
67,82
65,102
107,50
40,112
12,105
71,72
81,59
122,6
108,53
82,64
36,103
68,94
17,114
63,105
59,89
129,17
53,131
86,83
112,22
152,55
47,137
41,133
90,51
123,67
86,53
149,56
114,20
121,62
20,118
27,117
125,73
64,81
97,37
29,119
46,110
120,11
57,118
108,22
114,65
121,10
102,36
35,98
32,96
34,112
76,84
81,60
37,133
59,120
69,81
67,97
82,59
64,109
93,75
126,11
109,49
71,95
59,94
18,105
82,85
114,53
130,17
50,106
13,118
152,62
62,90
131,12
72,76
114,15
132,15
130,11
154,60
91,51
49,126
118,9
137,75
75,84
132,21
102,76
38,133
139,77
27,96
77,86
55,94
90,78
53,122
76,72
47,109
48,136
139,35
27,134
6,116
9,107
68,76
52,134
140,36
123,5
101,58
59,113
57,97
35,113
30,126
137,25
48,103
70,78
103,52
127,11
69,100
50,128
11,109
50,101
61,85
79,63
70,96
83,56
73,75
87,79
117,11
50,127
142,34
47,133
137,76
25,119
90,47
74,73
86,57
91,46
22,118
150,59
133,17
94,41
140,76
124,73
127,69
47,106
96,44
78,83
79,67
93,44
99,41
30,95
115,67
141,72
128,74
104,60
100,34
33,96
107,25
6,111
105,57
9,108
144,45
29,99
145,40
106,62
141,34
26,99
41,111
83,80
5,113
61,116
133,76
9,118
71,77
68,81
30,130
145,66
12,108
44,113
13,104
70,91
61,110
116,17
38,112
136,79
45,107
112,17
81,81
89,49
111,66
85,59
25,120
73,86
120,58
149,61
99,72
150,50
104,29
27,126
74,90
75,88
67,78
58,121
22,99
135,20
38,137
115,72
112,70
124,62
107,30
106,31
103,76
98,41
69,76
60,119
8,117
26,131
125,63
80,60
121,7
102,35
100,55
65,100
30,133
101,54
123,9
82,62
112,50
80,82
85,83
7,116
126,6
64,104
71,96
68,102
127,7
43,133
144,73
53,129
102,31
147,68
63,113
111,75
103,30
113,21
129,9
72,71
123,69
49,123
111,49
148,45
77,65
74,69
118,52
34,134
24,115
64,83
19,100
76,83
53,127
120,13
33,137
51,99
138,33
143,68
39,133
31,99
21,102
35,100
109,21
55,121
6,115
103,35
62,108
17,105
82,57
36,104
31,137
64,111
136,23
7,109
126,9
124,9
11,118
71,89
127,12
110,76
42,115
39,112
9,114
109,73
61,90
131,14
116,13
153,61
147,51
49,124
154,58
100,72
111,62
85,55
148,52
131,20
125,64
122,66
118,15
88,78
132,23
119,14
15,104
52,103
79,68
126,68
92,44
74,86
51,104
66,80
99,34
58,117
36,137
56,93
104,55
94,78
23,115
51,135
55,118
33,109
105,54
140,38
59,115
129,79
67,104
136,30
64,102
37,111
141,39
58,95
30,124
146,50
137,31
69,98
125,5
138,28
144,71
66,100
87,83
16,114
115,19
146,69
43,137
45,112
84,61
111,71
143,37
54,95
136,80
93,48
117,51
65,85
28,95
142,74
26,123
27,123
76,65
118,56
150,57
127,71
95,46
94,47
52,97
93,42
143,74
115,69
91,81
33,102
101,33
23,102
108,28
145,46
141,32
30,128
36,100
37,114
31,133
110,64
53,134
88,54
46,137
150,65
44,137
147,65
108,73
14,118
111,76
75,68
138,75
90,52
120,60
87,55
133,24
24,101
77,70
25,96
151,53
110,21
119,58
52,104
135,22
46,107
144,38
105,32
120,8
10,107
77,69
26,129
145,39
108,27
60,113
36,133
109,26
107,54
55,98
62,107
60,111
57,91
17,118
102,59
34,111
107,76
48,109
59,93
114,54
48,133
49,103
130,18
128,14
96,77
41,137
129,15
114,16
143,43
147,44
130,12
63,89
20,114
148,47
118,10
122,57
52,119
78,69
111,25
126,67
55,93
53,125
54,101
67,95
21,100
143,70
27,133
100,56
92,77
33,106
105,51
32,100
69,93
16,103
57,92
30,123
36,106
95,75
70,75
62,116
18,101
103,59
66,107
81,65
82,81
60,92
50,133
135,80
13,114
73,70
42,137
110,61
115,50
85,53
148,54
137,79
75,72
122,64
74,74
149,55
119,8
86,58
15,106
91,45
56,121
20,103
94,42
32,133
24,98
47,105
134,27
93,47
99,36
141,75
104,57
100,39
53,96
140,32
101,38
9,111
106,51
37,109
34,97
102,53
80,66
146,48
107,58
104,72
9,113
60,91
138,26
66,98
109,64
18,118
29,136
136,76
88,49
108,76
49,107
111,65
138,78
72,93
151,64
149,48
120,55
15,115
87,56
26,121
27,125
76,67
140,72
126,77
105,27
95,40
134,18
52,99
8,108
21,118
67,77
115,71
113,75
128,78
135,27
112,67
107,29
98,42
105,61
28,119
132,76
69,79
26,132
114,73
106,58
130,76
67,83
10,110
83,84
146,43
71,73
68,93
145,70
36,102
112,63
44,109
48,104
107,73
81,85
53,132
117,16
49,108
152,54
113,16
103,29
142,41
89,53
153,55
73,90
86,52
143,44
110,49
99,76
42,133
121,63
127,78
125,74
96,39
105,28
51,120
97,38
78,64
111,18
29,120
32,137
98,37
103,72
54,96
138,34
114,64
121,11
35,99
30,137
105,72
82,58
93,76
126,10
109,50
62,115
50,136
103,60
110,73
38,111
82,84
54,119
49,101
109,76
62,85
131,13
153,56
72,75
149,66
132,14
86,79
130,10
49,127
98,77
111,61
131,19
24,119
121,56
75,85
119,13
64,87
19,104
139,74
77,87
126,65
55,95
89,81
53,123
26,117
23,118
66,85
28,99
104,52
94,75
27,135
92,79
33,104
53,101
101,59
66,79
67,103
145,48
65,107
106,54
69,91
30,121
124,5
137,26
11,106
70,73
103,53
69,101
66,105
144,68
50,131
36,114
84,84
139,28
50,100
115,14
28,136
61,86
128,7
140,31
83,57
146,70
117,12
14,104
92,50
116,55
72,88
88,82
52,120
91,47
65,80
150,58
133,18
142,71
78,82
124,72
76,70
24,100
134,25
96,43
95,45
52,102
33,134
143,73
128,73
135,28
97,42
56,97
100,33
33,97
6,110
105,58
59,119
144,44
23,101
17,102
30,96
65,108
58,91
145,41
83,81
5,114
61,117
35,112
16,118
108,63
145,67
43,110
84,83
13,105
28,135
70,90
61,111
146,65
83,62
81,82
38,115
45,108
88,51
150,66
50,121
14,115
142,36
148,63
75,67
73,87
149,62
35,137
99,73
97,73
19,118
104,28
150,61
27,127
124,71
75,89
84,80
63,87
20,104
119,57
67,79
58,120
22,98
135,21
113,73
130,80
123,58
124,61
112,69
111,23
106,30
104,34
60,118
23,98
26,130
108,24
65,101
53,119
146,41
107,53
12,106
134,76
10,118
101,55
68,95
30,132
112,49
49,136
7,117
63,104
133,80
59,88
68,101
129,16
144,72
53,130
86,80
112,23
102,30
147,69
44,133
113,22
111,72
96,74
129,10
90,48
114,21
147,43
117,56
87,51
79,86
121,61
127,72
74,68
34,137
25,100
101,76
119,54
110,25
64,82
106,25
19,101
89,78
46,111
120,12
138,32
108,23
143,69
31,96
57,117
102,37
21,103
109,22
6,114
69,80
57,95
67,96
64,110
95,78
136,22
17,106
42,114
113,53
71,94
18,102
127,13
114,50
43,114
148,68
152,63
61,91
116,12
153,62
72,77
49,125
91,50
131,21
118,14
125,65
132,22
45,137
56,118
20,100
133,23
27,99
51,105
66,83
99,35
58,116
56,92
48,137
139,34
33,110
55,119
122,9
105,55
68,77
140,37
52,135
67,105
136,29
101,57
141,40
34,98
102,54
58,94
137,24
57,96
70,79
12,118
134,80
60,88
69,99
50,129
40,133
78,63
76,71
139,30
148,67
135,76
79,62
70,97
73,74
45,113
84,60
115,54
142,35
93,49
15,118
117,52
65,86
150,56
133,16
26,122
140,77
94,46
79,66
96,45
93,43
99,40
115,66
141,71
128,75
104,61
26,100
33,103
107,24
144,46
58,89
145,47
141,33
5,112
104,76
107,62
9,117
60,87
68,82
30,131
12,109
37,115
41,112
109,60
61,109
18,114
116,18
112,18
84,59
89,48
142,42
85,58
138,74
120,59
87,52
150,51
133,25
127,77
25,97
90,81
105,31
110,20
123,60
56,98
112,71
21,114
137,32
46,106
144,37
105,33
120,7
10,106
69,75
26,128
125,62
60,112
80,61
102,32
121,6
109,27
42,111
91,77
122,5
62,106
55,99
40,115
82,63
93,79
34,110
109,53
106,73
63,106
113,50
48,108
68,103
127,6
53,128
63,112
128,13
129,8
72,72
123,68
114,19
110,53
147,45
49,122
148,46
77,64
118,53
27,118
151,51
122,56
149,47
102,72
78,68
113,64
139,73
126,66
53,126
54,100
28,96
32,99
92,76
33,107
6,112
105,76
103,34
62,109
16,102
67,98
136,24
36,105
30,122
70,74
71,88
50,132
66,106
39,115
50,105
115,13
13,115
62,89
153,60
73,71
110,60
84,55
147,50
154,59
115,51
117,15
98,73
85,54
148,53
75,73
122,67
25,115
88,79
119,9
132,16
15,107
22,114
139,78
126,69
24,97
92,45
90,77
96,40
134,26
77,83
47,110
23,114
112,75
104,56
94,79
141,76
139,36
100,38
33,108
53,97
59,114
64,103
106,50
37,110
141,38
80,65
30,125
137,30
107,59
11,110
131,80
108,60
87,82
43,109
