87,229
122,219
185,101
266,48
97,219
25,217
79,266
148,171
249,121
84,266
220,98
180,156
199,80
288,134
147,150
111,201
251,127
270,59
286,89
282,144
254,24
243,21
256,28
159,136
280,146
166,125
74,266
201,79
129,173
139,162
212,63
99,213
59,240
110,236
19,226
113,195
131,200
150,169
137,164
213,62
85,230
126,179
214,61
89,227
66,219
138,163
162,164
205,75
300,119
38,228
216,125
260,38
61,264
105,207
227,45
225,45
206,121
261,39
224,141
274,152
82,231
181,105
218,127
105,209
120,224
237,31
183,103
180,155
109,203
187,96
247,115
142,177
268,53
210,67
201,110
253,133
99,244
296,106
136,190
31,214
115,194
124,212
26,228
126,208
255,141
278,71
144,174
289,93
154,166
205,106
113,196
30,230
100,256
133,168
242,23
198,146
134,167
149,149
55,234
66,210
81,266
59,239
125,179
127,179
229,100
278,147
61,257
299,122
66,204
275,150
118,230
280,75
213,146
229,40
61,251
115,191
48,203
206,106
230,39
284,81
231,38
182,154
294,130
141,157
176,111
90,266
211,67
119,187
187,95
104,240
111,197
114,235
136,165
255,138
178,109
225,99
49,201
108,238
132,200
189,93
255,144
94,221
139,182
261,152
161,133
191,91
199,144
91,223
222,132
264,47
98,250
23,228
107,205
239,27
153,145
172,160
61,244
95,219
210,144
122,222
235,33
104,209
245,113
83,266
257,149
295,128
123,181
116,191
125,212
127,208
254,23
161,164
220,131
117,190
225,100
101,212
121,187
202,110
64,202
22,221
145,153
173,115
70,268
208,121
200,114
256,144
288,93
221,144
298,124
19,223
275,65
222,143
294,103
221,51
290,95
300,122
98,245
215,61
130,203
119,226
281,77
41,208
172,159
179,108
35,211
285,140
23,219
224,136
91,224
105,238
63,199
97,217
152,167
45,228
153,166
253,138
199,82
247,116
128,208
27,229
243,23
256,30
233,102
193,148
257,31
274,65
201,77
271,59
245,21
235,104
99,215
59,242
132,196
19,228
223,133
202,115
42,207
124,181
300,113
66,217
67,221
162,162
69,225
205,73
221,131
175,112
63,266
187,150
61,262
105,205
134,196
192,91
216,127
276,65
190,149
264,43
274,150
235,31
163,129
223,48
233,35
262,42
195,85
276,148
243,111
252,130
212,124
284,84
120,226
237,29
253,131
109,201
187,98
268,55
89,266
165,126
215,100
169,123
220,145
251,129
264,152
296,108
119,188
128,205
124,214
255,143
278,69
217,59
298,110
30,228
100,258
115,234
165,162
198,144
292,97
149,147
191,92
66,208
140,180
222,131
83,231
34,213
196,146
134,191
259,151
171,160
59,199
118,228
224,134
153,142
239,28
41,228
233,36
280,77
61,249
209,144
283,81
234,35
206,104
26,217
212,123
95,220
282,79
284,83
290,134
216,146
156,139
273,61
24,219
215,125
157,138
131,171
294,128
37,211
257,146
99,255
239,107
246,114
111,199
56,236
65,266
160,164
157,164
276,68
292,130
55,199
151,146
235,102
60,242
159,134
286,140
100,265
114,195
209,102
44,205
218,128
211,145
90,227
234,102
150,147
184,153
220,53
231,101
103,209
258,34
98,248
207,69
68,225
284,140
72,228
146,173
248,19
61,242
23,220
36,228
93,266
122,220
39,210
235,35
263,152
224,98
132,171
147,149
123,183
209,69
200,110
276,67
192,148
183,154
270,57
121,185
202,108
208,123
139,161
103,240
240,27
278,73
298,122
241,26
204,106
19,225
150,170
203,76
202,118
294,101
295,105
290,93
300,116
66,220
130,201
223,47
35,213
134,195
162,131
96,266
118,232
224,138
207,104
282,81
91,226
279,146
75,231
217,100
253,136
247,118
142,178
201,144
296,127
50,201
29,217
136,187
31,213
65,203
115,193
124,217
167,125
177,111
218,146
201,115
99,217
245,19
132,198
297,109
133,171
100,261
174,158
186,151
93,223
218,55
292,100
300,115
66,215
214,146
205,71
79,231
175,114
32,228
165,129
61,260
118,227
37,228
163,131
223,50
229,43
61,254
195,87
262,40
276,150
270,152
252,21
266,152
272,59
50,230
231,37
197,85
212,100
169,121
198,83
239,108
156,164
114,236
128,207
126,212
228,100
291,97
217,57
246,19
286,139
21,223
160,133
242,110
43,206
277,69
292,99
158,164
237,105
241,110
68,222
140,182
29,230
143,155
163,162
294,105
43,228
264,44
98,255
152,145
72,267
193,90
211,123
73,266
61,247
94,266
98,217
107,238
58,199
116,232
282,77
290,132
104,238
96,219
131,173
257,144
176,156
22,228
221,98
40,209
47,228
232,102
28,217
200,79
247,19
288,90
298,113
71,268
202,77
133,167
33,228
270,56
189,150
53,233
88,227
103,211
57,238
98,246
130,204
204,75
207,71
258,32
284,142
179,107
142,157
181,154
45,205
211,102
81,231
122,218
217,127
229,39
266,51
25,218
148,170
213,100
249,122
108,203
199,81
196,85
147,151
200,144
251,124
286,88
208,103
172,117
254,27
256,27
51,230
159,137
217,146
244,21
135,166
280,145
129,174
139,163
53,200
290,97
47,203
130,173
59,241
213,63
19,227
150,168
202,116
241,24
137,165
85,231
77,266
300,118
66,218
240,108
277,148
67,268
224,47
260,37
61,265
139,159
134,193
166,161
184,101
117,232
188,150
190,150
87,227
224,140
206,120
181,106
225,46
226,45
265,152
207,144
267,51
120,223
38,211
180,154
203,144
51,201
187,97
142,176
268,52
253,134
74,231
222,98
296,105
255,27
29,215
136,189
31,215
115,195
223,98
126,211
177,109
278,70
113,197
100,263
133,169
80,266
93,221
55,235
66,213
125,180
127,176
39,228
143,156
278,146
61,258
66,207
138,183
212,146
86,266
280,74
229,41
61,252
133,196
252,23
218,99
231,39
268,51
197,83
70,227
272,61
248,120
212,102
118,189
141,158
170,119
191,148
100,244
211,64
156,166
274,63
114,234
282,143
255,139
283,142
151,145
49,202
189,94
223,142
159,133
286,137
21,221
24,228
268,152
297,126
241,108
173,158
209,123
215,146
238,29
264,46
98,253
193,88
265,47
174,115
146,174
61,245
116,234
77,231
39,209
102,241
185,99
62,199
245,114
194,147
257,150
100,243
176,158
155,140
286,87
171,118
220,130
47,230
117,191
144,155
101,213
270,58
64,201
145,154
173,116
200,113
35,228
219,54
288,92
47,204
205,119
112,197
203,75
41,207
222,142
294,102
221,52
168,160
290,94
98,244
57,236
130,202
138,185
300,121
41,209
172,158
179,109
222,144
206,119
87,228
123,218
91,225
206,144
185,100
266,49
97,218
152,166
202,144
249,120
288,135
199,83
247,117
85,266
111,200
251,126
289,134
254,25
256,29
226,100
51,232
211,63
274,64
201,78
25,228
258,31
127,175
110,237
213,61
135,190
85,229
55,236
66,216
215,59
164,129
28,230
205,74
175,113
33,213
216,126
61,263
105,206
227,44
260,39
190,148
69,268
224,142
181,104
223,49
216,100
105,208
106,238
236,31
120,225
237,30
183,102
253,132
109,202
88,266
187,99
244,112
247,114
268,54
74,229
165,127
269,55
36,211
220,144
122,183
296,107
119,189
64,199
128,204
124,213
255,140
126,209
54,199
149,170
144,175
241,23
100,213
164,162
267,152
20,228
100,257
145,174
43,205
149,148
161,131
66,211
191,93
59,238
127,178
159,164
61,256
134,190
180,107
66,205
239,29
118,231
224,133
153,143
280,76
233,37
61,250
284,82
95,221
121,222
282,78
177,156
70,225
157,139
211,66
274,61
257,147
64,266
52,232
65,267
225,98
151,147
235,103
159,135
100,264
31,228
46,205
161,132
184,152
222,133
54,234
98,251
107,204
68,224
72,227
153,144
32,213
42,228
87,266
61,243
146,172
92,266
262,39
23,221
249,19
213,125
86,229
285,85
235,32
39,211
52,201
147,172
245,112
257,148
188,95
61,199
65,268
286,85
148,149
276,66
120,187
158,137
151,168
117,189
190,93
101,211
121,186
203,119
21,228
64,203
135,165
145,152
195,146
208,122
200,115
170,160
210,102
241,27
278,72
298,125
203,77
92,223
208,144
193,87
215,60
130,200
78,231
68,268
134,194
66,268
166,162
224,137
222,51
141,180
282,80
143,176
91,227
250,19
111,236
71,227
152,168
179,156
208,69
253,137
101,242
247,119
214,100
27,228
243,22
256,31
203,108
136,186
124,216
230,100
245,20
281,144
99,214
132,197
20,223
100,260
186,150
210,123
300,114
66,214
162,163
262,152
205,72
73,229
175,115
61,261
274,151
118,226
167,160
262,43
223,51
276,149
61,255
186,99
251,19
243,110
57,199
98,266
212,125
273,152
252,20
253,130
218,100
284,85
142,180
165,125
169,122
220,146
251,128
296,109
269,152
128,206
124,215
167,123
216,59
208,104
255,142
292,132
217,58
298,111
286,138
30,229
100,259
43,207
198,145
53,199
237,106
292,98
66,209
68,221
140,181
294,104
259,150
106,205
98,254
66,203
72,266
118,229
193,91
197,146
153,141
91,266
206,71
182,103
224,135
61,248
263,43
206,105
80,231
252,19
78,266
102,242
238,106
128,175
157,137
294,129
194,148
239,106
257,145
111,198
209,67
258,150
155,139
292,131
171,117
276,69
47,229
270,55
293,130
95,266
112,236
121,183
100,266
169,160
186,152
287,136
293,101
218,129
219,53
211,144
288,89
298,112
204,108
296,128
184,154
279,73
231,100
84,231
44,228
53,234
258,35
98,249
138,186
260,152
284,141
60,199
110,201
72,229
175,111
122,221
235,34
266,50
25,219
249,123
100,255
154,141
247,120
123,182
209,68
200,111
208,102
251,125
254,26
271,152
109,238
51,231
121,184
202,109
30,215
135,167
155,166
129,175
139,160
53,201
205,144
280,144
290,96
241,25
204,107
110,238
19,224
76,266
202,119
298,123
34,228
236,104
300,117
48,230
66,221
58,238
259,35
260,36
35,212
61,266
134,192
166,160
225,47
227,43
140,159
224,139
181,107
97,266
272,152
291,132
249,124
120,222
183,101
49,230
199,79
253,135
142,179
219,146
74,230
27,230
169,119
254,138
29,216
113,236
115,192
124,218
136,188
126,210
145,151
167,124
177,110
40,228
99,216
217,55
132,199
227,100
133,170
100,262
56,199
93,222
292,101
175,158
66,212
125,181
127,177
143,157
165,128
61,259
260,35
66,206
138,182
232,37
228,43
296,126
280,73
163,130
262,41
229,42
61,253
195,86
243,112
76,231
27,217
252,22
218,98
272,60
197,84
70,226
253,23
178,156
214,125
287,89
212,101
169,120
141,159
211,65
219,98
251,130
274,62
102,211
156,165
288,136
219,129
282,142
46,228
99,266
49,203
185,152
189,95
217,56
286,136
21,222
298,109
237,104
241,109
68,223
204,119
82,266
137,186
146,151
259,152
278,148
264,45
98,252
107,203
72,268
129,204
193,89
207,121
299,113
61,246
194,87
266,47
116,233
168,123
181,103
202,117
102,240
104,239
290,133
148,172
131,172
194,146
100,242
176,157
250,124
155,141
286,86
171,119
220,129
204,144
64,200
145,155
173,117
200,112
219,55
75,266
47,205
144,176
211,146
288,91
298,126
231,102
137,163
221,53
53,232
103,210
98,247
57,237
138,184
62,266
207,70
258,33
300,120
