99,152
50,96
65,24
98,102
70,103
105,97
76,21
83,61
66,31
122,96
87,72
84,62
91,132
127,120
43,25
67,36
100,94
38,40
90,84
69,38
82,14
115,68
87,23
79,106
116,72
19,65
93,90
48,17
103,46
124,145
112,62
65,17
113,63
12,69
96,81
124,143
120,87
37,91
78,46
125,142
99,103
65,11
98,91
11,83
35,46
79,47
117,152
124,101
40,35
28,87
107,130
44,25
87,54
57,7
72,41
92,89
111,154
62,6
71,41
119,83
75,42
96,149
63,7
114,67
111,128
110,102
115,153
88,24
61,100
111,110
93,144
123,96
80,107
118,152
65,12
125,106
122,92
90,60
110,59
112,154
91,136
127,116
45,21
88,74
39,35
112,112
70,39
94,32
74,42
123,146
16,66
94,74
7,80
48,15
81,55
105,50
110,105
49,14
126,135
84,109
93,70
50,13
10,71
69,102
86,111
121,89
95,80
85,67
76,24
29,55
105,126
9,81
77,29
78,34
106,98
111,59
91,129
127,125
67,33
110,129
88,119
95,34
61,5
94,77
7,73
92,69
81,40
109,130
21,86
101,152
53,9
35,90
76,23
55,7
11,70
98,100
104,111
74,104
23,62
66,29
87,74
13,68
46,18
91,134
127,122
124,104
36,44
86,50
43,27
106,119
112,110
80,14
126,114
6,78
90,82
97,149
86,20
105,129
115,70
80,36
90,124
16,86
102,45
94,94
59,99
109,56
65,23
96,83
27,57
77,15
78,44
125,140
41,30
65,9
98,89
105,114
42,29
124,103
36,43
84,45
41,32
37,42
83,16
103,109
93,32
49,95
39,36
73,42
107,154
112,123
97,37
89,79
54,97
114,65
80,49
91,65
24,61
86,112
95,79
43,93
78,13
123,98
28,57
91,29
97,98
12,84
105,123
92,30
110,57
93,31
109,101
111,60
91,138
127,118
106,154
92,141
88,76
84,18
112,114
85,19
89,80
123,148
41,92
89,122
81,53
51,12
116,70
67,102
126,133
127,128
96,97
66,102
90,27
99,151
32,51
63,101
55,8
65,27
12,83
85,65
33,50
105,124
77,27
86,71
78,32
102,109
104,112
76,105
91,131
127,127
67,35
68,36
5,77
99,41
56,98
115,67
42,93
18,65
78,31
93,93
108,155
20,63
118,79
108,56
21,62
76,17
25,86
66,27
120,84
34,48
15,86
97,86
79,34
35,45
126,110
40,32
30,55
81,107
31,54
106,117
113,118
126,112
87,53
96,35
80,38
20,87
122,149
91,84
100,41
90,122
81,39
101,44
58,99
107,52
108,55
65,21
111,109
96,85
68,102
10,81
79,13
65,15
89,58
104,126
105,112
42,27
125,109
47,18
81,108
83,44
84,47
94,146
13,85
37,40
38,39
112,125
113,65
89,77
17,87
117,75
120,150
80,51
104,48
91,67
89,119
77,44
82,57
93,73
32,88
89,25
111,106
102,153
72,104
123,100
45,93
54,8
79,48
105,121
27,86
101,106
48,94
26,86
91,140
92,143
99,92
112,116
113,122
110,130
104,154
88,116
60,5
101,94
94,78
89,120
60,99
8,73
126,139
91,126
127,130
35,89
32,53
65,25
100,105
76,20
83,58
23,61
75,105
66,30
86,69
87,73
84,61
85,48
91,133
127,121
100,93
68,38
5,75
6,75
104,129
69,39
102,95
17,65
115,69
98,151
79,107
83,108
82,43
87,114
93,91
85,110
102,46
48,16
103,47
118,77
124,144
73,104
112,61
76,19
65,18
64,9
120,86
88,54
125,143
98,90
35,47
117,153
42,30
40,34
103,154
106,115
44,24
83,15
96,37
91,86
92,88
100,43
111,155
98,39
119,80
75,43
96,148
114,66
55,98
111,129
107,54
23,85
25,59
88,23
78,14
9,71
93,145
123,97
65,13
107,98
104,96
89,56
125,107
122,95
90,63
110,58
44,23
91,137
127,117
38,37
45,22
112,127
92,87
123,147
117,73
76,43
121,149
105,51
51,11
25,60
49,15
82,55
126,134
110,104
93,71
26,59
50,12
9,72
10,70
69,103
90,28
64,7
95,81
121,90
29,56
77,30
97,88
112,118
113,120
40,92
88,118
95,35
30,88
22,85
61,6
108,130
94,76
92,68
81,41
53,96
126,137
106,51
52,11
101,153
53,10
103,48
8,81
95,94
76,22
22,62
104,110
105,96
83,60
66,28
84,63
13,69
91,135
127,123
34,47
31,53
106,118
80,13
6,73
97,150
105,130
95,147
87,22
82,15
92,67
116,73
82,41
19,64
102,44
18,87
124,146
112,63
109,57
65,16
12,70
71,103
10,82
96,82
88,56
37,90
125,141
99,102
41,31
65,10
46,20
11,82
79,46
77,106
42,28
105,115
47,17
124,102
36,42
98,88
83,43
56,7
83,17
57,6
39,37
31,88
107,155
112,122
97,38
92,90
71,40
119,82
63,6
78,106
80,48
24,60
110,103
82,58
88,55
14,85
61,99
111,105
123,99
28,56
121,87
100,103
97,99
92,29
125,105
122,93
90,61
109,102
106,120
29,87
111,61
91,139
127,119
38,91
113,154
45,20
88,75
84,17
99,91
112,113
94,33
85,20
89,81
16,67
30,87
20,64
94,75
81,54
103,95
105,49
57,98
49,13
126,132
84,110
91,125
127,129
96,96
90,26
121,88
85,66
76,25
97,100
105,125
77,28
33,51
86,70
102,108
91,128
127,124
103,96
67,32
59,6
95,148
19,87
42,92
92,70
21,85
87,113
109,155
118,78
21,63
34,89
76,16
98,101
71,104
74,105
76,26
120,83
116,153
97,87
46,19
79,35
124,105
30,54
103,153
86,51
43,26
108,100
106,116
112,111
113,119
126,115
6,79
90,83
86,21
81,14
80,37
20,86
70,40
122,148
91,85
98,40
47,94
90,125
16,87
58,98
65,101
55,97
107,53
62,100
108,54
76,15
65,22
96,84
77,14
78,45
84,64
125,139
112,128
89,59
105,113
83,45
125,110
84,46
108,99
37,41
87,51
85,47
38,38
73,41
112,124
89,78
51,96
117,76
80,50
91,64
81,51
82,56
86,113
115,154
95,78
93,74
89,26
111,107
123,101
45,94
91,28
89,60
105,122
27,87
92,31
122,91
82,108
92,144
101,107
15,67
102,107
109,100
91,141
110,155
66,32
88,77
92,142
99,93
50,95
112,115
85,18
88,115
89,121
81,52
116,71
8,72
64,101
126,138
106,52
44,93
91,127
127,131
96,98
85,64
32,52
63,100
14,68
65,26
100,104
77,26
33,49
83,59
119,151
36,90
86,68
78,33
106,97
79,36
76,106
91,130
127,126
85,49
106,130
67,34
68,37
5,76
6,74
104,128
52,96
17,66
102,94
99,40
98,150
87,21
83,109
82,42
87,115
93,92
85,111
33,89
118,76
76,18
65,19
100,152
25,85
64,8
95,96
87,71
34,49
120,85
97,85
35,44
126,111
40,33
39,91
86,49
87,52
126,113
6,77
90,81
96,36
58,6
91,87
100,42
98,38
90,123
81,38
119,81
101,43
94,93
119,79
65,20
14,86
111,108
27,58
93,146
65,14
107,99
104,127
114,154
89,57
125,108
122,94
90,62
15,68
94,147
13,84
91,63
103,110
45,23
112,126
113,64
94,34
117,74
120,151
104,49
91,66
121,150
77,43
93,72
26,58
32,89
127,132
89,24
54,9
121,91
105,120
77,31
24,85
119,152
86,67
101,105
48,95
127,115
112,117
113,121
59,5
40,91
88,117
105,154
7,79
46,94
53,97
126,136
52,10
66,101
8,80
95,95
