160,123
113,189
28,162
53,166
223,266
195,150
204,101
189,279
157,206
199,162
204,244
46,164
218,127
181,105
75,97
185,110
168,210
189,249
63,117
234,296
88,67
125,194
128,68
77,95
189,272
209,111
159,50
179,221
109,25
55,125
168,74
204,243
132,80
189,129
135,197
161,125
206,106
192,207
191,137
149,202
242,211
191,286
220,132
111,24
202,254
242,290
223,137
163,60
218,267
168,49
204,234
186,118
197,91
144,89
79,91
189,124
172,212
191,263
52,127
126,194
220,131
202,249
221,267
246,230
37,137
229,300
154,102
184,71
33,166
196,217
202,224
152,95
159,41
95,49
231,252
124,26
205,300
173,212
248,235
163,66
246,271
239,292
240,195
241,203
80,87
154,104
179,96
248,242
210,268
160,206
158,116
181,189
58,168
221,193
246,262
233,243
202,101
168,45
45,164
121,19
124,40
182,71
129,73
248,249
159,119
185,195
183,109
206,182
207,300
173,87
233,244
187,199
99,41
230,155
231,235
124,39
89,67
99,182
83,80
194,213
69,109
216,122
224,138
136,198
175,218
87,68
162,125
183,106
136,85
246,272
231,224
107,30
198,294
130,75
167,210
176,218
169,77
177,61
89,179
19,152
113,21
186,197
65,170
228,149
23,156
140,88
124,53
161,37
53,127
168,145
103,35
194,86
89,180
200,294
40,165
77,96
226,144
233,239
234,176
142,89
183,233
96,49
222,267
23,149
140,87
142,200
57,125
244,280
50,164
200,222
202,174
152,97
61,121
134,81
225,202
193,289
29,144
178,183
21,150
188,124
183,230
205,181
67,172
161,55
97,47
27,145
119,192
80,176
244,217
162,129
181,227
201,170
204,260
81,87
156,108
85,178
229,215
42,135
187,248
34,141
143,200
105,32
108,27
180,67
238,185
189,267
183,71
204,259
203,179
43,135
133,196
229,261
156,107
234,173
236,185
209,300
165,68
174,167
33,143
217,269
227,209
232,164
105,186
197,159
240,292
185,242
229,217
216,269
70,109
181,102
166,143
187,246
188,248
171,80
190,204
216,188
201,99
93,53
170,152
36,139
101,38
199,164
85,77
160,124
217,125
113,188
189,255
227,261
195,153
204,102
189,278
82,176
126,57
186,242
204,245
231,219
181,104
189,248
234,297
210,302
125,193
128,69
77,94
205,105
193,287
179,220
164,136
59,121
132,81
204,236
189,128
135,196
49,131
185,118
22,149
115,190
150,94
206,107
135,85
191,136
242,208
171,212
220,133
202,255
61,168
227,205
210,111
163,63
222,133
204,235
248,256
233,167
144,90
242,203
79,90
191,262
235,296
203,259
187,77
246,231
131,79
24,147
190,256
124,28
181,67
170,212
154,103
184,72
151,203
33,165
202,225
159,40
231,255
124,27
205,299
27,161
211,115
175,89
69,113
112,23
169,80
64,170
227,147
248,236
158,114
91,61
246,268
138,198
102,37
240,196
154,105
52,166
179,99
248,243
210,269
175,215
158,117
214,118
198,220
203,227
221,192
226,141
246,263
233,242
168,46
243,284
124,41
182,68
169,49
190,132
177,177
50,129
170,80
248,250
183,108
173,86
167,71
188,200
99,40
231,234
124,32
89,66
70,172
83,83
194,210
216,123
73,105
224,139
169,75
84,178
87,71
76,97
246,273
83,177
188,199
231,227
217,190
164,40
103,37
169,76
243,213
173,55
103,186
89,178
228,150
246,221
182,190
226,265
140,89
124,54
53,126
57,123
168,146
104,186
103,34
220,267
62,119
194,87
40,166
187,124
226,145
119,19
233,238
88,178
234,177
72,172
183,232
23,148
57,124
244,281
213,188
200,223
152,98
61,120
170,52
172,157
225,201
193,288
67,113
178,180
21,149
116,21
205,180
161,54
97,46
178,220
130,196
221,133
244,218
181,226
201,169
204,261
81,86
156,109
229,214
178,62
20,151
97,182
211,186
92,180
170,151
190,82
162,38
217,267
165,43
238,190
189,266
245,221
155,205
203,178
114,190
43,134
229,260
213,117
89,63
234,170
186,73
128,194
93,59
202,258
96,182
165,67
174,164
196,292
33,142
217,268
227,208
232,165
197,158
185,241
229,216
236,177
181,101
166,140
171,83
190,205
97,49
170,153
117,190
195,147
124,192
128,72
204,104
101,37
199,167
40,137
85,76
231,221
160,125
71,105
110,188
189,254
191,133
230,160
213,302
195,152
204,103
132,196
98,43
189,277
126,62
204,246
134,196
231,218
158,206
218,125
75,99
25,160
63,119
146,202
79,87
125,192
128,70
77,93
193,286
179,223
164,137
204,237
49,130
185,117
169,211
150,95
191,139
237,185
242,209
196,213
202,252
242,288
208,267
227,204
159,37
163,62
204,228
248,257
169,212
174,88
144,91
59,168
191,257
175,59
246,228
163,39
204,227
124,29
154,100
47,164
30,164
184,73
202,296
78,176
151,202
33,164
41,164
188,77
246,266
137,198
247,231
106,31
159,43
95,51
132,79
231,254
205,298
27,160
172,53
175,88
195,291
69,112
248,237
158,115
198,218
91,60
246,269
177,96
240,197
193,209
195,213
179,98
227,302
248,244
175,214
214,119
198,221
203,297
246,260
233,241
202,99
168,47
167,73
231,236
124,42
182,69
95,182
83,77
230,300
73,103
219,192
248,251
87,73
161,207
173,85
178,96
180,185
167,70
188,201
99,43
192,140
230,153
231,229
124,33
89,65
107,27
130,78
99,184
83,82
194,211
216,124
73,104
147,91
224,140
169,74
87,70
43,164
151,95
63,169
83,176
198,94
231,226
124,56
217,189
164,41
130,73
244,276
103,36
217,302
220,192
242,286
176,171
195,89
158,111
19,154
186,195
41,137
228,151
228,300
182,191
23,158
208,107
124,55
161,59
53,125
168,147
177,219
129,195
244,213
233,237
183,235
39,166
116,190
161,60
219,191
238,194
244,282
100,39
122,20
177,220
213,187
129,196
152,99
61,119
244,220
172,158
170,53
225,200
178,181
197,162
212,116
120,192
212,302
161,53
97,45
27,147
101,184
193,143
201,223
244,219
181,225
201,168
204,262
81,85
207,267
156,110
212,115
229,213
178,63
207,184
48,164
237,294
190,83
192,286
162,39
238,191
189,265
155,204
177,95
185,239
208,184
229,259
84,77
234,171
90,180
166,138
187,243
190,203
121,192
174,58
93,58
202,259
165,66
174,165
33,141
232,166
197,157
185,240
236,178
109,188
181,100
166,141
171,82
235,177
73,174
97,48
193,146
195,146
128,73
131,196
204,105
214,269
199,166
164,132
204,248
85,75
194,290
231,220
117,21
189,253
191,132
47,131
122,192
230,161
227,263
138,86
111,23
94,53
189,276
233,298
107,186
126,63
164,131
204,298
166,44
204,247
75,98
185,115
149,93
44,133
63,118
190,79
119,191
128,71
238,294
77,92
210,114
179,222
59,123
204,238
135,198
192,83
49,129
51,165
185,116
169,210
206,105
191,138
123,192
34,166
242,206
191,283
196,214
202,253
242,289
227,207
120,19
246,226
197,294
204,229
248,258
215,269
230,257
68,113
151,204
191,256
56,125
246,229
66,170
175,171
159,45
95,53
60,121
193,85
124,30
145,202
240,200
207,107
154,101
192,208
145,91
248,231
35,139
188,78
225,265
246,267
159,42
95,50
231,249
124,21
219,267
224,265
172,54
175,91
195,290
118,19
248,238
158,112
198,219
91,63
184,192
126,66
51,129
124,44
182,67
165,137
240,198
166,210
72,105
248,245
210,267
38,166
203,296
246,261
233,240
86,178
167,72
65,117
124,43
180,100
73,102
206,266
248,252
87,72
161,206
183,110
209,186
173,84
233,249
162,208
180,186
188,202
99,42
230,158
231,228
124,34
89,64
215,302
130,79
216,125
224,141
179,224
41,135
63,168
232,236
198,95
236,294
111,188
124,57
217,188
164,42
25,159
244,277
242,287
176,172
41,136
187,121
225,302
223,197
228,301
68,172
208,108
32,143
124,48
161,58
168,148
244,284
177,218
179,65
129,194
244,214
172,160
194,85
180,224
233,236
183,234
45,133
161,51
54,125
219,190
238,195
97,43
244,283
122,21
213,186
71,172
170,50
244,221
134,84
172,159
67,115
178,178
197,161
204,264
187,119
81,83
212,117
93,182
87,178
161,52
58,123
97,44
27,146
193,142
232,298
218,190
75,174
189,271
153,99
154,204
181,224
21,156
204,263
81,84
156,111
229,212
166,144
186,76
200,96
94,182
190,80
174,163
202,223
238,188
189,264
177,94
31,143
185,238
203,180
229,258
234,168
236,180
166,139
187,242
174,59
93,57
202,256
170,156
174,170
218,128
77,176
227,210
102,184
156,206
232,167
197,156
199,168
160,120
236,179
109,187
73,173
223,265
193,145
195,149
189,282
164,133
85,74
231,223
71,107
182,106
117,20
189,252
172,84
191,135
57,167
224,198
98,182
227,262
138,87
195,154
38,137
189,275
228,210
159,49
126,60
166,45
204,240
189,132
163,131
219,302
75,101
185,114
191,140
196,89
57,168
242,212
119,190
191,285
77,91
210,115
59,122
204,239
192,84
51,164
150,93
242,207
225,141
189,127
191,282
196,215
179,185
202,250
203,248
227,206
246,227
197,293
159,39
222,136
204,230
248,259
191,259
29,164
214,302
159,44
95,52
190,263
124,31
145,201
240,201
167,45
192,209
176,59
55,166
248,232
163,65
188,79
246,264
191,83
124,22
27,162
155,105
172,55
175,90
248,239
86,73
158,113
127,194
54,166
91,62
184,193
221,196
126,67
65,115
51,128
124,45
240,199
179,100
248,246
29,143
214,117
215,121
233,247
180,188
26,147
65,116
212,269
212,186
124,36
171,157
83,79
73,101
115,21
206,267
248,253
175,217
31,164
231,257
162,126
209,185
233,248
180,187
236,296
42,164
188,203
48,131
230,159
231,231
124,35
107,29
74,174
130,76
194,209
35,166
19,151
186,198
246,276
83,178
198,92
236,295
165,210
169,151
214,188
164,43
25,158
244,278
173,163
184,110
148,92
242,284
176,173
187,120
223,196
228,302
216,302
199,95
92,59
182,189
183,236
208,109
247,260
124,49
161,57
168,149
148,91
244,215
134,82
172,161
231,300
178,184
161,208
112,188
228,152
46,131
45,132
67,171
161,50
238,192
81,176
189,79
170,51
134,85
67,114
178,179
197,160
162,130
181,230
204,265
187,118
234,167
146,91
93,181
44,164
193,141
232,299
238,186
225,199
189,270
218,302
201,174
21,155
229,211
178,61
234,174
114,21
166,145
186,77
118,190
200,97
110,25
190,81
106,186
125,57
162,37
238,189
189,263
155,206
232,161
177,93
185,237
229,257
157,111
230,218
234,169
236,181
74,101
187,245
174,56
93,56
202,257
170,157
174,171
162,60
218,129
77,175
189,256
197,155
231,161
160,121
71,109
109,186
171,84
73,172
137,85
193,144
195,148
189,281
126,58
164,134
166,43
85,73
231,222
71,106
117,19
189,251
191,134
234,298
57,166
78,91
227,265
105,31
189,274
159,48
126,61
109,27
204,241
171,53
189,131
160,119
75,100
185,113
209,267
196,90
242,213
150,202
191,284
143,89
238,292
210,112
222,134
204,232
190,282
192,85
159,206
144,200
241,290
242,204
79,89
189,126
191,261
220,129
202,251
246,224
178,64
197,292
159,38
37,139
222,137
204,231
248,260
147,202
206,300
191,258
29,163
202,226
228,261
159,47
124,24
145,200
240,202
154,99
176,60
175,92
173,214
248,233
214,120
35,141
163,64
246,265
39,137
24,158
64,117
231,251
124,23
148,202
195,292
248,240
158,118
197,217
198,217
184,194
221,195
226,142
232,249
126,64
37,166
124,46
141,200
28,145
248,247
203,298
204,180
233,246
160,50
180,189
167,74
99,39
49,164
231,233
124,37
25,147
83,78
69,111
248,254
176,176
175,216
231,256
162,127
60,168
209,184
246,274
184,191
104,33
230,156
231,230
107,28
200,95
130,77
169,79
133,81
103,185
87,67
113,23
186,199
222,196
79,176
63,170
246,222
139,199
198,93
165,209
189,203
244,279
103,33
148,93
242,285
176,174
194,88
187,123
226,146
208,110
124,50
161,56
224,302
223,302
168,150
134,83
172,162
178,185
108,186
228,153
207,183
45,131
67,170
238,193
122,19
213,269
162,131
181,229
184,236
93,180
193,140
232,300
180,65
238,187
225,198
189,269
226,204
100,184
201,173
203,177
21,154
43,133
156,105
229,210
234,175
186,74
226,302
209,302
200,98
165,70
239,195
208,300
245,276
66,115
232,162
177,92
240,290
185,236
82,83
211,269
236,182
201,295
20,154
166,137
187,244
190,206
174,57
93,55
152,204
170,154
174,168
77,174
197,154
182,230
203,175
160,122
71,108
201,296
113,190
32,164
223,267
195,151
189,280
126,59
199,163
164,135
26,160
218,126
181,106
185,111
22,156
205,265
189,250
153,204
227,264
138,85
128,67
189,273
123,21
141,89
109,26
204,242
189,130
185,112
196,91
90,63
242,210
167,145
51,127
36,166
238,293
111,25
210,113
163,61
168,48
222,135
204,233
51,166
242,205
79,88
189,125
191,260
220,130
202,248
246,225
178,65
37,138
183,191
211,302
29,162
196,216
202,227
159,46
231,253
124,25
240,203
176,61
220,302
173,213
248,234
174,214
214,121
35,140
91,59
246,270
229,153
160,37
163,208
231,250
179,97
248,241
158,119
184,195
221,194
226,143
126,65
202,100
222,302
166,70
176,92
124,47
182,70
56,166
248,248
199,221
173,88
139,200
233,245
164,208
230,154
231,232
124,38
164,39
99,183
83,81
194,212
69,110
216,121
200,168
224,137
206,265
248,255
176,177
87,69
183,107
246,275
198,91
127,67
230,157
231,225
107,31
130,74
169,78
103,184
19,153
113,22
186,196
228,148
246,223
139,198
140,200
91,180
165,208
203,101
23,157
62,168
139,87
124,52
30,143
176,175
194,89
40,164
77,97
187,122
223,198
226,147
228,147
208,111
124,51
76,174
168,151
191,207
196,154
198,162
200,221
152,96
225,203
172,163
193,290
29,145
178,182
21,151
183,231
185,73
205,182
23,147
207,182
170,49
244,216
225,204
178,177
162,128
181,228
201,171
210,186
164,66
105,33
215,188
180,66
199,294
189,268
201,172
203,176
156,106
234,172
236,184
186,75
209,301
174,55
200,99
219,129
165,69
174,166
221,302
232,163
240,291
229,218
236,183
181,103
201,294
166,142
187,247
171,81
190,207
194,146
69,172
93,54
170,155
174,169
101,39
199,165
203,174
