14,74
29,50
163,323
181,96
146,66
23,60
183,203
106,230
121,70
32,44
91,13
181,131
111,70
17,131
145,342
92,14
104,252
63,163
150,62
44,34
58,152
127,70
184,189
38,40
183,159
100,307
101,70
98,328
142,345
62,162
183,181
179,77
117,70
102,47
168,303
102,275
103,46
169,302
99,22
175,249
26,54
76,12
175,256
14,77
89,12
181,105
183,192
177,57
106,225
124,347
179,224
167,308
121,349
36,41
94,174
108,217
140,70
183,148
100,314
177,245
60,20
98,323
163,319
118,349
14,131
98,175
58,141
85,12
165,317
183,178
179,82
130,70
12,129
179,221
24,59
102,266
104,181
12,102
103,39
10,114
101,51
183,168
76,11
110,195
14,84
77,10
173,53
181,114
106,232
179,233
152,60
12,90
68,15
103,27
123,70
69,14
88,173
108,208
60,154
34,133
122,70
104,240
100,289
177,238
156,56
139,345
149,337
173,268
113,70
58,148
183,139
103,70
157,329
179,91
97,18
102,269
183,161
62,19
10,125
101,60
119,70
170,287
26,56
181,123
169,290
141,345
148,64
109,70
64,165
181,101
100,345
183,204
136,70
85,173
154,57
78,171
185,189
108,207
120,349
104,247
100,296
135,347
43,34
58,22
156,55
45,133
98,341
142,70
157,54
173,261
171,285
48,32
100,310
98,335
104,262
77,171
181,211
70,169
183,190
18,67
132,70
179,70
143,344
98,318
102,286
166,52
169,299
99,19
88,12
50,30
14,72
181,110
159,326
183,197
106,228
46,133
32,46
181,129
108,198
167,313
79,171
30,49
105,240
104,254
34,44
106,347
107,347
150,60
171,274
108,220
123,348
124,70
161,52
183,153
100,317
13,129
101,68
23,133
66,166
62,160
86,173
115,70
98,326
177,242
181,220
161,323
158,54
10,111
179,79
26,133
114,70
177,67
107,187
153,335
102,273
183,173
12,105
103,40
105,70
169,300
175,251
54,25
78,10
26,52
175,258
14,83
11,127
181,119
183,194
177,63
106,239
89,173
147,66
179,226
12,93
41,133
103,28
100,341
40,37
167,310
68,167
108,219
60,157
155,56
183,150
100,292
95,16
60,22
98,321
177,235
155,332
128,70
14,129
173,273
58,139
85,10
161,324
165,315
183,140
179,84
73,12
177,68
52,26
179,223
181,207
37,133
104,183
12,96
103,33
10,112
25,56
101,49
134,70
102,264
183,170
110,193
109,349
181,112
179,235
167,303
120,70
106,240
19,133
72,169
108,210
185,186
104,242
100,291
177,236
173,266
38,133
58,146
126,70
136,345
183,133
16,68
104,257
179,93
97,16
20,65
183,163
181,95
10,123
101,58
116,70
99,177
107,70
181,121
169,288
175,247
148,66
18,133
106,70
181,99
133,347
134,347
56,22
47,133
108,201
104,249
100,298
126,347
98,339
160,52
173,259
142,68
122,349
171,287
176,247
100,304
33,133
98,333
181,209
87,173
100,286
102,179
179,72
75,171
48,30
20,63
103,45
100,177
102,284
169,297
99,21
21,62
64,17
175,252
50,28
22,61
14,78
100,22
108,349
181,108
101,23
29,133
90,12
106,226
183,199
105,347
94,14
108,192
150,337
140,345
95,15
34,42
171,276
108,222
183,155
177,240
154,333
101,66
57,137
17,68
82,10
98,324
48,134
112,70
58,142
181,218
156,331
72,12
183,177
86,12
10,109
16,72
179,81
177,65
153,333
24,56
102,279
183,175
30,133
103,42
10,119
101,54
118,70
55,135
14,81
181,117
43,133
159,329
177,61
106,237
179,228
108,70
12,95
103,30
100,343
167,304
37,40
70,14
98,177
108,213
60,159
174,54
38,39
175,55
183,144
100,294
185,183
39,38
119,349
173,271
58,137
91,173
165,313
183,142
39,133
96,16
106,187
179,86
143,68
181,205
102,270
183,164
12,98
103,35
10,126
101,63
147,341
25,133
14,88
79,10
50,135
181,126
108,189
84,173
56,136
68,168
154,58
72,171
108,204
185,184
104,244
100,301
173,264
171,280
58,144
67,167
183,135
16,70
104,259
181,214
51,135
101,177
61,159
183,189
18,68
10,121
101,56
179,69
102,283
104,70
169,294
106,223
28,50
167,52
18,131
163,320
181,97
158,329
159,325
47,32
183,200
22,133
181,132
56,24
166,313
108,203
145,343
104,251
30,50
178,235
98,337
35,133
160,54
171,273
44,33
123,347
151,336
81,10
151,60
183,156
100,306
98,331
162,52
180,94
141,70
148,339
106,183
102,177
179,74
102,274
103,47
169,303
113,349
175,254
31,133
54,26
175,257
14,76
181,106
183,193
177,58
106,224
179,225
167,309
36,40
59,153
31,48
99,318
108,216
171,278
183,149
100,313
177,246
101,64
98,322
172,273
155,331
164,319
14,130
58,140
181,216
165,318
72,14
82,173
183,179
74,171
10,107
51,28
12,128
36,133
179,83
163,52
24,58
74,12
104,180
12,101
103,36
10,117
101,52
171,52
102,277
183,169
76,10
110,194
55,24
14,87
181,115
173,54
66,16
106,235
179,230
152,59
12,89
68,14
103,24
167,306
153,58
127,347
41,36
102,347
108,215
42,35
60,153
137,70
183,146
100,288
177,239
149,338
173,269
58,151
183,136
157,330
106,185
179,88
27,133
102,268
183,166
62,18
10,124
101,61
110,197
133,70
181,124
169,291
112,349
108,191
32,48
54,135
46,32
64,164
181,102
100,344
183,205
137,345
154,56
108,206
104,246
100,303
156,54
98,340
173,262
171,282
32,133
100,309
98,334
104,261
131,347
110,349
181,212
102,263
183,191
18,66
143,345
179,71
152,335
102,281
169,292
174,259
146,341
22,62
14,75
28,133
163,322
181,111
146,67
159,327
183,202
106,231
16,131
91,12
32,45
181,130
99,341
145,341
104,253
30,48
83,173
93,14
150,63
171,275
58,153
139,70
123,349
183,158
100,316
177,243
101,69
98,329
62,163
81,171
181,221
183,180
10,110
101,47
129,70
179,76
87,12
102,272
12,104
103,41
169,301
175,248
54,24
107,222
26,55
103,347
65,16
14,82
135,70
175,259
181,104
110,70
183,195
177,56
106,238
102,24
179,227
90,173
12,92
103,29
167,311
40,36
36,42
42,133
94,175
13,88
108,218
60,156
183,151
100,315
97,175
60,21
84,10
98,320
177,244
155,333
161,325
58,138
85,11
165,316
183,141
82,171
179,85
24,60
102,267
104,182
12,103
103,38
10,115
24,133
101,50
105,183
183,171
165,52
14,85
181,113
173,52
106,233
125,347
179,232
12,91
103,26
101,345
102,345
185,187
108,209
60,155
20,133
104,241
100,290
177,237
173,267
58,149
183,138
179,90
104,256
97,17
95,175
20,64
178,68
180,221
183,160
131,70
10,122
101,59
169,287
11,106
27,52
181,122
169,289
144,68
148,65
18,132
181,100
114,349
104,347
185,188
108,200
69,169
104,248
175,56
100,297
135,346
102,70
98,338
173,260
129,347
171,284
100,311
160,325
98,332
76,171
181,210
128,347
102,178
179,73
63,18
169,52
98,319
15,131
20,62
169,298
99,18
64,16
175,253
22,60
14,73
176,56
108,348
181,109
183,196
106,229
32,47
91,14
181,128
35,42
108,199
167,312
104,255
111,349
150,61
171,277
108,221
83,10
183,152
100,318
45,32
101,67
66,167
98,327
62,161
177,241
48,133
181,219
183,182
10,108
179,78
177,66
19,66
52,28
159,54
153,334
102,278
183,172
12,106
103,43
10,118
75,12
101,55
145,68
164,52
175,250
26,53
172,52
14,80
108,347
181,118
177,62
106,236
138,345
179,229
44,133
162,323
12,94
21,133
103,31
100,342
40,38
167,305
94,173
98,176
108,212
42,36
60,158
38,38
183,145
100,293
173,272
132,347
165,314
183,143
106,186
92,173
179,87
52,27
179,222
181,206
80,171
102,265
12,97
53,26
10,113
103,32
101,48
183,165
143,343
110,198
12,127
181,127
179,234
108,188
109,193
56,135
149,64
103,262
72,170
108,211
68,16
185,185
117,349
104,243
73,171
100,300
144,343
173,265
171,281
58,147
183,132
16,69
104,258
96,175
179,92
20,66
181,215
183,162
168,52
181,94
10,120
52,135
101,57
62,159
102,282
40,133
181,120
169,295
106,222
108,187
163,321
181,98
146,68
183,201
65,165
15,72
56,23
108,202
57,22
104,250
100,299
98,336
160,53
80,10
142,69
44,32
171,286
151,337
183,157
100,305
98,330
151,335
181,208
100,287
179,75
71,169
101,286
48,31
102,285
103,44
169,296
99,20
49,30
64,18
175,255
50,29
14,79
181,107
101,22
183,198
53,135
106,227
150,64
177,59
108,193
33,44
147,339
95,14
34,43
116,349
171,279
93,173
183,154
100,312
177,247
101,65
66,165
98,325
48,135
58,143
181,217
165,319
72,13
82,172
183,176
10,106
179,80
115,349
177,64
24,57
102,276
104,179
12,100
103,37
10,116
101,53
183,174
14,86
181,116
159,328
177,60
106,234
179,231
152,58
12,88
103,25
109,198
182,132
167,307
67,16
102,346
185,182
108,214
59,22
42,34
125,70
183,147
71,14
175,54
100,295
130,347
149,339
173,270
61,20
58,150
183,137
157,331
106,184
179,89
102,271
183,167
12,99
103,34
10,127
101,62
147,340
49,135
110,196
181,125
101,24
103,179
28,52
108,190
64,163
181,103
56,137
68,169
108,205
138,70
104,245
100,302
135,345
173,263
171,283
58,145
184,182
183,134
100,308
16,71
179,94
104,260
181,213
182,205
98,18
102,262
62,20
179,68
170,52
102,280
169,293
28,51
