47,35
37,82
87,72
9,62
88,86
60,39
50,84
13,32
87,57
81,146
68,39
14,31
48,37
69,38
15,30
30,66
80,155
88,98
57,111
48,17
30,14
53,155
87,107
54,144
87,65
34,79
54,138
23,19
47,22
54,87
88,93
87,54
85,34
86,41
18,62
57,112
85,118
55,125
86,114
55,128
32,68
33,74
56,39
46,30
54,141
16,29
39,82
64,39
10,47
78,160
72,167
58,170
9,50
62,39
88,74
73,166
82,139
56,115
81,29
71,38
83,132
75,35
48,15
78,159
79,158
53,151
86,111
46,33
47,36
8,58
46,11
88,81
32,13
56,122
85,30
12,62
76,35
85,120
38,9
70,169
77,34
74,164
52,169
45,83
22,63
55,170
23,20
47,11
86,50
88,88
87,59
81,144
85,39
36,10
49,38
76,161
57,109
58,101
41,82
48,19
53,153
55,133
87,101
54,150
87,67
52,39
54,136
86,53
51,85
57,170
63,170
88,95
85,32
16,62
53,87
86,47
83,129
84,122
85,116
55,127
86,112
55,130
26,63
33,72
52,165
20,23
47,25
21,22
10,45
43,9
9,48
82,137
88,76
56,117
83,127
83,134
56,91
42,82
27,17
43,82
86,109
54,39
78,32
8,60
48,83
44,9
47,12
12,34
54,89
10,62
88,83
56,124
87,60
35,10
15,29
80,152
57,106
78,31
20,63
79,30
53,158
28,15
29,14
87,68
60,170
47,21
53,162
86,48
88,90
85,37
72,38
86,42
76,163
37,9
24,18
74,36
58,99
71,167
84,125
44,82
55,135
87,103
54,148
51,38
54,142
65,170
17,27
81,143
82,140
86,45
80,150
83,131
24,63
57,94
33,78
52,167
79,157
35,80
46,34
47,27
10,43
52,86
9,54
82,135
88,78
31,66
28,64
56,119
33,11
57,103
58,95
33,71
8,62
59,170
47,14
45,10
88,85
13,33
87,62
61,39
81,147
33,12
14,30
48,36
69,39
34,11
50,38
80,154
88,97
57,104
58,102
71,168
48,16
53,156
87,104
54,147
87,70
34,78
22,21
47,23
53,160
86,54
10,39
88,92
87,55
29,64
85,35
81,148
86,40
73,37
77,160
57,113
58,97
84,127
85,119
55,129
32,67
33,75
54,140
16,28
47,28
57,39
53,169
10,46
65,39
72,166
81,141
9,51
82,138
88,73
56,114
63,39
70,38
81,30
61,170
83,133
82,29
26,17
48,14
57,92
33,76
78,158
86,110
19,24
54,135
46,32
10,41
8,57
46,10
11,36
9,52
18,25
83,29
88,80
84,30
49,84
32,12
56,121
85,31
67,169
55,90
76,34
85,121
70,168
15,62
33,69
52,168
23,63
37,81
59,39
88,87
67,39
50,85
54,170
87,56
81,145
36,9
66,169
88,99
57,110
58,100
48,18
53,154
87,106
54,145
87,64
54,139
53,39
86,52
88,94
26,64
85,33
86,46
62,170
18,63
75,164
84,121
85,117
46,83
55,124
86,115
55,131
87,99
32,69
33,73
52,164
46,31
20,22
9,47
36,81
10,44
9,49
73,165
88,75
82,136
56,116
56,90
52,163
53,150
86,108
41,9
8,59
55,39
11,38
27,64
69,169
38,82
12,33
47,13
54,88
88,82
56,123
87,61
35,11
13,62
77,33
74,165
57,107
28,16
79,31
21,63
45,82
53,159
29,15
42,9
87,69
53,163
86,51
88,89
87,58
85,38
72,37
49,37
30,65
76,162
57,108
58,98
84,124
30,13
53,152
55,132
34,80
87,100
51,39
87,66
54,137
64,170
47,19
53,86
86,44
17,62
80,149
40,82
83,128
84,123
26,18
85,115
55,126
25,63
86,113
52,166
86,107
19,23
35,81
46,29
47,24
21,21
10,42
52,85
11,35
9,55
18,26
82,134
86,39
88,77
31,67
56,118
55,89
75,36
56,92
27,16
58,94
79,155
78,33
8,61
48,84
44,10
9,56
12,35
88,84
87,63
11,62
66,170
80,153
47,83
88,96
57,105
39,9
19,63
53,157
87,105
31,13
54,146
87,71
22,20
47,20
53,161
86,49
10,38
88,91
29,65
85,36
81,149
86,43
77,161
24,19
74,37
25,18
58,96
57,114
75,163
84,126
55,134
87,102
54,149
54,143
16,27
47,29
53,170
17,26
58,39
81,142
66,39
82,141
88,72
80,30
80,151
83,130
57,93
33,77
40,9
79,156
46,35
47,26
10,40
8,56
68,169
11,37
9,53
18,24
88,79
84,29
56,120
14,62
57,102
33,70
14,32
56,170
