55,5
28,132
116,21
195,106
211,79
70,121
233,94
167,107
249,99
171,108
275,84
22,117
14,150
20,109
35,15
131,34
142,75
152,93
246,98
86,22
277,86
162,53
143,85
37,13
29,96
121,25
27,144
133,56
5,84
203,65
263,103
39,11
228,95
159,53
206,87
215,56
204,67
42,98
119,112
125,29
39,97
192,89
43,98
147,90
7,120
97,113
28,131
240,67
175,92
68,122
260,76
144,85
64,10
203,52
80,116
258,76
49,109
245,69
22,42
31,21
65,11
113,17
262,78
25,125
20,151
144,107
153,48
258,102
180,56
213,86
56,6
276,85
140,70
214,82
216,56
143,82
22,102
177,108
150,43
157,36
160,36
205,106
5,93
274,84
53,115
13,150
35,96
5,103
253,74
51,5
171,55
154,106
20,47
9,70
195,88
206,106
50,108
65,12
281,101
68,15
190,105
23,40
188,105
212,103
9,139
219,100
17,151
253,73
129,32
179,42
209,78
251,99
136,46
236,66
234,94
8,130
85,21
47,99
62,9
96,19
279,86
23,119
8,127
179,91
97,18
176,91
5,96
202,65
27,31
221,58
44,98
148,90
205,87
176,42
197,49
40,11
38,97
184,90
26,34
41,10
50,103
28,143
11,65
169,93
199,63
209,54
75,117
244,69
243,97
208,77
9,140
160,92
283,96
138,68
260,102
210,79
101,113
23,150
26,127
59,7
254,100
110,14
82,21
13,63
143,78
111,15
133,61
237,95
163,37
14,60
6,105
48,6
181,90
200,88
194,61
15,57
164,38
170,40
190,47
25,147
214,56
101,15
179,108
149,107
198,49
7,125
115,20
28,134
134,110
27,32
42,8
137,109
72,120
165,107
117,22
284,93
152,48
280,101
261,77
179,56
257,101
45,7
214,103
234,64
70,17
20,111
142,73
174,41
6,78
54,116
51,114
173,108
182,57
21,117
156,36
264,78
79,116
26,96
27,146
154,93
255,101
239,67
134,53
23,99
25,148
84,115
207,73
269,104
155,51
66,122
116,112
159,93
7,122
135,65
168,107
216,101
144,87
73,119
31,23
161,92
160,106
211,86
205,52
125,111
82,116
213,84
94,21
130,110
137,66
262,102
22,100
5,91
201,88
23,120
135,41
169,39
270,81
27,129
32,96
5,101
92,113
166,38
59,120
167,39
206,70
7,115
155,106
53,5
200,50
25,34
122,112
21,44
30,25
201,51
67,14
49,100
50,106
118,23
199,64
136,65
230,63
9,137
46,6
232,94
10,142
33,19
52,114
206,52
154,38
225,97
8,132
27,96
6,82
134,39
88,114
201,65
248,71
58,119
187,45
14,59
188,46
117,112
195,61
78,20
37,97
206,73
225,61
196,62
98,113
29,27
111,113
175,108
10,69
197,63
229,95
26,32
50,101
163,106
28,137
11,67
202,51
271,104
193,105
212,104
172,93
283,98
77,117
105,13
162,92
171,107
22,118
212,86
157,52
131,33
81,20
36,13
120,25
162,54
13,61
78,117
133,59
35,16
7,75
33,96
5,87
6,111
141,72
204,106
24,148
23,100
15,59
60,120
124,29
132,110
230,94
123,112
256,75
147,89
128,31
127,30
203,51
112,17
284,95
204,52
183,106
140,109
146,88
109,113
20,105
198,88
199,106
155,37
238,67
279,102
95,21
272,83
180,91
21,115
143,81
133,36
83,115
122,26
158,52
135,50
207,75
72,18
67,122
177,91
195,49
184,106
93,112
7,116
193,60
283,90
282,88
12,65
267,80
173,56
222,59
123,111
50,113
218,101
66,12
114,18
192,105
238,66
102,113
99,113
9,134
215,102
219,99
20,112
76,117
176,108
187,90
84,21
208,105
136,43
217,57
5,89
151,46
161,37
23,122
188,59
21,102
135,43
136,49
133,55
27,131
255,74
5,99
153,106
19,48
28,29
78,19
206,68
24,37
196,49
69,121
223,59
50,104
28,140
229,62
210,54
32,20
232,64
199,88
10,140
16,55
33,17
24,122
194,106
173,92
23,149
17,54
108,113
56,119
80,20
221,98
8,134
189,89
190,89
156,52
6,80
134,37
192,60
184,44
218,57
212,55
143,77
61,8
7,76
109,14
55,118
6,106
134,63
267,104
8,73
227,95
268,80
170,55
61,121
62,121
10,67
75,19
179,107
198,50
115,19
28,139
21,150
116,20
93,22
276,103
169,107
70,120
34,17
212,80
156,51
275,85
141,108
20,108
139,68
142,74
10,145
152,92
202,106
266,103
36,15
51,113
132,36
21,104
114,113
121,26
133,57
142,108
27,145
5,85
6,109
90,113
251,72
123,28
249,72
207,76
204,66
120,112
243,68
76,19
7,121
100,16
126,29
204,88
172,56
68,121
232,63
245,70
49,110
113,18
233,64
25,126
197,106
238,95
153,49
172,108
56,5
222,98
20,107
94,22
175,41
282,99
25,96
132,35
223,98
143,83
150,42
111,16
155,93
5,94
268,104
53,116
209,104
194,48
214,55
65,122
270,82
271,82
52,5
206,67
7,118
165,54
89,22
20,46
9,71
223,60
30,26
45,98
149,90
195,89
67,13
50,111
178,56
240,95
71,120
127,111
23,41
185,90
69,15
278,103
213,80
154,49
20,114
146,107
179,43
210,87
214,84
136,45
178,108
150,45
236,65
8,129
261,102
151,40
62,8
279,87
8,126
236,95
97,19
133,53
5,97
6,113
11,146
274,104
220,58
221,59
12,149
143,108
19,50
121,112
242,96
41,97
24,39
28,144
79,20
48,100
9,72
10,70
129,110
40,10
205,88
186,105
176,41
269,81
208,54
50,102
227,62
28,142
247,70
257,75
164,107
208,76
275,104
107,113
104,13
152,40
283,97
24,124
210,78
17,52
130,33
180,43
26,126
18,51
24,98
107,14
211,54
210,104
60,7
158,36
26,147
82,20
63,10
143,79
133,62
7,78
6,104
166,93
181,91
168,55
164,37
8,75
190,46
178,91
191,47
168,93
166,55
173,40
99,16
171,56
150,106
270,104
91,22
178,42
28,133
174,92
103,14
211,104
259,76
72,119
186,90
151,106
284,92
100,113
220,99
152,47
124,111
264,103
214,102
249,98
14,151
70,16
20,110
139,70
113,113
161,53
203,106
182,56
277,85
143,84
227,96
37,12
87,22
79,117
193,48
5,83
266,79
134,52
250,72
135,49
159,52
152,106
281,87
190,59
136,109
240,68
7,123
97,112
283,89
199,50
260,77
144,86
64,11
145,88
158,106
177,56
49,108
256,101
22,43
19,151
211,87
276,104
153,39
284,91
25,124
144,108
213,85
106,113
191,105
189,105
140,71
137,67
57,6
187,89
185,57
214,83
216,57
5,92
151,45
13,149
23,121
57,119
219,58
15,151
157,93
207,87
5,102
89,114
205,67
163,54
170,39
281,88
180,107
266,80
86,115
19,47
191,59
25,35
21,45
30,24
67,15
170,107
281,100
118,22
145,107
95,112
119,23
16,151
171,93
9,138
162,106
208,87
235,65
231,63
259,102
209,77
277,103
136,47
186,57
112,113
8,131
151,42
96,20
134,38
182,44
218,58
176,92
55,117
11,148
27,30
147,107
206,72
172,40
241,68
29,28
62,122
226,61
10,68
25,36
177,42
157,106
41,9
50,100
28,136
63,122
133,110
198,63
231,94
193,106
243,96
213,103
44,8
139,109
196,106
224,97
175,56
69,16
278,86
106,13
239,95
59,6
10,146
185,45
12,63
120,24
110,15
192,48
13,62
141,73
133,60
193,61
5,104
6,110
14,61
98,17
134,51
90,114
15,56
49,6
30,96
123,27
64,122
110,113
50,5
100,15
124,28
156,93
128,111
165,38
101,14
252,73
149,106
126,30
7,124
207,105
28,135
170,93
176,56
127,31
42,9
129,31
185,106
112,16
117,21
284,94
211,80
183,107
44,7
140,108
217,101
280,102
81,116
201,106
163,92
282,100
234,65
246,97
16,56
6,79
272,82
86,21
54,117
223,97
58,120
21,116
156,37
264,79
133,37
255,100
203,66
200,64
272,104
186,45
23,98
135,51
240,96
72,17
203,88
116,113
36,96
159,92
93,113
191,60
7,117
135,64
283,91
12,64
216,102
138,109
90,22
30,23
73,118
258,75
242,68
50,112
22,41
31,22
105,113
218,100
196,88
262,77
246,70
258,101
119,24
9,135
154,50
262,103
166,107
214,81
22,101
5,90
151,47
168,39
274,83
182,43
188,58
162,37
21,103
31,96
135,40
136,48
85,115
27,128
189,59
5,100
6,114
255,75
171,40
167,38
19,49
28,28
206,71
7,114
24,36
74,18
174,108
200,51
194,89
21,43
145,87
150,92
186,106
206,105
50,107
227,61
228,62
247,98
229,63
136,66
43,8
9,136
32,19
46,7
135,109
174,56
10,143
16,54
33,18
47,6
173,93
52,115
221,99
248,98
56,118
225,96
284,96
8,133
18,52
206,53
107,13
6,83
265,103
88,115
164,92
201,64
108,14
273,104
63,9
159,36
263,78
241,96
7,77
213,55
134,62
8,72
135,63
37,96
225,60
189,46
29,26
131,110
197,62
26,33
28,138
11,66
21,151
103,13
92,22
75,118
197,88
104,113
74,118
138,67
188,89
187,105
34,16
22,119
160,53
235,94
139,69
237,66
10,144
250,99
36,14
249,71
21,105
141,71
133,58
5,86
6,108
38,12
46,99
24,149
60,121
15,58
167,93
251,73
87,115
230,95
54,5
158,93
243,69
134,109
77,19
181,107
182,107
18,151
126,111
146,89
151,92
245,97
282,98
184,57
20,106
142,76
226,96
25,97
71,17
95,20
132,34
103,113
58,6
21,114
143,80
165,92
209,87
183,57
267,103
187,58
5,95
122,27
134,40
209,105
252,100
192,47
26,128
115,113
148,107
207,74
202,88
96,112
164,54
73,18
88,22
195,48
7,119
282,89
20,45
22,150
45,99
149,91
150,91
50,110
156,106
66,13
114,19
82,115
278,102
213,81
20,113
181,56
83,21
153,93
273,83
136,44
186,58
150,44
8,128
198,106
207,53
5,88
252,99
151,41
161,36
8,125
236,94
135,42
28,96
133,54
191,89
27,130
183,44
5,98
6,112
11,147
224,60
12,148
28,30
193,89
206,69
41,98
24,38
48,99
118,112
129,111
208,53
94,112
50,105
28,141
161,106
23,39
247,71
164,106
32,21
152,39
10,141
24,123
244,97
200,106
155,50
153,38
17,53
130,32
154,37
184,45
18,50
24,97
181,43
6,81
253,100
211,55
26,146
143,76
61,7
187,46
98,18
6,107
38,11
40,97
166,92
182,90
8,74
195,62
169,55
265,79
34,96
50,6
91,113
268,81
183,90
166,54
280,87
173,41
75,18
99,17
254,74
167,55
159,106
102,14
