309,91
111,227
258,117
42,294
377,187
286,208
215,218
435,160
309,204
474,141
358,189
546,175
35,123
19,200
220,37
278,152
44,251
227,45
191,51
48,259
255,214
401,120
421,117
23,257
435,169
242,216
61,63
391,185
413,204
69,47
431,157
488,147
111,19
264,89
282,175
412,113
19,209
510,194
286,179
472,139
400,109
258,71
266,135
451,129
287,208
558,181
334,206
417,130
81,29
470,137
180,220
417,115
19,214
419,134
168,49
421,150
284,178
288,181
308,195
497,190
406,206
481,143
359,106
437,167
262,82
120,23
282,177
46,259
87,24
492,149
77,34
264,214
283,210
360,106
167,49
130,31
555,200
79,32
261,77
320,204
66,55
438,193
241,59
369,206
478,141
542,172
321,99
302,191
160,47
181,220
403,206
278,164
351,91
245,63
319,98
466,137
124,26
70,186
491,147
404,183
170,222
100,19
193,218
393,117
412,183
32,216
61,67
246,65
51,85
431,177
237,55
40,194
94,21
425,181
559,181
321,100
67,53
522,163
279,210
523,198
410,111
318,81
123,235
32,223
414,115
55,184
365,106
556,200
321,204
174,222
322,191
344,208
398,120
293,185
260,121
299,206
66,184
29,292
366,106
21,218
96,21
313,94
405,123
426,199
49,286
360,95
452,186
218,37
552,179
194,218
529,165
33,216
556,199
154,226
234,52
221,218
259,110
298,191
264,99
445,188
50,89
323,205
21,227
427,155
410,113
25,145
23,255
374,108
378,99
37,116
560,185
29,133
502,192
395,205
345,208
514,157
311,81
295,187
91,190
401,183
185,53
21,236
95,21
351,191
207,218
27,285
63,60
71,44
152,228
23,244
428,177
339,195
30,133
34,216
556,181
328,191
367,189
208,218
109,225
113,230
504,154
235,218
327,191
315,194
316,204
34,211
52,185
71,186
342,87
274,143
165,49
424,117
560,183
462,134
485,186
503,192
346,208
19,161
331,83
60,184
425,154
79,187
64,59
83,188
23,149
375,204
359,93
141,234
81,188
189,51
153,228
50,283
250,67
177,222
357,104
364,206
19,166
38,198
204,218
205,36
116,20
415,130
109,211
398,206
258,110
154,47
85,26
236,218
474,182
337,195
50,274
34,229
418,132
41,109
295,206
352,91
444,126
31,133
106,198
107,220
126,29
342,208
36,237
19,175
21,159
59,68
116,19
428,119
139,236
230,47
142,43
109,204
69,185
349,89
350,89
404,111
137,39
356,189
122,24
50,269
77,186
132,238
337,85
157,226
31,130
88,23
107,213
492,188
19,180
38,240
260,74
45,98
48,287
144,232
384,204
475,141
416,130
53,83
150,45
99,192
47,96
411,204
435,194
532,167
40,242
539,200
387,103
280,171
304,204
107,202
343,208
509,157
19,189
21,161
496,190
232,51
178,51
420,116
370,97
65,56
264,131
471,182
130,33
25,269
33,128
98,19
372,99
123,25
19,194
224,42
44,253
144,230
127,29
309,90
111,226
258,114
420,115
435,163
240,57
261,104
499,190
502,153
158,47
31,295
436,194
535,200
244,61
464,182
264,83
35,122
163,49
146,43
19,203
220,38
366,189
278,153
191,50
48,260
310,83
23,256
334,85
262,214
236,53
435,168
224,218
69,46
431,156
534,168
315,98
81,27
151,45
264,90
103,195
195,47
250,216
179,220
489,187
399,185
19,208
371,187
541,171
355,104
396,107
199,43
240,216
405,206
500,151
529,199
388,204
172,222
561,185
28,288
175,51
124,236
275,210
81,28
489,188
415,204
19,217
419,137
421,149
284,179
288,182
308,204
203,37
43,105
353,91
407,183
103,19
437,166
294,186
557,181
333,85
262,83
429,119
180,53
418,181
347,89
557,198
316,98
46,256
249,65
340,104
77,33
24,147
278,162
441,125
405,111
46,190
301,206
356,104
525,163
241,216
368,106
558,196
196,218
125,236
344,195
509,194
276,210
425,179
542,173
321,98
55,75
278,165
48,288
124,27
290,184
555,179
170,223
43,103
393,116
32,217
292,208
368,97
149,228
78,186
61,66
388,185
262,77
431,176
512,157
455,131
40,195
148,44
370,204
425,180
67,52
341,104
253,214
366,96
142,234
351,208
172,51
119,233
123,234
416,202
130,238
440,192
43,294
52,85
148,43
260,122
63,184
562,188
29,291
302,206
86,188
330,191
405,122
169,49
25,143
33,223
272,139
291,185
293,208
64,184
154,227
29,139
234,53
464,135
264,100
323,204
108,224
185,51
21,226
518,159
427,154
283,177
410,126
543,173
361,95
329,102
493,149
25,144
23,254
336,208
37,115
226,44
395,204
397,107
36,202
113,19
260,104
185,52
21,235
27,284
63,63
136,37
67,184
547,175
550,200
76,186
315,204
23,247
27,141
375,110
294,208
151,228
337,104
184,218
44,292
486,145
109,224
113,229
27,277
374,204
504,155
68,49
216,218
477,184
337,208
394,105
214,35
34,208
52,186
418,115
462,135
484,144
33,296
364,208
425,153
79,186
134,238
470,182
93,191
23,148
335,102
551,200
37,296
97,21
501,192
122,23
50,280
339,208
343,87
453,184
41,107
190,51
338,104
105,198
160,226
126,27
91,23
36,231
19,169
38,199
364,207
205,35
116,21
138,236
321,81
109,210
258,111
498,190
189,218
339,104
85,25
212,218
110,19
440,123
338,208
46,97
47,93
50,275
178,220
34,226
56,75
41,108
131,238
444,127
31,132
107,223
19,174
21,158
59,71
260,76
486,186
109,203
96,192
370,108
69,184
72,41
146,230
410,204
122,25
50,266
340,208
392,116
319,204
107,212
19,183
38,241
276,145
260,75
45,97
466,182
309,87
519,196
362,189
380,204
53,82
182,53
494,188
25,267
108,19
40,243
203,218
280,172
482,184
338,85
304,205
362,95
19,188
21,160
90,190
111,228
258,120
97,192
420,117
264,132
25,268
389,185
341,208
35,231
270,212
76,35
388,103
372,108
490,147
19,197
224,43
352,208
44,254
99,19
396,118
144,231
309,89
258,115
332,206
354,191
381,204
435,162
474,139
240,58
538,170
334,194
31,294
507,193
244,62
264,84
373,99
484,186
376,110
546,173
468,137
392,105
35,125
19,202
220,39
278,158
48,261
231,218
23,259
98,192
236,54
435,171
310,195
332,84
387,204
171,222
262,102
69,45
363,189
271,139
534,169
183,53
420,140
515,159
264,91
282,173
544,200
373,108
103,194
195,46
489,186
414,204
326,82
329,206
19,211
41,194
520,161
353,208
542,200
307,204
199,42
240,217
423,151
266,133
529,198
379,187
553,200
332,83
248,216
501,191
274,212
19,216
419,136
421,148
408,183
45,190
288,183
456,131
57,75
39,111
43,104
445,127
430,198
437,165
534,200
294,187
558,194
262,80
335,207
192,49
542,171
46,257
156,47
545,200
400,206
55,77
42,194
278,163
354,208
336,102
427,177
543,200
118,232
53,184
554,200
558,197
249,216
434,122
398,108
436,167
503,153
115,231
442,125
406,111
193,47
48,289
466,135
530,166
290,185
313,195
32,218
90,23
129,238
554,179
460,133
61,65
51,87
198,218
345,195
40,196
148,45
370,205
260,124
49,93
67,55
546,200
396,185
366,97
21,223
421,143
522,161
209,218
456,184
458,132
349,104
44,103
119,232
428,198
416,203
414,113
118,21
411,183
414,128
397,120
311,93
260,123
562,189
29,290
372,204
218,35
195,218
360,208
272,140
441,190
115,19
29,138
394,204
36,204
298,189
84,27
181,53
55,81
112,228
21,225
422,202
210,218
263,100
429,177
525,198
291,208
329,101
148,228
458,182
314,204
23,249
317,81
389,105
390,105
34,223
415,115
150,228
226,45
209,35
324,191
36,203
58,184
440,190
311,83
260,105
46,292
324,206
312,195
21,234
242,60
132,35
350,208
27,287
63,62
136,38
373,204
33,127
433,175
23,246
27,140
191,218
361,208
34,214
296,187
177,51
396,206
417,183
184,219
38,202
419,202
223,218
422,117
44,293
79,188
133,238
119,21
300,191
113,228
27,276
449,186
433,160
87,189
435,123
458,184
97,19
477,183
50,286
140,41
512,194
34,209
536,200
484,145
107,224
19,163
425,152
355,91
137,236
93,190
23,151
263,83
104,19
446,188
360,189
429,156
97,20
483,185
50,281
250,65
340,195
362,208
145,43
535,169
387,114
79,29
407,111
105,197
107,217
490,188
91,22
273,143
19,168
420,202
382,102
135,236
376,187
305,193
109,209
154,45
45,255
357,189
30,294
92,190
440,124
262,128
50,272
178,221
34,227
219,37
347,104
537,200
478,184
318,204
107,222
487,186
198,43
362,106
19,177
516,196
21,157
59,70
260,77
45,103
467,182
142,41
109,202
475,182
174,51
214,218
263,214
50,267
251,67
488,186
363,208
38,296
225,218
388,114
544,173
107,215
19,182
276,146
279,167
210,33
102,19
391,116
309,86
168,224
53,81
382,185
25,266
99,194
338,195
69,49
506,192
40,244
348,104
538,200
315,81
280,173
82,188
304,206
19,191
256,214
517,196
281,210
211,218
48,264
395,118
548,176
328,83
258,121
331,206
497,151
264,133
25,275
480,184
359,208
272,212
226,218
397,185
363,95
255,69
19,196
44,255
307,193
309,88
129,31
38,115
258,112
22,153
23,261
169,224
117,21
387,185
65,55
373,187
410,183
526,164
434,196
454,131
240,59
538,171
25,276
334,195
100,194
268,136
507,192
244,63
264,85
103,196
35,124
19,205
403,183
278,159
171,51
282,210
48,262
402,206
23,258
236,55
435,170
147,43
239,218
332,85
262,103
409,126
268,135
431,158
73,41
273,212
264,92
248,65
326,83
19,210
278,150
433,159
240,218
39,113
170,224
423,150
426,118
120,234
479,143
501,190
433,121
400,185
134,36
419,139
421,147
49,186
381,101
57,74
203,39
43,107
500,152
437,164
386,185
558,195
499,151
262,81
335,206
357,93
322,81
415,183
55,76
278,160
46,188
380,112
407,206
389,116
446,127
431,196
513,157
406,183
485,145
434,123
398,109
36,208
418,202
61,184
443,190
49,91
67,49
74,37
347,193
366,95
313,81
115,230
48,290
213,35
196,45
361,106
530,167
552,200
469,137
354,91
427,198
524,163
32,219
268,212
129,237
369,107
61,64
51,86
345,194
40,197
348,89
260,125
448,186
49,92
67,54
326,191
21,222
421,142
385,114
206,218
336,85
142,232
253,69
326,206
381,112
328,100
458,133
123,236
416,204
35,296
217,218
364,95
369,108
321,193
393,204
270,138
397,119
54,184
311,92
522,198
562,186
29,289
160,48
21,231
188,51
548,200
471,139
313,204
412,128
269,212
272,141
296,206
29,137
175,222
234,51
36,205
46,290
323,206
55,80
21,224
386,114
27,281
444,188
193,49
427,156
143,232
454,184
329,100
148,229
458,183
23,248
374,99
378,110
506,155
218,218
275,145
332,102
209,34
317,193
84,188
229,47
395,206
487,145
440,191
311,82
260,106
246,216
21,233
242,61
349,193
371,108
44,190
27,286
136,39
355,189
411,127
339,87
527,165
33,126
107,19
433,174
71,41
549,200
480,143
23,241
27,143
45,292
34,215
56,184
256,69
296,188
104,196
417,182
184,220
44,294
461,133
320,81
162,226
149,45
23,153
27,279
431,121
87,188
469,182
531,167
325,81
75,35
238,56
477,182
317,98
200,218
462,133
337,103
127,236
19,162
496,149
134,236
247,216
230,48
232,218
447,127
473,139
23,150
526,198
483,184
50,278
368,189
222,40
80,188
170,50
105,196
107,216
128,29
19,171
515,196
382,103
345,89
109,208
495,189
260,214
355,208
73,186
440,125
243,61
207,35
262,129
318,98
47,95
50,273
341,195
379,112
34,224
319,193
321,191
36,232
19,176
202,39
21,156
39,198
205,218
276,148
365,206
45,102
159,226
235,53
399,206
46,255
47,290
432,196
237,218
384,103
560,192
434,171
514,196
42,107
280,167
136,236
407,124
540,171
484,143
107,214
19,185
276,147
42,250
422,150
309,85
405,183
500,190
356,208
25,265
69,48
40,245
459,182
367,106
141,41
19,190
38,238
48,265
548,177
254,214
92,21
258,118
331,193
350,191
408,204
426,154
504,192
433,196
179,53
531,200
25,274
361,189
366,206
340,87
19,199
553,179
329,83
258,113
23,260
357,208
284,208
526,165
435,164
395,185
268,137
323,81
162,49
73,39
381,187
453,131
521,161
388,104
264,86
212,33
19,204
278,156
48,263
145,230
183,220
258,72
423,152
409,204
505,192
532,200
262,100
409,125
73,40
437,194
264,93
217,35
470,138
19,213
402,183
419,133
518,196
278,151
351,104
545,173
379,204
433,158
493,188
39,112
116,232
426,119
358,208
285,208
359,105
561,190
83,27
274,210
383,185
40,294
368,206
420,181
134,37
138,40
19,218
419,138
421,146
422,181
281,173
550,177
57,73
203,38
333,193
43,106
500,153
192,218
28,139
430,196
432,158
533,200
311,195
294,185
152,45
173,222
431,175
398,107
438,194
517,159
131,35
478,142
394,185
55,79
511,194
385,103
42,192
278,161
427,179
46,189
447,188
252,68
384,185
117,232
389,115
228,45
267,212
344,87
364,106
112,19
358,93
298,206
62,63
49,90
489,147
20,218
139,41
252,67
200,41
290,183
32,220
129,236
59,184
369,106
51,89
197,218
345,193
40,198
277,210
260,126
521,198
448,187
467,137
468,182
397,206
21,221
421,141
385,113
43,192
518,160
135,37
266,212
142,233
423,181
119,234
263,129
383,204
482,143
321,192
270,139
397,118
264,96
562,187
29,288
303,193
160,49
401,185
21,230
371,97
62,184
121,23
314,195
390,116
378,100
35,208
272,142
417,202
37,119
365,95
29,136
514,158
36,206
510,157
402,122
260,108
278,210
46,291
303,206
72,186
21,239
422,200
44,192
27,280
444,189
193,48
430,120
148,230
494,149
23,251
246,63
226,43
209,33
101,19
413,183
260,107
448,128
21,232
349,192
44,191
48,186
411,126
33,125
433,173
315,193
23,240
27,142
392,204
176,222
34,212
197,45
37,121
75,186
256,70
274,144
296,189
155,226
342,195
126,236
417,181
37,202
38,200
547,200
323,191
312,204
23,152
423,200
27,278
238,57
350,104
50,284
432,175
379,101
294,206
337,102
19,165
185,218
496,150
259,73
371,204
442,190
134,237
230,49
415,129
511,157
259,214
403,109
50,279
34,230
513,195
222,41
170,51
79,31
156,226
107,219
128,30
19,170
41,294
59,67
353,191
461,182
65,184
463,182
356,92
109,207
495,188
451,186
452,129
436,123
536,169
350,90
47,94
50,270
34,225
513,196
31,129
161,226
363,106
36,233
19,179
383,103
21,155
186,218
276,149
45,101
356,91
319,81
329,191
330,192
213,218
166,224
25,263
560,193
50,265
280,168
107,201
19,184
42,251
43,251
265,133
230,218
178,52
306,193
309,84
385,185
65,59
48,93
130,34
25,264
86,25
40,246
370,187
376,99
19,193
38,239
34,296
491,188
258,119
78,33
408,205
526,163
312,94
167,224
25,273
408,124
155,47
227,218
107,199
34,125
35,121
19,198
369,189
278,154
523,163
191,49
401,122
310,92
284,209
434,194
435,167
54,81
476,182
538,169
334,193
488,145
507,194
73,38
381,186
315,97
316,81
388,105
264,87
465,135
138,39
212,34
391,204
341,87
327,100
19,207
258,214
439,192
278,157
378,204
89,23
380,101
258,73
333,206
425,117
335,85
311,204
476,141
262,101
409,124
31,296
187,51
134,35
264,94
228,218
390,185
377,110
322,204
470,139
326,81
110,226
19,212
419,132
331,102
286,180
548,175
308,193
57,71
39,115
375,187
233,51
359,104
335,195
508,194
274,211
534,167
40,295
120,21
320,98
138,41
413,113
437,123
438,123
421,145
264,212
401,109
57,72
430,197
549,177
93,21
297,189
259,121
297,206
26,276
478,143
106,19
87,23
159,47
252,214
327,83
55,78
42,193
278,166
427,178
252,69
208,35
389,114
228,46
344,88
262,78
320,193
392,185
434,121
49,89
67,51
302,192
345,104
401,206
40,111
115,232
386,103
265,212
51,186
530,165
324,100
176,51
32,296
32,221
394,118
416,183
382,204
299,191
51,88
521,197
260,127
448,188
29,294
36,296
21,220
421,140
424,181
385,112
518,161
495,149
360,93
452,184
552,177
458,131
285,179
204,37
154,228
247,65
311,94
222,218
264,97
346,104
401,184
348,193
21,229
421,181
314,81
206,35
406,124
144,43
325,100
147,230
25,147
23,253
47,188
429,198
527,198
378,101
272,143
551,177
37,118
95,192
460,182
462,182
501,153
29,135
514,159
36,207
330,83
260,109
153,45
68,184
473,182
21,238
187,218
422,201
27,283
444,190
47,259
430,121
433,171
324,81
128,236
23,250
375,109
125,27
219,218
560,190
382,112
448,129
242,59
334,102
63,59
48,187
355,191
411,113
433,172
234,218
71,43
238,55
23,243
481,184
394,106
379,111
34,213
197,44
508,156
201,41
37,120
256,71
274,145
560,181
173,51
38,201
402,109
325,206
162,224
21,240
188,218
32,129
87,190
75,37
375,99
50,285
342,104
508,155
364,189
220,218
457,184
222,39
294,207
443,125
318,193
358,104
19,164
383,112
496,151
41,247
432,121
415,128
424,152
161,49
386,204
477,141
483,186
211,33
428,156
50,276
322,100
34,231
513,194
41,111
459,133
79,30
107,218
128,31
19,173
382,101
367,206
372,187
356,93
306,204
109,206
163,224
22,240
452,130
533,167
350,91
404,109
261,127
50,271
343,104
107,211
36,234
19,178
21,154
421,202
45,100
450,129
330,193
267,135
430,156
344,104
53,85
312,81
403,122
25,262
80,29
560,194
408,111
505,155
280,169
338,86
107,200
19,187
37,237
42,248
463,135
376,204
232,49
140,234
178,53
346,89
164,224
309,83
65,58
264,129
238,218
130,35
384,112
25,271
393,185
434,160
40,247
239,57
372,97
304,193
254,69
19,192
166,49
369,187
378,187
395,107
309,92
20,161
258,116
408,206
231,49
269,137
435,161
474,140
404,122
25,272
262,104
414,183
390,204
546,174
377,99
107,198
328,206
326,100
19,201
257,214
369,188
223,41
278,155
519,161
377,204
401,121
165,224
257,71
23,262
284,210
430,177
528,198
434,195
529,200
310,204
488,146
73,37
381,185
537,169
315,96
264,88
282,174
212,35
195,45
251,216
416,115
19,206
199,41
332,193
266,134
143,43
292,185
101,194
417,131
264,95
109,19
19,215
419,135
39,296
278,149
27,288
284,177
528,165
286,181
308,194
398,185
39,114
426,117
530,200
417,132
40,296
539,171
120,22
282,176
46,258
301,191
87,25
252,216
492,148
419,140
421,144
77,35
264,213
58,71
225,43
121,234
57,184
79,33
558,198
102,194
436,164
184,53
438,192
520,196
252,215
492,147
419,181
424,200
278,167
466,136
124,25
221,39
228,47
393,118
344,89
262,79
246,64
335,208
370,206
67,50
302,193
70,45
182,220
516,159
404,206
522,162
26,143
164,49
353,104
122,234
32,222
287,181
414,114
559,194
521,196
562,190
29,293
21,219
313,95
425,200
426,198
82,27
524,198
405,124
360,94
288,208
452,185
218,36
552,178
74,186
409,183
289,183
457,131
556,198
369,97
317,204
270,137
298,190
264,98
300,206
562,185
347,208
21,228
313,96
410,112
157,47
430,119
327,206
25,146
23,252
354,104
393,105
50,186
36,121
37,117
419,115
560,184
29,134
411,128
199,218
346,193
260,110
21,237
498,151
426,200
27,282
63,61
49,265
289,208
71,45
93,192
23,245
27,139
194,47
375,108
359,189
201,39
556,180
560,191
450,186
109,226
348,208
24,262
314,96
426,179
355,190
48,188
504,153
71,42
315,195
23,242
483,143
394,107
379,110
34,210
52,184
197,43
201,40
508,157
556,179
243,216
560,182
333,102
465,182
423,117
158,226
108,211
162,225
114,230
290,208
399,109
75,36
94,192
385,204
336,195
50,282
250,66
439,123
89,190
507,155
91,21
271,212
19,167
349,191
205,37
540,200
427,119
305,204
108,202
349,208
23,147
154,46
190,218
85,27
316,193
479,184
50,277
178,222
34,228
201,218
41,110
277,149
170,49
244,216
444,125
413,128
107,221
126,28
343,195
36,236
19,172
59,69
42,247
233,218
88,190
142,42
325,191
109,205
495,190
69,186
380,187
452,131
186,51
404,110
133,35
50,268
455,184
367,97
448,127
31,131
36,235
19,181
21,153
260,73
280,210
541,200
45,99
374,187
48,286
85,188
140,236
330,206
114,19
352,191
261,214
449,129
53,84
399,120
99,193
262,127
47,97
216,35
202,218
40,241
352,104
280,170
245,216
338,87
19,186
330,102
60,67
42,249
229,218
232,50
140,235
472,182
400,120
65,57
264,130
309,195
130,32
25,270
409,111
105,19
412,204
33,129
323,100
372,98
389,204
215,35
19,195
38,237
39,241
224,41
365,189
44,252
391,105
