232,57
77,324
116,158
62,374
197,96
364,10
240,56
98,186
151,339
65,419
107,383
102,182
68,354
395,18
257,213
255,214
314,17
43,437
209,272
181,303
165,112
251,219
186,297
80,289
371,41
261,202
118,152
123,370
14,455
74,338
240,54
76,255
71,272
277,44
78,322
351,85
281,169
319,124
218,65
389,14
228,58
265,48
89,399
269,179
181,305
290,24
76,246
10,449
173,115
107,172
148,343
80,287
100,389
173,313
245,54
215,265
71,414
328,115
183,303
186,113
43,408
80,232
178,307
223,255
295,151
320,123
72,342
363,63
66,364
325,119
149,116
262,189
195,289
91,397
74,335
111,381
130,137
149,342
135,359
247,226
142,122
253,215
270,47
111,164
118,373
66,359
231,245
92,202
75,332
19,459
367,49
80,230
376,39
357,75
70,351
58,383
154,337
209,76
233,243
88,213
197,285
381,12
143,349
219,260
371,10
286,33
126,367
146,345
297,150
64,364
163,112
233,244
395,37
200,90
36,416
93,198
206,80
175,117
250,54
286,40
397,27
93,396
347,10
95,194
165,325
274,44
187,297
356,10
122,149
175,312
31,455
361,65
258,52
131,363
24,431
104,178
204,85
333,108
82,227
82,300
65,364
337,105
179,305
188,110
192,105
355,80
230,58
328,14
134,129
74,283
207,80
322,16
180,118
343,95
259,52
26,457
64,369
45,433
82,295
139,353
288,31
247,223
187,295
74,258
241,232
132,361
317,126
310,135
97,391
299,146
48,402
193,289
72,280
313,18
22,433
192,103
255,52
313,131
97,190
381,41
38,416
213,267
344,11
185,298
47,432
162,327
345,93
313,132
259,192
12,453
308,137
96,190
349,89
323,121
129,365
365,57
148,116
100,186
84,220
302,143
108,170
223,60
87,214
76,325
263,188
393,37
140,124
196,97
267,185
359,72
51,430
107,384
70,276
343,99
78,244
79,238
84,219
72,269
112,164
385,13
388,14
136,127
356,77
211,271
33,422
289,28
205,277
208,76
389,41
140,123
231,58
293,24
151,341
318,16
244,54
172,315
50,398
68,356
358,10
127,140
327,115
257,211
80,308
232,58
290,157
78,409
260,207
261,199
177,309
267,183
378,40
54,390
129,138
98,187
397,35
320,16
68,355
395,21
257,212
276,173
261,191
156,112
43,436
289,159
272,177
203,277
293,155
281,167
261,201
118,153
300,20
74,339
238,237
76,248
240,55
196,287
379,41
147,345
78,323
278,171
281,168
138,355
157,112
261,50
181,304
291,157
290,25
76,247
194,102
270,179
382,41
295,153
173,114
370,45
29,457
215,264
234,243
183,302
68,417
80,233
117,156
221,259
226,251
227,251
178,118
35,451
72,343
363,62
282,40
230,247
359,10
325,118
92,204
309,135
329,115
353,85
195,288
303,20
74,332
111,380
387,41
316,129
245,229
337,12
291,24
130,134
149,341
155,335
135,358
321,123
232,245
331,14
283,163
235,241
92,203
221,62
81,289
21,434
42,412
80,231
190,108
120,371
138,126
357,74
70,348
58,380
228,249
212,72
213,70
88,214
53,429
175,309
309,137
112,379
225,60
154,112
192,291
286,38
312,18
297,149
64,365
20,434
210,74
395,36
235,239
200,91
36,417
150,116
152,339
61,423
206,81
175,116
86,401
397,26
127,367
93,395
39,414
350,10
298,20
82,306
191,291
32,424
165,324
274,45
78,318
187,296
122,146
31,454
361,64
364,59
131,362
24,432
332,12
155,112
216,66
179,118
204,86
333,107
82,224
82,301
337,104
188,111
192,106
392,39
391,17
341,12
16,440
222,257
242,54
310,18
275,44
82,405
121,150
14,444
369,10
64,370
82,292
32,422
86,216
145,349
378,10
74,259
94,198
116,375
26,430
317,125
205,82
299,149
72,281
108,383
350,87
354,10
213,266
344,12
74,413
129,363
147,116
185,297
108,172
56,425
96,192
259,195
139,124
12,454
96,191
349,88
323,120
305,18
70,274
143,120
129,364
365,56
39,443
78,242
152,112
84,221
105,176
108,171
59,425
78,285
207,273
351,10
355,79
216,263
18,440
346,93
76,326
267,184
196,98
378,39
144,120
18,459
40,441
123,146
379,12
70,277
199,281
343,98
78,245
251,54
323,14
72,270
327,117
256,213
385,12
260,50
211,270
205,276
208,77
317,16
83,405
177,307
31,424
60,374
151,340
317,129
214,70
311,18
369,47
153,112
50,399
68,357
70,415
75,413
94,395
59,423
257,210
115,377
80,309
163,325
261,198
62,372
177,308
267,182
378,41
144,118
54,391
169,114
49,431
142,351
397,34
256,52
102,180
395,20
76,284
261,190
265,187
285,40
128,365
58,425
261,207
289,158
330,14
293,154
294,24
251,221
52,429
220,62
76,283
114,162
109,168
386,14
371,43
261,200
209,271
74,336
76,249
243,229
170,114
189,295
101,389
147,344
383,12
78,320
351,87
186,116
158,331
361,10
291,156
19,438
40,412
248,223
46,406
295,152
177,118
341,101
252,219
29,456
91,204
38,414
353,83
233,56
80,234
79,409
67,417
88,399
221,258
227,250
35,450
72,344
76,256
282,41
66,362
325,117
346,10
329,114
353,84
159,329
91,399
74,333
315,16
245,228
190,106
137,126
70,346
273,177
130,135
155,334
321,122
88,208
141,122
142,120
81,407
120,150
231,247
235,240
368,10
278,44
266,185
128,138
367,51
24,459
190,109
357,73
358,73
70,349
164,325
58,381
20,436
212,73
52,392
53,428
56,384
143,351
309,136
150,114
283,40
174,116
12,444
286,39
64,366
121,371
191,293
20,435
210,75
89,208
90,206
307,137
383,41
102,387
200,92
36,418
113,379
61,422
124,144
397,25
127,366
20,459
242,231
298,21
82,230
69,417
165,323
78,319
198,94
122,147
304,18
236,239
38,445
332,13
153,339
195,287
216,67
14,442
72,413
44,406
82,225
82,298
179,307
391,16
16,441
90,208
145,347
74,281
171,315
101,182
49,400
37,447
82,293
139,355
32,423
103,178
96,393
86,217
145,348
58,384
74,256
220,259
299,148
100,182
125,367
287,32
64,419
307,18
241,231
117,375
318,125
213,265
39,445
140,353
87,401
193,102
109,383
110,168
76,328
96,193
259,194
208,80
12,455
196,100
349,87
63,419
70,275
365,55
39,442
167,321
78,243
152,113
296,151
84,222
72,264
59,424
80,312
260,52
355,78
76,327
374,41
196,99
60,376
223,257
62,421
72,271
327,116
331,113
260,51
360,10
205,275
208,78
62,370
83,404
60,375
98,190
317,128
106,174
161,329
369,46
277,173
99,389
281,42
102,178
85,218
50,396
68,358
75,412
257,209
115,376
80,310
300,145
373,10
73,281
315,129
62,373
389,16
144,119
236,56
54,388
169,113
189,110
215,68
362,63
397,33
136,128
102,181
33,453
202,90
76,285
331,111
261,189
265,186
303,141
181,118
349,10
61,374
261,206
339,12
268,48
289,157
203,279
293,153
251,220
220,63
336,105
28,457
185,116
366,53
260,191
170,317
371,42
85,403
290,28
74,337
76,250
51,396
225,255
189,294
101,388
203,86
77,411
78,321
351,86
35,420
40,413
244,229
194,100
375,39
268,181
347,91
341,100
363,59
29,455
38,415
353,82
285,163
273,46
77,246
80,235
79,408
249,223
70,352
221,257
253,219
72,345
95,393
66,363
329,113
91,398
274,175
367,53
44,435
245,227
190,107
158,112
70,347
273,176
321,121
88,209
142,121
81,406
120,151
283,165
393,18
231,246
306,139
235,243
253,54
325,14
128,139
224,255
42,410
131,134
367,50
119,152
138,124
20,437
212,74
52,393
53,427
56,385
119,371
175,311
143,350
36,420
150,115
12,445
286,36
397,31
332,111
25,459
81,230
64,367
191,292
266,48
159,112
254,54
167,319
304,141
90,207
146,118
36,419
113,378
61,421
175,118
124,145
397,24
44,408
82,304
69,416
165,322
78,316
135,128
338,12
144,349
198,95
55,425
190,293
304,19
15,442
201,90
240,235
311,133
332,14
153,338
216,68
14,443
21,459
22,459
222,62
44,407
27,457
82,299
179,306
132,132
301,145
30,426
16,442
145,346
199,92
334,107
134,132
16,457
74,262
237,239
238,56
184,116
37,446
23,432
226,60
82,290
337,103
139,354
47,431
363,10
133,359
339,101
11,448
74,257
202,279
94,196
26,428
280,42
126,142
372,10
100,183
57,425
53,392
110,166
335,105
396,35
74,264
117,374
63,421
75,283
37,416
275,173
39,444
34,422
87,400
288,32
348,10
279,169
288,159
109,382
76,329
41,441
96,194
259,197
133,361
12,448
103,385
342,12
292,155
70,272
271,177
365,54
276,44
167,320
78,240
152,114
352,85
84,223
247,54
72,265
73,413
169,319
80,313
207,275
227,58
264,48
18,438
13,455
359,69
37,449
60,377
223,256
199,283
130,363
331,112
208,79
62,371
211,74
122,371
106,175
214,68
161,328
369,45
277,172
102,179
50,397
33,451
80,311
217,66
163,327
272,46
255,213
314,18
54,389
42,437
169,112
397,32
33,452
395,22
218,261
265,185
79,287
261,205
123,369
76,252
390,41
203,278
392,18
48,431
340,101
305,141
380,12
71,279
114,160
252,54
324,14
218,66
371,45
118,156
264,187
374,10
85,402
76,251
243,231
375,41
225,254
189,293
10,450
101,387
246,227
77,410
71,413
186,114
40,414
239,235
46,404
194,101
200,281
355,10
319,16
341,99
286,161
182,118
297,22
353,81
285,162
15,457
80,236
249,222
67,419
182,303
130,138
247,225
253,218
72,346
66,360
321,16
77,285
159,331
367,52
88,210
81,405
334,12
119,373
120,152
283,164
235,242
92,198
219,259
286,34
128,140
42,411
138,125
301,20
195,100
90,399
20,438
391,39
52,394
56,386
295,22
212,269
175,310
80,407
12,446
286,37
397,30
25,458
262,50
375,10
90,204
307,139
122,150
29,426
184,301
113,377
99,186
124,146
397,23
333,111
82,228
82,305
87,399
92,397
165,321
114,158
168,112
78,317
150,341
198,92
134,130
67,358
304,20
361,69
368,49
153,337
246,54
97,393
279,44
82,296
288,28
162,112
132,133
301,144
377,39
391,18
145,345
292,24
259,209
16,458
198,285
74,263
237,238
94,194
241,235
171,317
184,117
37,445
299,145
82,291
22,434
366,10
11,451
94,197
26,429
280,43
126,143
166,321
338,103
86,214
110,167
41,439
117,373
63,420
217,263
78,238
330,113
263,50
109,381
76,330
41,440
259,196
133,360
157,333
322,121
51,429
160,329
70,273
199,285
365,53
78,241
333,12
72,266
326,117
169,318
80,314
207,274
264,49
18,439
327,14
386,41
17,440
54,392
37,448
60,378
188,295
199,282
32,453
202,86
370,10
98,391
254,215
116,156
98,188
106,172
214,69
277,171
99,391
68,352
125,369
296,22
160,112
163,326
43,435
315,131
336,12
367,10
250,221
305,139
202,88
137,357
229,247
303,143
261,204
118,154
145,118
74,340
76,253
394,37
305,140
69,352
306,18
114,161
258,209
224,60
161,112
113,162
371,44
85,401
14,456
269,181
290,26
239,237
243,230
46,402
375,40
294,22
225,253
10,451
77,409
173,315
229,249
319,123
183,301
186,115
81,306
46,405
110,381
347,93
28,426
174,313
72,340
363,61
249,54
285,161
384,41
80,237
249,221
67,418
340,12
135,357
247,224
212,70
253,217
309,18
257,52
95,395
66,361
104,385
92,200
322,14
159,330
344,95
357,77
348,91
391,41
377,10
88,211
52,396
197,287
270,48
73,340
119,372
283,167
92,199
115,158
286,35
42,408
372,41
273,175
395,35
52,395
56,387
353,10
206,82
12,447
126,144
397,29
25,457
46,433
362,10
254,52
274,46
155,337
47,402
90,205
307,138
201,281
146,116
31,453
361,67
131,361
104,176
287,161
397,22
206,275
333,110
82,229
82,302
234,56
114,159
198,93
55,427
134,131
106,385
361,68
271,46
311,135
384,12
204,82
97,392
222,60
82,297
45,435
288,29
326,14
219,64
132,134
316,16
301,143
30,424
259,208
171,114
16,459
74,260
237,237
94,195
241,234
171,316
184,118
387,14
226,58
48,400
193,291
187,112
298,149
339,103
243,54
280,44
213,269
342,99
126,140
23,459
284,40
220,64
86,215
345,95
110,164
76,332
41,438
79,316
172,114
335,107
361,63
36,449
349,91
106,176
323,119
217,262
365,59
185,301
275,175
25,430
78,239
100,184
83,224
34,420
125,144
108,168
78,286
188,112
279,171
76,331
191,106
393,39
103,387
60,380
157,332
379,11
70,278
199,284
271,179
343,97
369,49
78,246
280,169
72,267
112,162
259,191
80,315
169,317
299,20
264,50
84,403
211,269
180,305
55,388
260,198
263,187
359,71
60,379
141,353
76,411
27,428
84,224
50,400
214,265
202,87
80,306
151,114
232,56
116,157
66,419
267,181
98,189
106,173
75,256
99,390
282,167
248,54
68,353
395,19
125,368
345,10
114,377
137,355
194,289
284,163
255,215
314,16
315,130
209,273
314,131
161,327
343,12
308,18
208,273
202,89
80,288
137,356
302,20
303,142
261,203
118,155
123,371
76,254
376,10
225,251
34,451
147,343
319,125
218,64
73,264
312,133
41,412
389,15
14,457
269,180
290,27
291,155
239,236
79,407
46,403
294,23
352,10
225,252
10,448
173,116
28,428
78,324
173,314
229,248
324,119
71,415
186,112
60,423
347,92
365,10
133,132
227,249
28,427
50,431
35,449
72,341
363,60
282,42
215,263
396,22
74,334
80,238
136,357
390,16
237,56
130,136
149,343
155,333
247,227
212,71
253,216
270,46
95,394
66,358
92,201
322,15
141,351
111,379
190,110
210,271
357,76
269,48
70,350
57,384
58,382
241,54
391,40
88,212
197,286
283,166
13,444
219,261
354,81
286,32
42,409
297,151
229,58
210,76
63,370
233,245
380,41
198,96
56,388
201,279
30,455
360,69
397,28
127,365
93,397
298,22
71,346
254,53
155,336
201,280
146,117
166,112
122,148
175,313
361,66
24,430
104,177
287,160
204,84
333,109
82,226
82,303
385,41
192,104
355,81
55,426
134,128
74,282
54,427
311,134
335,12
105,385
168,319
204,83
222,61
64,368
45,434
82,294
288,30
72,272
204,277
388,41
30,425
86,218
167,112
74,261
241,233
317,127
394,18
226,59
299,147
82,289
48,401
193,290
69,415
72,279
183,118
22,432
192,102
373,41
176,309
235,56
339,102
17,459
156,333
213,268
287,159
126,141
344,10
185,299
47,433
267,48
345,94
110,165
41,437
313,133
259,193
335,106
176,118
12,452
59,380
349,90
357,10
217,261
365,58
185,300
39,441
275,174
100,185
34,421
108,169
78,287
279,170
355,77
76,324
259,198
263,189
393,38
12,451
103,386
196,96
359,73
329,14
157,331
51,431
379,10
107,385
70,279
343,96
271,178
369,48
45,406
84,218
124,369
72,268
112,163
385,14
80,316
136,126
259,207
134,359
83,403
140,122
359,70
164,112
294,153
141,352
382,12
239,56
75,411
115,375
80,307
