109,184
58,416
41,424
60,412
96,211
366,36
134,350
238,226
165,119
294,144
99,207
119,165
130,353
369,34
355,19
250,208
88,235
52,420
252,204
89,227
107,185
33,433
289,47
55,405
260,181
79,275
64,387
264,176
371,32
240,63
40,428
89,302
164,312
83,255
193,280
340,89
52,419
252,203
89,228
256,184
157,120
128,354
113,175
43,426
64,410
158,322
89,390
81,343
89,311
222,245
205,99
133,145
136,139
83,337
174,301
305,130
252,194
87,240
143,130
240,222
43,419
61,395
142,131
354,61
337,19
88,390
362,45
221,246
154,324
209,89
178,126
277,53
265,57
88,286
215,254
344,83
218,251
312,124
129,151
293,38
315,25
82,337
390,30
337,20
195,114
51,409
71,369
315,118
85,250
77,400
80,278
245,63
86,284
77,353
19,450
166,311
24,450
95,215
65,384
120,363
376,32
140,342
178,298
343,19
182,290
320,114
258,184
295,29
80,269
249,61
216,253
36,434
149,125
262,180
68,406
126,356
293,40
85,283
135,348
360,48
380,19
309,25
212,257
194,276
286,150
324,109
328,104
184,290
303,27
20,450
224,243
206,263
159,119
274,53
135,142
199,109
79,349
67,381
112,369
371,19
63,388
266,173
195,276
72,404
146,336
168,306
179,296
273,166
57,401
228,238
282,156
232,233
30,444
199,106
111,179
79,346
278,51
84,329
85,325
332,98
104,193
87,392
254,61
83,256
162,314
144,337
56,403
203,100
236,228
342,87
75,360
385,33
294,37
187,125
279,158
246,215
55,418
353,19
356,56
191,121
198,272
236,227
364,40
188,286
81,263
318,116
216,79
343,84
352,68
125,156
263,57
247,212
301,134
360,19
180,294
56,417
310,124
77,351
283,154
31,434
364,39
292,145
368,34
121,161
160,318
75,358
244,217
337,92
45,419
302,132
287,47
188,123
388,24
108,373
327,21
255,61
132,351
87,319
37,428
23,450
141,132
91,300
73,361
58,415
295,37
78,399
389,32
317,24
250,207
358,19
252,191
326,104
87,239
91,293
115,171
295,34
133,350
145,128
202,268
99,201
39,430
230,65
34,436
156,121
91,225
109,183
366,37
60,413
79,277
197,111
242,222
99,206
123,161
296,138
250,209
252,205
327,104
348,19
33,432
35,436
290,148
289,46
55,404
97,211
260,182
79,274
300,29
211,87
267,172
40,429
101,199
214,83
89,301
164,313
83,331
83,254
320,23
248,63
103,195
340,90
252,196
89,235
256,185
114,366
118,366
157,119
217,79
128,355
314,25
353,66
64,411
339,19
272,168
81,342
89,310
270,168
308,27
205,98
133,144
83,336
85,247
252,195
87,243
253,188
240,223
61,394
273,55
131,145
189,123
101,201
376,19
88,391
362,42
215,81
225,242
154,325
319,23
358,54
178,127
277,52
278,162
227,67
354,66
261,59
344,84
218,248
272,166
129,150
293,37
42,426
390,31
139,342
71,368
150,330
85,249
336,92
71,406
36,436
77,352
61,412
262,178
95,214
120,364
182,291
226,242
280,156
50,420
284,152
175,300
216,254
36,435
149,124
386,21
374,19
68,407
126,357
222,71
44,424
85,282
194,115
155,324
355,60
30,435
360,49
270,55
79,343
66,383
212,258
194,277
286,151
324,110
224,244
387,23
210,260
57,399
30,442
199,108
111,181
79,348
67,380
231,234
329,102
112,370
332,21
63,391
87,285
72,405
312,25
168,307
332,100
57,400
228,239
47,415
30,445
232,234
304,130
111,178
242,63
334,98
134,143
85,324
175,125
332,99
59,397
83,259
162,315
144,338
363,19
203,103
339,90
236,229
240,224
81,269
318,114
342,84
179,127
37,432
243,218
385,32
187,124
137,346
246,212
345,82
356,57
191,120
198,273
364,41
38,430
275,53
81,262
82,396
74,402
185,288
352,69
124,358
125,155
180,295
56,418
310,125
77,350
292,146
368,35
244,218
45,418
247,63
302,133
291,43
388,25
138,346
108,374
72,367
346,82
223,71
31,442
123,157
87,318
344,19
37,427
147,125
338,90
127,153
151,121
288,148
141,131
97,207
295,36
317,23
122,362
123,360
87,311
330,21
326,105
94,384
330,100
87,238
324,23
91,292
110,181
79,271
361,46
202,269
350,72
157,322
89,290
142,340
256,61
39,425
189,284
82,259
139,133
34,437
285,47
91,224
109,182
60,414
79,276
134,348
197,110
342,19
181,292
236,63
238,224
119,167
123,160
296,139
153,121
103,197
252,206
161,316
70,406
107,187
75,402
278,158
252,61
289,45
97,210
211,86
40,430
101,198
379,19
107,374
164,314
83,330
103,194
252,197
89,234
256,186
114,367
300,134
302,27
217,78
128,356
64,412
84,282
158,320
239,224
81,341
89,309
270,169
200,272
205,97
85,246
177,125
90,227
148,330
119,364
87,242
43,421
61,393
273,54
367,36
189,122
101,200
88,392
362,43
215,80
348,74
358,55
277,51
265,174
86,394
269,170
218,249
272,167
19,447
129,149
42,427
390,28
51,411
71,371
85,248
336,93
368,19
262,179
264,174
301,29
178,296
268,170
90,390
295,142
280,157
210,89
50,421
197,274
258,182
295,31
284,153
149,123
150,123
152,326
91,388
96,382
44,425
121,362
360,50
307,128
383,32
30,443
111,180
67,383
304,27
258,59
80,396
63,390
87,284
72,406
146,334
168,308
282,154
304,131
166,119
93,221
81,267
49,415
85,323
357,19
322,23
205,95
183,125
59,396
83,258
203,102
29,446
236,230
81,268
318,115
322,110
342,85
124,360
246,213
360,46
313,120
314,118
356,58
29,439
364,42
38,431
117,366
171,304
81,261
207,91
213,256
180,127
74,403
75,355
347,19
352,70
45,424
124,359
112,177
96,384
263,59
254,188
77,349
237,226
368,36
151,328
333,21
45,417
288,47
291,42
313,25
83,281
91,297
327,23
314,120
223,70
307,27
381,32
117,171
87,313
384,21
338,91
192,119
288,149
73,367
88,311
87,321
350,70
142,338
148,125
25,443
69,375
94,385
330,101
298,138
91,295
115,173
98,207
386,34
79,270
374,32
350,73
99,203
89,289
215,79
284,49
251,206
261,180
303,132
91,227
109,181
134,349
268,57
197,109
145,127
238,225
242,220
119,166
323,110
293,144
296,140
244,63
27,441
281,51
83,251
103,196
69,377
107,186
278,159
300,136
373,19
33,438
290,146
97,209
170,306
389,25
211,89
85,394
294,142
81,339
100,201
248,210
101,197
196,274
89,307
83,333
252,198
89,233
148,332
331,100
118,364
300,135
217,77
181,127
158,321
221,73
81,340
89,308
110,372
348,76
203,268
205,96
27,439
85,245
148,331
336,96
28,448
185,125
43,420
61,392
102,380
273,53
312,120
166,312
131,147
170,122
189,121
190,121
390,26
379,32
215,83
71,373
348,75
358,52
178,125
257,61
95,384
278,160
35,429
241,222
354,64
387,34
390,29
51,410
268,172
362,19
71,370
149,330
150,328
370,34
336,94
262,176
264,175
66,410
253,61
372,32
46,417
301,28
178,297
268,171
226,240
280,158
28,446
53,418
328,21
165,312
258,183
295,30
228,67
282,49
194,280
230,236
284,154
91,221
152,327
274,166
96,383
95,217
25,450
44,426
46,424
352,19
360,51
198,109
146,127
78,349
67,377
306,130
81,280
68,408
159,318
141,340
206,266
210,258
135,139
120,165
67,382
80,397
154,121
174,124
286,47
342,88
146,335
128,153
21,450
168,309
26,450
62,412
219,73
282,155
246,216
304,132
334,96
171,123
235,230
93,220
310,25
81,266
49,414
85,322
93,386
23,443
298,29
62,391
59,399
47,422
377,32
356,60
225,69
81,259
207,93
322,111
74,361
22,450
333,98
32,440
92,386
57,416
22,445
138,342
360,47
341,19
254,186
201,270
346,78
314,119
335,96
356,59
29,438
81,260
82,394
382,20
275,164
137,139
34,431
263,58
378,19
317,116
192,280
271,168
229,67
32,438
73,404
291,45
299,29
83,280
84,394
138,344
211,258
180,296
91,296
346,80
327,22
117,170
123,159
106,189
106,374
87,312
129,354
147,127
139,137
50,411
127,155
151,123
288,150
73,366
98,382
122,360
87,320
350,71
26,441
142,339
239,63
152,121
25,442
105,191
69,374
193,119
91,294
272,55
115,172
99,202
318,23
357,56
106,376
89,288
199,272
76,400
130,354
39,427
139,135
260,59
91,226
113,177
41,428
79,278
177,298
201,105
255,186
40,425
242,221
196,276
257,184
296,141
27,440
281,50
69,376
252,200
89,231
107,189
138,137
217,75
290,147
97,208
211,88
294,143
169,121
81,338
248,211
49,422
196,275
89,306
110,370
222,246
83,332
174,302
252,199
89,232
148,333
385,21
118,365
217,76
143,129
101,380
102,378
214,254
129,153
221,72
42,423
354,62
390,32
191,282
362,46
365,19
348,77
48,422
85,244
257,59
190,284
158,318
182,127
76,355
43,423
61,391
218,252
308,126
312,121
131,146
170,123
390,27
195,113
215,82
71,372
208,260
358,53
257,60
331,21
278,161
285,49
186,125
354,65
86,392
19,449
65,387
269,57
241,63
150,329
316,116
133,143
336,95
173,302
229,236
230,234
262,177
95,211
46,422
301,27
90,388
226,241
28,447
104,376
346,19
152,328
21,447
95,216
262,59
200,270
135,141
360,52
92,221
266,174
210,259
105,376
199,105
79,345
80,398
246,63
174,125
87,286
168,310
23,445
388,32
213,85
203,99
167,121
334,97
191,119
93,219
225,67
206,95
81,265
49,413
85,321
250,61
92,388
183,127
59,398
351,19
47,417
235,65
281,156
381,19
329,21
349,74
225,68
207,92
283,49
285,152
100,380
48,415
32,441
323,23
108,185
92,387
138,343
267,57
254,187
346,79
176,125
29,437
31,433
117,167
82,395
382,21
75,357
137,138
176,298
235,63
53,407
208,91
118,167
86,321
192,281
121,165
51,420
229,66
32,439
251,61
125,358
291,44
138,345
91,299
346,81
97,382
117,169
123,158
106,375
87,315
147,126
311,25
139,136
252,188
127,154
186,286
370,19
151,122
53,409
73,365
60,395
295,33
122,361
136,346
322,112
277,162
25,441
68,377
69,373
105,190
326,108
383,21
298,136
193,118
87,235
366,38
115,175
336,21
361,19
201,103
99,205
76,401
39,426
139,134
250,210
114,175
186,288
276,162
113,176
205,266
79,273
233,65
201,104
242,218
296,142
172,302
281,49
83,253
252,201
89,230
107,188
306,27
296,29
160,119
292,41
170,304
367,19
81,337
248,212
89,305
110,371
83,335
358,56
252,192
148,334
190,282
319,114
102,379
214,255
217,252
289,148
129,152
221,71
354,63
348,78
223,244
154,326
209,91
84,251
85,243
158,319
43,422
308,127
312,122
131,149
195,112
208,261
90,290
285,48
35,431
77,355
349,19
86,393
19,448
95,213
65,386
140,340
269,56
316,117
320,112
90,301
370,32
351,70
356,19
321,23
230,235
249,63
234,230
36,432
386,22
66,408
126,358
384,32
46,423
90,389
104,377
309,27
202,103
194,278
91,223
328,102
184,288
231,65
124,157
220,246
274,164
21,446
200,271
135,140
28,439
321,112
377,19
166,120
187,286
67,379
359,52
234,232
306,128
131,352
153,326
174,123
206,264
44,419
89,287
163,119
57,403
228,236
338,19
30,446
111,177
79,344
36,429
81,279
63,387
49,411
85,327
126,155
23,444
26,448
266,57
326,23
219,75
167,310
388,33
316,25
213,84
52,409
162,316
116,171
93,218
38,432
132,352
81,264
49,412
99,380
183,126
187,123
47,416
144,129
235,64
198,274
271,55
38,427
24,443
188,284
207,95
85,329
382,19
352,66
259,59
27,448
32,442
105,193
220,73
207,262
388,23
180,292
310,126
58,399
172,123
29,436
308,128
121,163
160,316
75,356
184,125
137,137
302,134
32,433
204,266
176,299
53,406
163,314
243,63
280,51
192,282
121,164
87,317
372,19
229,65
259,182
83,282
33,431
91,298
73,363
117,168
156,322
87,314
279,51
252,189
326,106
186,287
87,237
91,291
53,408
73,364
295,32
78,400
98,380
200,105
164,119
202,270
136,347
276,53
105,189
34,438
276,164
298,137
264,57
193,117
109,185
41,425
115,174
263,176
99,204
354,19
365,38
76,402
130,352
172,304
214,256
276,163
86,243
260,180
79,272
211,85
242,219
89,303
204,99
172,303
83,329
83,252
340,88
103,193
52,418
89,229
252,202
345,19
147,334
114,368
157,121
55,403
170,305
291,146
79,398
89,304
270,170
382,32
347,78
311,124
222,244
83,334
173,123
174,300
252,193
190,283
87,241
161,119
143,131
325,23
54,405
354,60
249,210
362,44
70,373
224,69
227,240
209,90
341,88
140,133
359,19
218,75
209,260
344,82
218,250
219,248
312,123
293,39
131,148
42,428
170,121
337,21
390,25
375,32
195,115
237,63
208,262
85,251
35,430
77,354
290,45
111,370
166,310
95,212
350,19
65,385
120,362
102,197
140,341
269,55
71,367
316,118
228,240
320,113
50,422
370,33
249,62
103,378
216,252
234,231
36,433
183,290
386,23
297,29
66,409
220,248
293,41
65,410
85,284
158,119
182,292
104,378
363,42
309,26
212,256
194,279
324,108
143,338
91,222
184,289
328,103
63,412
127,356
220,247
274,165
21,445
224,242
206,262
340,19
135,143
212,85
166,121
81,396
334,21
67,378
286,152
306,129
112,368
63,389
155,121
266,172
206,265
67,408
195,111
89,286
57,402
20,447
130,149
132,145
228,237
232,232
234,65
380,32
199,107
79,347
325,108
81,278
85,326
369,19
26,449
162,119
219,74
59,395
388,34
83,257
213,83
144,336
203,101
93,217
113,368
94,217
116,366
342,86
75,361
297,138
69,406
385,34
168,121
373,32
246,214
233,232
309,126
236,226
54,418
238,63
188,285
207,94
335,21
85,328
287,150
74,404
352,67
65,383
375,19
105,192
125,157
204,268
80,343
180,293
145,336
56,416
122,161
29,435
31,435
364,38
292,144
226,67
121,162
305,27
160,317
75,359
244,216
299,136
82,280
291,41
59,414
204,267
169,306
176,300
108,372
53,405
366,19
223,69
132,350
156,324
87,316
37,429
338,92
141,133
91,301
73,362
58,414
78,398
317,25
83,394
156,323
245,216
250,206
252,190
326,107
94,386
330,102
115,366
193,115
87,236
109,372
91,290
41,423
295,35
98,381
79,269
232,65
378,32
196,111
145,129
364,19
350,74
136,348
193,116
