63,102
79,56
114,140
166,8
10,170
93,158
20,162
73,72
224,15
5,178
46,135
94,157
228,13
47,134
241,35
60,174
188,91
17,165
7,174
92,36
137,91
220,17
209,92
26,157
48,130
173,8
178,85
243,33
49,177
157,69
71,78
249,24
61,107
44,138
171,79
135,93
6,176
126,109
241,36
29,188
53,175
113,136
33,185
216,18
133,7
92,35
106,149
192,11
93,34
87,44
41,179
24,158
198,11
203,92
62,104
69,83
120,120
100,24
124,13
28,154
70,81
131,100
223,63
125,112
227,56
219,78
176,9
83,49
72,74
185,89
85,164
163,73
199,92
43,178
90,38
95,31
51,126
215,89
162,71
145,5
56,115
81,166
94,32
41,180
241,9
104,150
82,165
97,155
42,179
120,16
67,94
153,69
80,54
141,81
17,195
191,91
207,93
224,62
121,119
156,69
126,12
208,17
213,20
217,81
21,160
235,11
119,124
188,10
233,47
141,5
102,21
189,11
234,44
210,20
19,162
73,69
236,42
221,69
68,171
254,13
69,170
134,6
215,86
104,20
183,9
97,156
92,160
110,14
58,112
143,78
98,155
172,8
80,166
182,88
121,120
75,169
101,152
37,147
68,87
77,60
102,151
248,24
236,11
31,153
99,154
204,92
237,10
114,138
124,114
5,176
240,36
231,50
75,64
13,167
63,173
230,13
91,37
137,89
39,180
214,89
106,17
48,132
152,69
39,146
45,178
137,5
52,176
130,103
145,69
162,7
114,133
128,10
112,143
6,182
219,75
228,54
250,7
84,164
113,142
103,151
125,111
223,65
242,33
142,80
15,194
117,128
205,14
244,31
35,149
245,30
96,30
22,193
67,91
191,92
25,157
98,28
20,195
168,76
199,12
212,20
120,122
49,130
126,11
187,10
170,78
118,125
131,102
29,153
115,129
252,18
174,81
103,21
41,142
72,76
113,135
42,141
18,164
89,39
72,169
252,8
41,144
79,167
218,17
24,193
56,117
45,138
107,147
189,91
91,160
140,85
190,91
53,122
54,120
197,11
171,8
105,149
81,53
233,11
64,100
82,50
128,105
186,10
239,37
47,177
183,89
50,128
127,11
164,7
209,18
218,79
226,58
238,10
220,73
5,181
55,175
89,161
50,127
94,158
89,40
47,133
207,16
226,14
237,41
16,165
165,74
7,173
32,152
231,13
36,182
111,144
181,88
216,84
233,12
65,99
234,11
51,176
71,77
66,97
56,174
14,193
40,145
114,136
175,83
101,23
43,140
227,14
9,187
28,190
90,161
8,172
32,185
126,110
34,149
75,66
173,80
116,128
142,79
138,87
13,191
221,16
12,168
86,163
95,156
18,195
166,75
57,115
66,94
65,100
160,7
108,146
154,69
218,81
68,88
60,109
69,86
99,26
165,8
169,77
70,82
114,131
248,7
144,73
227,55
219,77
127,109
10,187
129,9
203,14
136,92
229,53
251,8
84,47
156,7
8,185
85,46
110,145
74,69
144,5
187,90
86,45
33,151
51,125
162,72
240,9
245,28
139,86
7,185
87,163
244,7
179,86
67,93
108,16
97,29
247,26
98,26
122,15
185,10
123,14
225,58
49,128
134,94
140,5
190,11
129,104
125,12
195,92
115,131
23,193
102,22
148,69
222,68
232,49
6,175
133,98
113,14
235,44
113,133
253,17
119,16
206,16
130,9
213,91
221,72
254,14
118,15
138,89
253,11
182,9
52,124
254,16
45,136
108,15
143,77
180,87
232,12
55,118
70,170
21,194
26,191
64,102
117,126
128,107
76,62
27,190
239,39
226,56
30,153
144,71
191,11
99,153
63,103
220,75
79,57
146,69
93,159
20,161
153,6
31,186
5,179
46,134
225,15
230,52
161,70
231,49
60,173
158,7
52,123
209,93
214,90
66,171
26,156
143,74
106,18
77,167
246,7
39,145
149,6
173,9
175,9
200,92
136,5
178,84
216,86
247,6
71,79
59,110
164,8
130,104
100,153
34,185
196,92
29,189
242,34
54,175
38,181
15,193
106,148
210,92
93,35
193,11
107,16
22,194
57,113
50,176
68,90
69,84
158,69
70,80
118,126
131,101
125,113
122,117
251,20
222,67
202,13
174,82
155,6
72,73
185,90
42,142
23,160
57,174
206,15
74,67
43,179
218,18
51,127
87,42
146,5
11,188
194,11
201,92
12,191
80,53
141,82
151,6
224,61
46,177
159,70
217,82
21,161
132,100
78,59
184,89
15,166
9,171
19,163
133,96
116,15
197,92
73,70
88,42
236,41
84,48
35,184
221,70
230,51
112,144
254,12
69,171
253,9
83,164
215,87
104,19
105,18
167,75
242,8
143,79
98,154
38,147
75,63
101,153
77,61
119,122
66,98
132,99
236,10
249,22
9,172
114,141
250,21
10,171
124,113
186,90
5,177
44,140
228,14
40,180
241,34
181,9
34,150
75,65
13,168
17,164
137,90
170,8
11,170
39,181
54,119
147,6
48,131
71,170
243,32
49,176
202,92
138,5
130,102
123,116
99,25
145,70
25,191
61,106
114,132
134,96
44,139
171,78
135,92
172,80
228,53
10,188
113,143
203,13
92,159
132,7
216,19
204,14
133,6
198,92
217,18
110,146
205,15
244,30
93,33
139,85
246,28
96,29
24,159
74,169
58,111
179,85
247,25
25,158
20,194
62,105
181,87
223,16
123,13
120,121
100,25
205,93
28,155
118,124
223,62
29,154
13,192
201,12
172,79
211,92
79,55
235,43
41,143
83,48
72,75
114,14
85,163
163,72
160,70
254,11
90,39
95,30
24,192
215,88
62,173
56,116
48,177
81,165
94,33
140,84
241,8
243,8
11,190
53,123
167,76
105,150
80,55
17,194
55,117
36,148
121,118
208,18
232,47
213,19
209,19
218,78
233,46
78,57
234,45
189,10
115,14
220,72
30,188
53,176
236,43
89,162
154,6
89,41
207,17
151,69
169,8
67,171
140,83
110,15
66,172
58,113
143,73
111,14
176,83
27,156
174,9
111,145
36,147
75,168
59,109
77,59
66,96
214,19
248,25
31,152
14,192
210,19
239,9
204,93
40,144
114,139
124,115
43,141
240,37
59,174
28,189
90,160
229,13
63,172
173,81
25,192
212,92
91,36
88,162
38,182
221,17
95,157
246,27
166,74
223,15
222,16
161,7
218,80
60,108
69,87
192,92
215,19
63,104
169,78
142,5
200,12
248,6
122,118
144,72
251,19
150,69
147,69
249,7
135,94
228,55
6,183
129,10
103,150
136,91
223,64
212,91
243,31
142,81
58,174
85,47
74,68
157,7
187,91
86,44
35,148
195,11
245,29
139,87
61,173
247,27
67,90
245,7
184,10
206,93
81,51
122,14
168,77
60,107
46,178
159,69
49,129
225,59
102,152
129,105
125,13
112,14
232,48
252,19
6,174
30,187
127,107
83,50
103,20
113,134
177,9
65,172
132,8
179,9
35,183
130,8
253,18
78,167
72,170
252,9
138,88
79,166
168,8
119,15
45,137
7,183
196,11
53,121
54,121
180,86
109,15
55,119
81,52
26,190
64,101
82,51
117,127
128,106
76,61
163,7
193,92
225,60
70,79
183,88
127,10
144,70
152,6
220,74
114,142
250,22
31,187
5,180
251,7
180,9
178,9
161,71
47,132
226,15
237,40
132,98
134,5
16,166
165,73
159,7
183,10
231,12
11,169
147,5
143,75
36,183
148,6
77,168
155,69
37,182
246,6
216,85
238,40
96,156
65,98
71,76
59,111
123,115
56,175
114,137
175,82
101,22
34,184
143,5
167,8
46,136
9,186
8,173
32,186
126,111
116,129
208,93
91,38
12,169
107,17
57,114
66,95
14,167
16,194
108,147
62,106
68,89
69,85
109,146
70,83
122,116
194,92
251,21
222,66
219,76
202,12
6,181
64,172
127,108
131,8
155,7
72,72
229,52
149,69
223,66
8,186
32,151
74,66
85,45
33,150
23,159
164,73
87,43
243,7
7,184
87,162
11,189
67,92
12,190
97,28
141,83
121,15
150,6
198,12
98,27
211,20
224,60
177,83
139,5
217,83
134,95
101,24
115,130
78,58
234,46
15,167
222,69
133,97
116,14
253,16
73,71
88,41
117,15
18,163
213,90
221,71
230,50
254,15
253,10
73,169
83,165
52,125
44,178
135,5
107,148
219,17
105,19
95,32
76,168
143,76
121,16
38,146
27,155
238,39
177,84
76,63
239,38
19,195
217,84
226,57
119,123
238,9
22,160
249,23
