143,183
385,176
336,23
375,174
267,180
471,76
271,19
213,288
345,152
95,283
250,208
220,37
183,83
349,156
21,367
97,278
403,178
79,354
135,204
103,344
108,344
337,144
161,326
458,93
422,47
68,361
53,321
204,294
300,132
193,70
249,33
161,125
248,214
100,271
394,178
251,208
305,130
90,350
365,168
402,178
422,177
194,304
109,344
254,206
492,45
496,40
408,36
84,295
339,25
446,113
450,108
196,67
475,28
210,291
280,141
217,41
455,35
234,242
73,304
262,186
121,233
159,326
181,314
290,19
202,298
124,225
268,177
127,217
75,303
280,148
284,17
488,23
252,208
380,29
452,37
218,285
330,140
66,364
230,246
35,337
255,202
496,38
386,29
225,35
98,275
81,297
118,237
262,189
374,27
50,325
416,178
253,32
339,148
363,167
415,43
352,25
189,308
137,201
173,101
232,244
17,355
109,253
424,176
46,380
321,21
275,17
209,51
500,25
191,306
328,138
39,382
187,81
282,138
155,136
17,356
93,348
115,243
190,308
101,268
234,239
19,355
224,260
50,375
197,63
472,29
64,364
486,23
164,322
441,41
424,47
353,159
48,325
343,150
36,337
222,278
295,19
393,31
105,261
145,177
181,88
56,372
19,360
346,25
460,33
434,145
490,50
201,61
60,315
387,29
468,80
469,78
163,121
241,39
69,308
363,27
257,29
114,245
222,281
166,113
494,41
191,75
145,170
236,237
240,232
457,35
243,37
261,25
192,304
31,340
214,43
286,19
242,224
65,364
234,38
246,220
103,264
424,172
462,89
355,161
184,311
131,336
99,273
220,266
486,56
256,200
282,17
450,37
159,128
472,74
240,230
333,141
84,351
429,47
490,47
55,320
239,39
222,37
153,149
195,69
374,174
157,129
288,133
308,130
132,336
149,163
189,76
433,45
476,69
333,23
302,132
256,198
185,81
430,155
382,176
151,152
131,212
444,117
248,35
448,112
438,128
137,334
147,165
366,27
502,28
207,52
389,177
500,34
344,25
142,332
335,144
223,37
464,87
66,311
47,326
141,189
435,45
203,57
260,192
406,35
177,316
470,76
92,348
439,41
317,130
89,291
414,178
454,37
208,293
183,85
258,195
22,349
487,52
180,314
143,182
235,39
67,309
414,42
271,18
308,21
95,282
321,134
250,209
204,296
349,155
21,366
97,277
80,299
135,207
302,19
161,123
203,55
485,23
238,234
96,346
23,369
117,342
280,17
212,45
68,362
89,350
54,374
204,295
186,310
369,171
193,69
211,290
161,124
264,184
142,185
272,168
497,21
248,215
395,178
381,176
402,32
293,132
43,331
28,343
217,39
455,37
21,368
369,172
433,146
492,46
111,249
408,37
300,19
121,231
485,25
342,150
363,168
280,142
479,27
104,263
217,40
112,342
368,27
477,66
262,187
121,232
266,182
432,146
197,67
390,31
412,40
106,344
268,178
416,43
254,31
291,19
75,302
150,330
44,329
280,149
137,199
415,178
22,368
260,27
442,124
464,33
46,378
230,247
91,287
221,37
496,39
445,114
338,146
412,39
363,166
137,200
173,100
232,245
177,97
113,249
494,21
190,306
24,347
478,66
119,233
266,184
274,168
170,105
209,50
140,334
71,358
164,324
182,314
187,80
295,132
207,294
282,139
155,139
449,39
233,242
343,152
110,253
115,242
101,267
105,259
19,354
123,227
195,302
201,59
64,365
164,323
437,43
458,96
353,158
338,23
257,27
222,279
421,178
105,260
198,300
145,176
219,284
19,363
434,142
201,60
55,372
40,382
194,69
468,81
159,127
163,120
454,100
246,218
139,195
304,130
69,307
257,28
352,158
191,74
285,17
145,169
236,238
381,29
453,37
495,21
371,27
192,305
322,22
220,268
242,225
483,25
234,39
103,267
424,173
353,25
118,342
355,160
67,362
286,136
184,312
99,272
62,313
220,267
153,147
448,108
436,136
256,201
501,25
104,344
140,193
157,135
270,19
222,264
79,299
226,256
472,75
237,234
240,231
310,21
333,140
335,23
482,60
428,160
429,46
166,322
153,148
302,130
195,68
473,29
133,209
288,134
313,130
467,31
149,162
189,75
384,29
476,70
96,279
461,33
449,108
256,199
274,17
498,38
105,344
360,27
162,324
42,331
187,308
426,170
502,26
430,152
418,45
151,155
136,336
156,326
359,163
287,134
18,355
129,215
220,272
444,118
358,25
71,305
438,129
456,96
147,164
101,346
102,344
502,29
377,175
126,338
91,348
389,176
32,339
179,91
142,333
311,21
95,279
483,58
29,378
223,36
27,345
141,188
289,19
324,23
199,63
435,44
203,56
260,193
405,178
209,292
377,176
470,77
128,217
426,47
45,380
283,17
89,290
296,132
208,294
395,31
183,84
296,19
97,275
371,172
160,125
143,177
457,96
24,370
414,43
165,117
217,286
180,89
321,133
252,206
349,154
21,365
97,276
278,158
261,190
27,343
135,206
303,130
161,122
398,178
327,137
96,347
23,368
369,170
348,154
260,190
120,233
264,185
272,169
206,294
248,216
402,33
294,19
43,330
90,348
345,25
455,36
148,330
459,33
173,318
230,250
272,17
254,204
59,315
121,230
485,24
450,106
379,176
268,180
70,360
270,176
418,178
57,370
420,178
39,333
280,143
479,26
29,343
54,321
441,124
234,240
350,156
228,35
266,183
174,99
432,147
197,66
202,296
500,21
412,41
268,179
416,44
127,219
280,150
398,31
309,21
66,362
46,379
35,339
91,286
316,130
139,334
58,370
281,17
65,311
138,199
232,246
173,99
177,96
113,248
190,307
213,45
175,97
31,379
435,140
350,25
209,49
228,250
155,138
282,136
449,38
115,245
25,347
423,176
482,25
123,226
493,44
64,366
409,37
237,39
454,98
476,27
76,301
222,276
281,140
235,238
470,29
19,362
331,140
30,341
285,136
141,334
434,143
490,48
74,358
468,82
159,126
454,101
205,55
26,372
246,219
139,194
286,134
182,87
243,39
460,90
192,306
465,33
322,23
286,17
220,269
322,134
413,178
316,21
103,266
222,262
424,174
34,382
329,23
149,159
99,275
310,130
153,146
448,109
436,137
256,202
353,160
157,134
108,257
400,31
167,109
226,257
119,340
472,76
428,161
429,45
471,29
475,70
244,220
302,131
114,342
133,208
27,373
210,47
301,132
90,287
37,335
360,164
268,21
440,124
149,161
84,352
85,350
156,328
219,37
220,282
131,209
443,118
347,153
162,325
73,358
36,382
327,23
169,320
259,194
351,157
426,171
502,27
430,153
378,29
421,47
495,40
151,154
156,327
359,162
129,214
220,273
368,170
150,155
480,25
245,220
177,95
438,134
78,354
479,64
299,19
230,36
452,102
456,97
147,167
102,345
377,174
430,160
478,27
99,271
179,90
110,344
172,318
63,313
466,31
29,377
258,198
27,344
83,295
141,187
199,62
203,59
186,81
387,176
170,320
260,194
406,33
87,350
342,25
439,43
33,339
196,300
89,289
440,128
259,27
250,212
183,87
276,160
193,73
163,324
94,283
314,21
67,311
289,132
74,303
165,116
379,29
451,37
321,132
252,207
107,257
397,178
344,152
399,178
385,29
21,364
224,35
278,159
467,82
161,121
143,185
327,136
238,232
96,348
336,144
125,223
365,27
54,372
148,332
186,308
254,202
312,130
260,191
208,51
264,186
272,170
266,21
358,162
178,316
270,174
38,335
480,60
390,178
447,39
90,349
148,331
484,56
254,205
76,354
111,251
62,366
121,229
340,148
450,107
269,176
239,232
154,141
127,221
221,264
187,79
226,254
280,144
444,41
392,31
29,342
469,31
112,249
278,160
234,241
266,180
432,148
197,65
291,132
202,297
240,39
169,109
386,176
500,22
416,45
127,218
129,338
149,330
280,151
83,352
155,328
318,132
214,288
346,152
456,35
442,122
66,363
35,338
404,178
412,178
168,320
404,33
221,282
78,299
225,258
228,252
231,246
213,44
492,21
19,351
478,64
409,178
119,235
31,378
274,166
209,48
466,84
182,312
130,338
203,296
221,275
228,251
155,141
282,137
449,37
115,244
61,315
428,47
306,130
238,39
25,346
123,229
397,31
273,17
163,117
454,99
439,128
48,376
255,29
222,277
97,346
332,23
460,92
434,140
490,49
92,285
242,228
165,322
95,348
205,54
372,172
246,216
139,197
413,41
420,45
494,44
283,136
304,19
286,135
145,175
20,364
243,38
460,91
465,32
220,270
124,338
234,37
501,30
376,174
222,263
424,175
98,346
118,340
355,162
122,340
311,130
149,158
99,274
153,145
448,110
436,138
351,25
410,38
247,216
157,133
171,105
426,166
212,288
88,291
482,58
428,162
199,300
220,284
275,164
171,320
244,221
262,25
486,54
27,372
307,21
440,125
77,301
149,160
359,164
87,291
490,21
18,358
220,283
44,380
335,143
28,376
347,152
370,27
498,36
51,323
351,156
171,103
426,168
430,158
293,19
59,368
151,149
211,45
393,178
110,342
364,168
129,213
220,274
172,320
193,304
177,94
215,41
71,307
257,198
230,37
452,103
456,98
147,166
317,21
265,23
176,97
164,117
179,93
172,319
63,312
29,376
227,35
141,186
201,298
203,58
109,257
439,42
60,368
81,352
196,301
160,326
89,288
58,317
183,86
276,161
193,72
323,134
143,179
389,31
67,310
414,41
253,31
165,115
188,308
361,166
269,21
458,94
370,172
147,332
278,156
263,23
216,286
143,184
25,371
411,39
231,37
238,233
23,370
82,352
136,334
125,222
383,176
306,21
54,373
186,309
422,178
408,178
481,25
373,27
254,203
76,356
111,253
25,372
446,114
158,326
272,171
475,27
148,163
210,292
391,178
448,39
270,175
402,31
480,61
459,35
229,250
230,248
484,57
489,50
76,355
59,317
111,250
117,239
450,104
436,43
169,107
337,23
33,382
343,25
127,220
39,335
226,255
280,145
29,341
469,30
218,286
262,190
49,376
122,229
266,181
432,149
197,64
169,108
500,23
376,29
339,147
38,382
188,79
280,152
42,382
442,123
423,47
384,176
113,342
117,241
119,237
31,380
168,321
500,30
465,84
362,27
58,368
228,253
101,271
356,25
213,43
478,65
152,328
119,234
50,376
175,99
274,167
45,329
156,135
85,295
468,78
182,313
273,168
155,140
396,178
307,130
113,247
222,275
61,314
334,23
427,166
34,339
73,303
19,359
20,351
25,345
123,228
434,146
312,21
341,150
80,352
48,377
216,288
401,178
222,282
494,42
445,41
86,293
489,23
19,364
153,328
434,141
74,356
146,332
298,19
124,340
162,121
205,53
425,172
246,217
139,196
417,45
420,46
499,34
462,90
304,20
145,174
102,267
322,21
220,271
297,132
153,143
124,339
436,140
405,33
176,316
438,43
222,260
118,341
149,157
428,164
493,21
153,144
448,111
323,23
179,314
288,19
198,63
200,298
436,139
279,154
410,39
157,132
487,23
144,332
167,111
425,47
171,104
426,167
212,289
23,347
189,79
482,59
428,163
394,31
87,293
57,319
244,222
247,35
486,55
388,29
27,375
242,39
440,126
77,300
151,330
219,39
131,211
44,381
244,37
335,142
93,285
498,37
230,35
145,332
426,169
373,174
502,25
123,340
430,159
380,176
292,132
110,343
220,275
299,132
177,93
71,306
438,132
21,351
464,84
192,73
47,325
194,302
147,169
172,103
265,22
443,41
157,326
179,92
130,213
132,209
488,50
72,305
348,25
258,196
83,297
141,185
143,181
109,256
271,17
111,342
116,342
196,302
95,281
250,210
434,45
276,162
278,154
263,25
252,33
143,178
403,33
499,21
337,146
165,114
314,130
361,165
269,20
458,95
107,259
53,323
278,157
135,203
265,184
249,35
232,37
216,287
25,370
327,138
64,311
248,212
120,340
136,335
431,152
125,221
459,92
253,206
473,72
474,70
365,170
359,27
325,135
111,252
432,152
272,172
178,314
270,172
480,62
459,34
442,118
484,58
230,249
59,316
117,238
450,105
236,39
169,106
406,178
392,178
121,340
249,212
68,309
33,381
400,178
75,301
39,334
280,146
469,29
474,72
419,178
41,382
115,342
278,17
81,299
432,150
204,55
339,146
70,358
280,153
154,328
137,203
173,103
232,242
109,255
442,120
117,240
119,236
374,28
184,83
168,322
315,21
500,31
125,225
58,369
498,21
228,254
282,140
158,129
17,358
328,23
115,241
332,140
101,270
218,39
19,353
183,312
224,258
152,329
175,98
250,33
274,164
45,328
301,19
85,294
466,82
468,79
130,336
338,24
113,246
61,313
47,378
105,263
141,193
56,370
19,358
246,37
437,134
369,27
209,47
340,25
341,149
89,287
163,119
367,170
80,353
462,33
135,336
48,378
391,31
267,21
255,31
494,43
445,40
191,73
175,318
489,22
334,142
261,27
70,307
74,357
242,226
136,203
326,23
436,134
139,199
377,29
37,337
420,47
304,21
145,173
236,234
31,339
220,264
153,142
226,35
82,297
27,376
63,366
176,317
103,263
447,112
329,139
222,261
167,113
429,160
88,350
472,72
240,228
149,156
23,349
461,90
465,31
428,165
357,25
276,17
247,37
195,67
200,299
157,131
329,140
41,333
167,110
212,290
35,382
60,366
189,78
87,292
57,318
75,356
129,217
244,223
486,52
313,21
388,30
27,374
52,374
185,83
442,41
241,228
77,299
440,127
219,38
382,29
476,66
131,210
44,382
358,26
93,284
347,154
168,109
366,170
438,130
498,34
46,327
430,45
51,325
147,163
351,158
373,173
502,30
430,156
364,27
151,151
500,32
211,47
142,334
185,310
458,35
167,322
444,114
215,43
287,19
438,133
21,350
133,207
464,85
194,303
378,176
141,191
290,132
435,43
37,382
147,168
133,336
265,21
470,78
207,51
317,132
446,39
216,41
178,93
488,51
491,46
258,197
276,164
26,345
83,296
52,323
452,104
143,180
453,102
474,29
354,160
318,21
468,31
95,280
250,211
383,29
276,163
97,279
278,155
135,205
263,24
315,130
134,336
337,145
410,178
361,27
431,45
127,338
165,113
190,75
361,164
269,19
458,92
355,25
320,21
68,360
107,258
53,322
245,37
193,71
249,34
243,224
248,213
32,380
43,329
491,21
474,71
365,169
422,176
325,134
492,44
408,35
446,112
325,23
56,319
475,29
440,41
294,132
367,27
480,64
210,290
319,132
178,315
126,221
270,173
480,63
280,140
479,25
427,47
319,21
69,360
144,177
442,119
284,136
396,31
200,61
73,305
146,169
349,25
297,19
116,241
117,237
407,178
49,325
30,378
169,105
244,224
388,176
407,35
33,380
268,176
107,344
256,29
280,147
174,318
197,300
218,284
331,23
325,136
91,285
143,332
77,354
81,298
262,188
432,151
253,33
99,346
70,359
419,45
280,154
227,254
137,202
173,102
232,243
109,254
442,121
181,87
309,130
205,294
374,29
233,37
303,19
500,24
411,178
125,224
155,137
17,357
101,269
234,238
19,352
224,259
152,149
152,330
50,374
123,225
274,165
100,346
45,327
466,83
85,293
130,337
338,25
343,151
94,348
113,245
481,60
105,262
432,45
141,192
181,89
56,371
19,361
485,56
451,104
434,144
229,35
341,148
159,125
163,118
454,102
80,354
155,135
139,193
69,309
255,30
222,280
494,40
445,39
489,21
145,171
236,236
128,338
399,31
261,26
31,341
286,18
242,227
497,38
279,17
375,29
417,178
436,135
139,198
103,265
37,336
292,19
462,88
215,288
145,172
236,235
184,310
347,25
220,265
153,141
455,98
264,23
176,318
329,138
41,331
167,112
206,53
226,258
159,129
472,73
240,229
149,155
23,348
333,142
84,350
428,166
490,46
55,321
247,36
251,33
125,338
200,300
410,37
157,130
51,374
288,132
72,358
223,35
41,332
477,27
463,88
60,367
189,77
320,132
106,259
271,172
57,317
129,216
476,68
43,382
486,53
202,59
388,31
464,88
341,25
162,326
326,136
185,82
426,172
463,33
430,154
258,27
151,153
476,67
131,213
444,116
63,311
358,27
93,283
438,131
498,35
298,132
51,324
496,21
61,366
373,172
102,346
357,162
430,157
86,350
55,319
223,260
151,150
207,53
389,178
500,33
211,46
305,21
179,89
330,23
444,115
372,27
324,134
215,42
53,374
21,349
464,86
138,334
484,25
47,327
141,190
199,61
406,34
263,186
362,166
401,31
354,25
317,131
356,162
40,333
277,160
208,292
488,52
258,194
277,17
134,207
