271,567
97,219
194,342
286,208
298,514
105,20
303,532
54,207
271,128
183,34
168,265
244,583
269,106
220,37
314,475
315,475
99,22
320,473
32,77
116,229
194,337
261,82
66,42
303,541
36,184
327,465
166,410
204,553
247,581
186,297
245,36
32,68
323,368
98,221
25,171
280,563
120,231
28,176
32,179
287,208
70,224
54,46
309,222
186,523
10,128
69,40
303,538
15,108
166,413
277,187
120,16
30,86
291,499
293,475
294,475
223,579
295,555
279,199
249,42
301,214
319,310
321,328
33,60
93,26
58,44
166,261
262,82
10,139
54,208
20,96
166,404
301,521
66,222
176,509
161,15
180,285
307,216
22,166
206,553
319,319
271,119
26,92
261,77
192,332
16,154
168,485
74,38
193,41
323,359
140,12
271,124
192,323
285,485
230,30
37,187
293,502
323,364
319,301
321,339
12,126
194,534
216,567
125,14
253,57
329,435
31,179
166,441
176,275
38,50
190,308
213,40
184,290
319,298
321,340
12,117
90,27
329,436
81,225
192,337
34,57
197,539
18,159
166,432
62,44
112,226
293,504
168,20
315,266
44,196
245,581
194,367
323,346
189,40
192,313
317,281
212,561
286,486
325,388
254,58
184,519
166,427
170,493
62,215
84,32
67,40
305,216
89,219
159,13
187,297
295,509
315,259
44,195
261,573
300,520
194,358
267,100
158,256
265,94
329,422
274,148
183,519
275,149
149,249
150,249
317,274
307,475
327,409
40,190
186,382
166,418
172,496
35,56
109,225
254,577
295,506
173,271
263,88
194,353
137,12
192,311
122,15
319,321
323,473
197,42
329,431
239,30
222,34
275,154
226,33
325,374
273,144
327,406
131,14
259,69
166,421
172,495
228,583
119,16
306,216
194,376
285,559
329,455
146,247
148,247
313,235
180,512
275,163
151,251
317,292
247,39
285,475
106,223
286,475
288,475
325,383
273,137
327,399
259,74
14,111
299,519
194,371
329,456
110,18
39,50
313,236
80,33
325,471
275,168
330,447
156,253
325,376
273,130
166,471
255,61
220,574
28,86
36,54
313,245
188,300
164,261
275,177
60,214
132,238
79,225
174,271
270,116
166,462
24,169
189,380
190,378
281,203
255,58
132,12
28,173
285,207
241,584
311,229
313,254
188,299
275,182
98,24
248,42
12,149
88,30
202,42
166,449
281,204
13,114
92,26
20,164
194,348
200,544
311,226
187,525
61,44
178,277
303,526
183,36
301,548
12,140
269,112
289,495
168,402
223,34
331,443
174,392
20,163
78,36
176,28
194,343
252,577
303,535
145,10
187,38
210,560
12,139
220,38
23,94
283,206
32,78
164,16
117,16
154,10
30,178
51,203
188,304
297,514
261,81
10,134
192,376
303,540
36,185
111,18
166,411
298,214
264,90
247,580
245,35
32,69
124,14
18,104
258,68
28,177
32,180
175,505
214,566
70,225
309,221
10,129
169,398
277,186
110,225
291,498
295,554
279,198
175,273
121,231
319,305
321,335
302,475
329,415
10,136
193,376
230,585
54,209
20,97
166,405
42,50
301,520
257,63
168,398
66,223
323,353
161,14
185,384
22,167
319,318
271,118
311,223
261,76
155,12
192,333
16,155
168,486
171,396
70,40
96,24
169,265
300,549
193,40
323,358
225,34
46,48
34,181
271,127
218,572
192,324
285,484
255,577
94,26
64,217
172,269
230,31
289,559
293,501
190,306
196,42
323,367
91,219
238,30
188,380
118,229
319,300
122,232
12,127
321,338
194,535
216,568
253,56
329,434
35,183
166,446
62,42
137,241
176,276
38,51
190,309
299,549
191,531
263,571
50,46
267,105
288,210
184,291
12,118
182,386
81,224
317,287
166,433
168,475
288,559
108,224
112,227
315,269
44,197
194,364
323,349
142,244
189,39
192,314
16,104
181,285
317,280
101,22
212,562
325,387
184,520
166,424
277,565
170,490
159,12
108,223
202,545
295,508
315,258
194,359
267,103
158,257
163,259
170,268
172,24
265,93
233,30
214,40
329,421
58,211
275,148
317,273
126,233
327,408
40,191
186,383
166,419
61,215
133,239
172,497
135,12
299,520
176,392
186,36
319,320
323,472
17,104
329,430
275,157
222,35
154,252
247,41
217,571
325,373
56,44
327,401
166,474
205,42
259,68
139,241
177,390
221,575
315,272
329,454
313,234
300,475
180,513
275,162
317,291
247,38
287,490
325,382
127,235
273,136
327,398
24,92
281,563
14,108
253,577
63,42
28,88
299,518
194,368
176,390
144,10
329,463
110,19
313,243
169,22
80,34
325,470
275,171
156,254
107,223
198,42
289,475
273,129
327,391
166,468
260,76
255,60
220,575
28,87
36,55
313,244
188,301
108,20
275,176
60,215
132,239
304,214
251,49
288,490
166,463
24,170
25,92
190,379
281,202
129,14
132,13
28,174
285,206
311,228
313,253
265,98
76,36
166,454
20,165
78,34
194,349
200,545
301,547
12,141
160,14
269,111
289,494
186,293
168,403
331,442
174,393
32,72
257,67
194,340
174,504
259,573
315,255
101,221
266,98
303,534
277,183
297,214
222,578
210,561
224,34
32,79
257,68
30,179
188,305
297,513
261,80
10,135
66,40
192,377
303,543
180,32
36,186
37,52
327,467
166,408
190,530
165,261
245,34
279,200
318,296
32,70
252,52
199,42
98,219
251,577
32,181
213,565
287,210
214,567
309,220
186,521
277,185
262,573
301,526
30,84
217,38
316,475
89,28
319,304
321,334
329,414
10,137
20,98
38,188
168,480
277,194
106,20
162,258
292,500
257,62
168,399
191,40
323,352
307,218
100,22
319,313
122,231
321,327
311,222
79,34
26,90
27,88
192,334
177,30
16,156
198,542
168,487
264,571
74,36
295,475
46,198
232,585
67,223
232,30
323,361
182,518
221,36
238,585
271,126
218,573
165,18
80,225
225,581
192,325
191,311
285,483
255,576
182,288
278,194
64,218
172,270
289,558
293,500
149,10
190,307
263,573
323,366
308,218
188,381
319,303
122,233
12,120
321,337
216,569
253,55
329,433
239,585
204,42
29,177
34,60
18,162
59,44
167,263
166,447
169,489
62,43
176,277
42,191
167,404
50,47
267,104
161,16
323,343
184,292
246,38
12,119
329,442
209,42
317,286
212,564
166,438
168,476
173,394
302,214
108,225
203,549
315,268
194,365
322,342
323,348
142,245
273,567
189,38
192,315
265,91
16,105
329,419
317,279
229,32
212,563
325,386
257,575
113,18
184,521
166,425
277,564
170,491
14,152
17,159
113,227
315,261
186,295
172,394
188,525
194,356
267,102
170,269
265,92
194,42
329,420
275,151
317,272
287,487
128,14
327,411
166,416
172,498
305,215
263,90
290,212
200,543
272,567
319,323
329,429
275,156
154,253
247,40
325,372
56,45
19,163
327,400
256,575
166,475
259,71
134,239
173,501
90,219
263,83
194,374
329,453
146,245
313,233
11,139
180,514
275,165
78,225
317,290
270,567
325,381
308,475
182,286
273,143
327,393
166,466
24,93
259,76
228,584
281,562
14,109
194,369
50,202
176,391
144,11
329,462
148,248
313,242
169,21
152,251
301,475
11,128
325,469
275,170
83,223
156,255
273,128
327,390
166,469
87,219
242,32
313,251
188,302
44,48
99,221
211,42
13,149
159,257
275,179
244,34
192,531
173,26
138,12
251,48
287,475
166,460
24,171
224,579
281,201
195,537
312,230
132,14
28,175
313,252
208,555
265,97
178,280
216,38
98,22
166,455
227,32
145,245
328,414
78,35
194,346
174,502
285,561
241,583
256,62
301,546
12,142
269,110
269,569
289,493
168,404
331,445
32,73
275,565
257,66
226,582
194,341
174,505
315,254
231,585
303,529
327,469
277,182
297,213
81,32
222,579
191,378
26,172
32,64
235,30
297,512
10,132
66,41
102,221
192,378
303,542
291,555
36,187
184,36
327,466
148,10
166,409
277,191
190,531
49,48
30,82
276,182
32,71
142,12
18,102
52,204
309,219
20,100
277,184
301,525
30,85
289,496
291,500
176,505
208,42
319,307
321,333
52,203
75,225
240,32
192,328
20,99
38,189
168,481
42,48
277,193
162,259
188,38
317,475
318,475
66,221
323,355
22,165
319,312
321,326
112,18
26,91
192,335
177,29
16,157
198,543
168,488
222,575
290,496
74,37
46,199
323,360
182,519
183,289
303,475
271,121
165,17
192,326
283,561
285,482
182,289
94,24
189,305
64,219
172,271
190,527
289,557
181,34
242,583
43,193
170,398
319,473
263,572
68,223
178,510
267,569
188,382
319,302
321,336
12,121
194,533
51,46
216,570
253,54
329,432
130,236
33,181
18,163
166,444
39,189
299,551
121,16
323,342
142,243
184,293
329,441
77,225
115,18
317,285
212,565
166,439
168,477
65,221
156,12
14,150
202,548
315,271
172,396
194,362
323,351
289,211
273,566
329,465
92,219
150,10
243,33
192,316
265,90
193,533
16,106
326,390
329,418
81,223
317,278
104,221
325,385
327,413
166,430
277,563
172,500
138,241
14,153
159,14
295,510
315,260
188,526
172,395
194,357
289,212
170,266
329,427
275,150
136,240
141,12
287,486
327,410
166,417
172,499
158,255
305,214
260,573
263,85
49,201
71,38
329,451
313,231
319,322
329,428
275,159
317,296
285,479
325,371
56,46
327,403
166,472
259,70
299,515
263,82
104,20
85,30
177,277
194,375
329,452
313,232
180,515
239,32
275,164
317,289
325,380
182,287
273,142
327,392
236,585
166,467
24,94
280,200
228,585
135,239
281,561
14,114
87,221
215,567
65,42
50,203
144,12
329,461
148,249
313,241
169,20
275,173
330,442
234,30
273,135
310,475
309,475
166,458
140,241
196,537
255,62
68,40
313,250
188,303
153,251
305,475
275,178
151,10
192,532
173,25
84,223
157,255
251,51
21,165
166,461
224,580
281,200
32,60
29,86
178,390
36,56
311,230
208,556
100,221
265,96
265,571
178,281
216,39
98,23
12,144
269,116
289,491
290,475
291,475
166,452
179,388
227,583
194,347
174,503
285,560
243,583
205,553
170,22
301,545
12,143
269,109
269,568
289,492
331,444
32,74
257,65
226,583
194,338
259,575
303,528
327,468
222,576
297,212
210,559
26,173
32,65
30,177
130,14
186,524
171,269
10,133
303,537
19,100
166,414
277,190
204,549
190,528
212,40
30,83
255,575
18,103
22,168
297,511
319,309
321,331
251,579
285,208
214,565
52,205
309,218
166,262
258,575
133,12
38,187
209,559
301,524
15,153
279,195
249,46
176,506
206,554
319,306
321,332
70,223
83,32
192,329
168,482
42,49
277,192
42,192
323,354
180,281
73,225
27,173
319,315
321,325
175,392
129,235
184,384
292,212
26,88
192,320
284,561
177,28
16,158
125,233
198,540
168,489
302,526
146,10
136,12
268,569
323,363
182,516
187,382
160,257
179,31
271,120
218,571
165,16
118,16
192,327
285,481
94,25
166,442
64,220
70,38
181,33
171,23
190,305
47,199
178,511
218,38
297,475
319,297
12,122
216,571
90,28
253,53
329,439
130,237
293,212
34,58
18,160
166,445
84,30
315,265
189,527
299,550
267,106
69,223
323,345
237,585
329,440
317,284
166,436
168,478
170,494
64,42
178,30
14,151
202,549
315,270
194,363
267,99
323,350
289,210
273,565
128,235
329,464
243,32
192,317
16,107
329,417
186,384
150,250
317,277
104,222
325,384
237,30
327,412
166,431
170,489
172,501
279,563
295,505
296,553
315,263
188,527
194,354
268,106
93,219
94,219
97,24
170,267
319,324
201,42
329,426
275,153
226,34
82,223
136,241
47,48
91,26
273,147
327,405
166,422
276,565
60,44
263,84
56,209
329,450
313,230
322,473
275,158
295,212
317,295
154,251
247,42
285,478
251,47
325,370
273,148
327,402
296,510
166,473
259,73
282,561
63,217
114,227
299,514
104,21
194,372
329,459
313,239
185,293
275,167
317,288
325,379
163,16
273,141
327,395
166,464
116,16
153,10
87,220
329,460
313,240
233,585
275,172
273,134
166,459
167,475
140,242
196,538
144,245
286,559
313,249
266,571
275,181
192,533
173,24
251,50
235,585
215,40
166,450
224,581
313,475
249,579
32,61
53,46
199,543
311,225
41,50
208,557
175,27
178,278
216,40
85,223
12,145
269,115
289,490
166,453
57,44
111,225
167,19
194,344
316,272
36,183
290,557
168,263
187,37
192,40
269,108
269,567
331,447
283,205
32,75
257,64
194,339
259,574
303,531
73,38
222,577
195,42
245,38
139,12
32,66
120,229
74,225
186,525
10,130
303,536
291,557
166,415
277,189
204,550
190,529
212,41
30,80
109,20
291,497
295,553
279,197
321,473
181,386
18,100
22,169
297,510
117,229
320,324
319,308
321,330
103,22
251,578
52,206
219,573
166,263
303,545
41,191
166,406
301,523
87,30
77,36
279,194
249,45
176,507
32,80
206,555
319,317
180,386
271,117
296,212
261,79
155,11
192,330
168,483
31,80
162,257
115,227
42,193
171,24
323,357
180,282
45,197
319,314
321,324
34,182
236,30
184,385
26,89
192,321
16,159
198,541
46,197
177,509
323,362
200,42
182,517
181,515
194,536
12,124
123,233
179,30
143,12
271,123
76,225
285,480
166,443
64,221
300,214
176,273
70,39
181,32
170,396
171,22
190,310
319,475
304,475
267,571
328,465
119,229
319,296
321,342
12,123
253,52
329,438
95,219
34,59
18,161
166,434
84,31
294,504
315,264
245,583
323,344
179,511
12,114
329,447
152,10
317,283
325,390
166,437
168,479
170,495
202,546
206,42
44,193
315,257
194,360
267,98
192,318
16,108
329,416
58,212
150,251
317,276
193,337
104,223
126,234
166,428
62,216
229,585
303,214
295,504
315,262
174,26
194,355
141,243
22,94
323,471
329,425
275,152
294,212
52,46
161,257
273,146
327,404
166,18
166,423
40,50
263,87
56,210
329,449
293,555
246,581
275,161
317,294
285,477
251,46
287,489
325,369
273,139
327,397
259,72
299,517
104,22
194,373
329,458
313,238
162,16
275,166
59,213
131,237
325,378
182,285
273,140
327,394
166,465
116,17
210,42
14,112
23,169
284,206
50,201
179,32
72,38
36,52
292,555
313,247
219,38
275,175
103,221
273,133
166,456
48,200
230,32
140,243
196,539
114,18
201,545
313,248
188,297
297,553
207,42
275,180
174,272
123,14
88,28
166,451
102,22
32,62
96,219
194,350
178,388
311,224
208,558
175,26
86,30
178,279
53,207
190,40
85,222
12,146
179,281
269,114
311,475
296,475
186,294
168,400
174,394
167,18
194,345
174,501
303,533
306,475
326,469
183,35
168,264
187,36
269,107
220,36
331,446
283,204
32,76
226,581
116,228
303,530
204,552
12,128
292,475
186,296
26,171
245,37
32,67
203,42
98,220
116,227
120,230
287,209
186,522
10,131
303,539
291,556
240,585
166,412
277,188
204,551
45,48
212,42
30,81
247,579
291,496
274,565
279,196
249,43
72,225
18,101
127,14
207,555
319,311
321,329
52,207
180,388
310,222
10,138
124,233
303,544
166,407
301,522
294,555
249,44
176,508
180,284
307,217
228,32
319,316
180,387
71,225
271,116
261,78
278,563
155,10
192,331
16,153
198,539
168,484
193,42
323,356
180,283
234,585
182,515
34,183
271,125
184,386
192,322
285,486
158,12
55,209
299,214
293,503
82,32
323,365
194,537
12,125
253,58
271,122
250,579
55,46
166,440
134,12
176,274
185,36
170,397
190,311
319,474
50,48
178,509
267,570
184,289
319,299
321,341
12,116
250,46
90,26
329,437
312,475
57,211
130,235
248,579
192,336
34,56
185,521
166,435
88,219
287,559
112,225
38,52
315,267
245,582
194,366
323,347
192,312
12,115
272,128
317,282
325,389
241,32
166,426
170,492
302,545
14,149
202,547
43,48
44,194
315,256
194,361
267,101
180,511
143,245
291,212
243,34
298,475
299,475
192,319
265,95
329,423
58,213
317,275
211,561
324,368
126,235
327,414
40,189
166,429
171,495
62,217
295,507
263,89
194,352
231,30
107,20
147,247
22,95
170,265
122,14
329,424
239,31
275,155
226,32
105,223
325,375
273,145
327,407
166,420
95,24
263,86
56,211
146,246
75,36
182,34
21,96
329,448
298,551
324,471
275,160
222,36
317,293
155,253
285,476
287,488
325,368
273,138
327,396
259,75
86,221
14,110
299,516
194,370
329,457
313,237
80,32
122,16
275,169
325,377
273,131
166,470
116,18
14,113
220,573
157,12
36,53
110,20
147,10
313,246
22,96
297,551
48,48
164,260
183,386
275,174
60,213
132,237
273,132
166,457
48,201
255,59
241,585
188,298
297,552
175,28
164,259
136,239
174,273
12,148
88,29
251,52
126,14
166,448
190,380
32,63
167,20
194,351
178,389
311,227
314,254
208,559
303,527
85,221
12,147
301,549
269,113
168,401
282,204
48,199
