306,246
53,53
276,479
65,50
28,162
264,137
266,149
245,574
318,395
199,380
41,57
226,570
282,494
272,200
310,304
41,74
314,360
320,426
288,509
201,327
282,215
195,523
179,398
306,241
199,51
266,156
284,552
105,29
69,47
41,179
223,565
320,417
248,62
229,575
304,240
197,304
215,49
201,328
293,466
99,31
320,464
321,454
301,221
232,39
278,473
121,223
282,496
191,286
231,578
73,45
55,197
41,180
194,385
255,568
23,109
193,386
258,94
98,212
121,224
266,142
287,217
37,87
240,45
268,186
36,174
78,218
264,562
120,23
304,238
201,378
274,557
294,466
45,185
49,190
67,212
221,45
238,576
225,42
30,166
268,177
91,37
276,209
304,229
33,93
253,79
308,270
122,224
175,405
71,217
185,507
296,221
79,41
268,168
19,124
317,383
288,218
308,277
278,485
193,518
175,402
181,268
201,51
57,201
185,508
149,238
209,51
282,468
268,167
19,133
312,324
43,180
61,205
264,124
191,387
87,39
176,482
142,236
198,308
308,284
187,392
189,47
316,364
192,290
266,162
123,224
175,411
203,351
211,546
285,503
19,138
113,27
312,331
172,258
320,411
261,564
29,99
304,468
213,49
267,562
308,283
292,522
316,363
246,59
175,416
59,203
149,240
187,510
191,288
197,382
260,111
278,209
65,209
320,402
288,549
191,518
177,486
178,492
181,502
56,198
207,540
175,425
322,450
306,264
199,317
152,19
154,244
35,171
197,525
282,554
90,210
40,77
23,156
206,51
175,449
316,377
299,467
175,438
306,259
199,314
256,89
150,240
193,296
284,468
270,558
89,37
242,48
296,531
174,35
175,462
141,234
21,111
152,242
316,368
250,67
175,447
162,23
131,230
52,55
35,89
21,150
210,49
319,401
156,21
159,248
296,538
177,265
175,471
285,552
322,444
146,238
150,19
270,194
290,516
256,87
203,368
314,341
151,240
173,35
174,260
285,468
160,248
86,213
164,252
221,562
114,25
175,476
322,439
93,35
21,113
97,32
280,490
108,27
270,197
310,300
203,361
314,348
156,244
201,339
255,85
21,152
280,211
102,29
39,83
168,254
258,96
246,573
32,168
72,47
211,49
53,196
310,295
203,366
314,359
170,32
161,248
201,340
320,460
196,524
306,252
165,252
60,51
264,131
318,385
175,482
261,111
27,100
101,213
262,119
208,544
203,359
41,64
81,41
189,285
244,54
157,244
203,538
294,525
281,213
139,19
306,247
96,212
65,49
264,138
266,146
249,570
318,392
51,194
199,529
282,495
272,201
310,305
41,73
314,361
320,427
288,510
201,326
311,466
223,43
195,522
266,157
103,29
225,570
278,556
41,178
223,564
320,418
248,63
229,574
123,23
304,241
215,48
201,335
320,465
175,264
97,212
117,25
121,222
52,194
171,257
282,497
102,214
283,552
268,188
272,199
55,196
111,27
94,33
210,546
304,232
23,108
188,45
318,466
193,385
258,95
194,522
266,143
70,216
37,86
268,187
274,206
183,503
264,563
192,48
249,65
304,239
201,377
254,568
169,256
45,184
49,189
33,91
252,73
238,577
225,41
278,488
180,397
230,576
268,178
91,36
310,285
24,107
304,230
31,93
294,544
68,214
33,92
179,493
308,271
185,393
27,161
228,41
175,404
71,216
57,199
185,506
268,169
198,528
19,127
191,389
50,55
179,498
288,219
308,278
293,523
292,517
195,297
175,413
182,395
57,200
209,50
282,469
284,497
19,132
312,325
131,21
43,183
61,204
64,208
264,125
318,383
87,38
242,576
187,282
177,491
195,385
308,285
316,365
266,163
195,302
175,410
203,350
155,19
211,549
19,141
113,26
241,45
277,556
312,332
320,412
29,98
177,492
180,498
238,40
292,523
172,33
246,56
175,419
59,202
115,25
205,540
197,381
260,104
133,230
65,208
320,403
158,246
288,550
39,177
189,516
260,564
227,571
176,401
177,485
71,47
181,501
94,212
207,543
175,424
322,451
306,265
199,316
185,278
101,31
283,468
47,55
35,170
197,524
308,468
90,211
68,49
175,448
182,41
316,378
299,466
175,433
306,256
199,309
256,90
204,538
270,559
127,226
281,554
242,49
296,532
175,457
144,19
189,391
316,369
122,23
175,446
219,45
35,88
198,51
309,468
21,149
64,51
303,225
163,252
296,539
177,264
175,470
322,445
182,502
21,119
22,111
270,195
290,517
310,298
203,371
222,45
314,338
155,244
84,214
177,39
182,272
72,218
258,102
115,220
175,479
286,552
322,436
93,34
21,112
169,31
280,491
100,212
194,49
310,301
76,45
203,360
314,349
179,268
215,47
201,338
242,574
294,528
280,212
230,39
39,82
258,97
21,121
53,195
310,292
203,353
314,356
170,33
192,387
294,523
320,461
306,253
127,23
264,132
318,390
198,381
241,576
77,218
27,103
101,212
262,116
281,493
203,358
41,71
189,284
244,55
190,47
235,578
290,468
224,43
223,45
175,261
306,244
22,152
264,139
318,393
266,147
157,21
199,528
41,63
278,554
262,111
272,202
310,310
41,72
320,428
288,511
201,325
202,534
282,213
276,480
25,160
266,154
285,217
286,217
269,191
225,569
54,196
223,567
320,419
248,64
31,97
201,334
315,466
136,21
320,466
257,93
171,256
33,170
268,189
183,505
304,233
201,375
23,111
188,46
190,286
32,93
234,578
266,140
219,561
37,85
29,166
268,180
274,207
183,502
78,216
264,564
192,49
209,546
262,564
299,221
217,47
201,376
316,466
232,578
49,188
67,214
252,74
278,489
193,522
58,53
83,39
268,179
19,121
43,184
304,231
37,176
294,545
263,121
321,431
179,492
27,160
175,407
57,198
239,576
204,51
79,43
212,550
268,170
19,126
25,107
79,216
279,554
191,388
42,180
308,279
292,518
195,296
175,412
165,27
202,346
80,216
209,49
284,498
286,506
197,528
19,135
312,326
43,182
264,126
95,33
149,19
195,384
177,490
289,219
201,534
316,366
266,160
175,421
229,39
211,548
237,39
19,140
40,178
113,25
312,333
320,413
29,97
177,483
107,27
238,41
172,34
246,57
176,37
175,418
205,539
81,216
191,290
307,468
276,556
260,105
320,404
108,216
215,553
39,176
168,29
189,515
260,565
227,570
177,484
181,500
207,542
316,380
175,427
322,448
125,23
306,262
199,319
185,277
60,204
295,221
101,30
229,41
31,168
35,173
256,568
59,51
282,552
302,224
175,451
316,379
250,70
175,432
306,257
199,308
256,91
82,216
138,19
109,216
242,46
296,533
175,456
253,568
272,558
189,390
206,540
316,370
300,468
250,65
175,441
233,578
183,393
83,214
193,295
34,91
35,91
256,566
21,148
62,206
134,230
139,233
296,540
175,465
286,550
322,442
183,273
21,118
153,243
44,57
99,212
266,562
250,72
270,192
290,514
310,299
203,370
314,339
151,242
288,468
254,84
294,542
20,144
258,103
175,478
322,437
110,27
93,33
153,244
280,492
301,468
310,290
203,363
314,346
98,31
107,215
201,337
242,575
294,529
280,213
39,77
214,552
21,120
262,114
69,49
53,194
310,293
203,352
314,357
103,214
289,468
201,346
310,468
320,462
306,250
127,22
275,556
169,255
264,133
318,391
284,216
27,102
262,117
310,316
41,70
189,283
201,323
223,44
227,41
175,260
178,40
306,245
145,238
276,474
318,398
266,144
284,215
199,531
41,62
278,555
282,493
178,266
272,203
310,311
320,429
197,308
201,324
113,218
195,524
276,481
266,155
225,568
275,207
223,566
190,389
320,420
248,65
31,96
289,511
201,333
77,45
200,51
164,25
208,51
154,19
240,41
86,39
268,190
33,169
55,198
184,43
183,504
304,234
201,374
114,218
23,110
171,33
188,47
252,76
181,397
258,93
266,141
236,37
219,560
37,84
112,27
280,470
29,165
268,181
274,204
222,564
78,217
209,545
304,225
197,303
283,215
252,75
193,521
216,556
268,172
300,221
190,516
67,49
31,95
24,156
179,495
308,265
315,361
175,406
71,218
130,21
244,574
79,42
284,500
268,171
19,129
312,320
25,106
69,215
308,272
292,519
137,21
195,299
175,415
197,51
203,347
284,499
286,507
19,134
312,327
264,127
177,489
161,23
201,533
91,210
238,39
316,367
266,161
175,420
51,55
104,214
19,143
320,414
177,401
312,317
193,49
177,482
172,35
47,187
176,38
175,429
322,454
185,275
59,204
205,538
141,19
260,106
320,405
302,222
215,552
92,35
168,30
189,514
260,566
227,573
175,453
181,499
92,210
25,159
316,381
175,426
322,449
306,263
199,318
185,276
279,472
101,29
229,40
234,37
35,172
166,28
282,553
302,225
159,247
23,153
175,450
316,372
299,468
250,71
175,435
199,311
256,92
314,334
242,47
296,534
195,383
175,459
74,218
292,546
186,45
167,253
189,389
316,371
175,440
219,47
192,518
193,294
107,216
287,468
35,90
254,82
56,53
256,567
21,147
139,232
296,541
85,39
175,464
286,551
322,443
252,568
183,272
21,117
153,242
119,221
250,73
270,193
290,515
310,296
239,41
314,336
188,391
254,85
186,278
294,543
258,100
175,473
178,399
322,434
280,493
262,120
265,562
310,291
203,362
314,347
107,214
201,336
291,466
310,466
296,466
320,456
111,217
262,115
69,48
310,314
203,355
187,45
314,354
201,345
320,463
194,296
306,251
276,476
169,254
264,134
318,388
266,150
284,217
259,566
310,317
41,69
189,282
244,49
30,97
290,466
201,322
292,466
320,454
175,263
178,41
179,397
306,242
145,237
203,51
276,475
78,43
318,399
266,145
309,285
199,530
41,61
306,468
310,308
45,57
320,430
197,307
201,331
180,268
276,482
278,474
207,544
266,152
158,21
231,577
273,203
297,221
320,421
49,55
201,332
77,44
196,49
164,26
277,485
218,558
240,42
171,258
33,168
268,191
180,41
184,44
276,207
304,235
160,21
290,511
201,373
274,558
311,317
46,186
67,211
252,77
181,396
303,468
236,38
37,83
258,566
280,471
29,164
268,182
274,205
209,544
304,226
197,302
146,19
193,520
118,25
83,41
250,570
268,173
19,123
31,94
106,29
70,47
159,21
179,494
308,266
278,486
297,466
27,162
100,31
46,55
137,19
233,39
175,401
181,271
312,466
248,570
284,501
268,164
125,226
19,128
312,321
25,105
264,121
74,45
295,466
268,560
69,214
308,273
137,20
195,298
175,414
203,346
186,510
286,504
268,163
19,137
20,121
312,328
320,408
43,57
228,574
121,23
263,564
177,488
201,532
308,280
298,466
175,423
143,19
130,228
293,221
211,550
126,226
19,142
260,108
278,210
320,415
177,400
312,318
63,51
191,517
69,216
107,29
170,256
47,186
176,39
175,428
199,320
237,578
185,274
217,558
260,107
320,406
302,223
215,555
39,178
168,31
189,513
227,572
175,452
322,431
181,498
128,226
273,558
75,45
290,219
291,219
25,158
316,382
175,437
306,260
199,313
257,566
166,29
59,53
63,208
119,23
159,246
23,152
175,461
93,212
292,548
316,373
250,68
175,434
162,24
199,310
256,93
131,229
314,335
82,214
286,468
126,23
295,542
162,250
296,535
173,260
175,458
292,547
167,252
188,282
175,443
219,46
183,395
314,342
279,489
193,293
254,83
21,146
86,214
296,542
318,400
175,467
322,440
252,569
21,116
119,220
270,198
290,512
310,297
314,337
163,25
128,21
313,466
153,19
63,207
135,231
258,101
167,29
246,574
175,472
322,435
262,121
310,288
203,365
314,344
85,214
201,343
310,467
320,457
305,241
144,236
73,218
111,216
39,79
264,128
318,386
175,481
90,37
27,99
262,112
310,315
183,43
203,354
41,67
314,355
201,344
203,537
294,526
314,466
306,248
53,55
276,477
264,135
318,389
266,151
51,193
213,551
199,532
41,59
196,302
216,47
305,468
310,306
41,68
244,50
320,424
288,507
307,265
254,79
201,321
290,467
320,455
175,262
306,243
145,236
57,53
276,484
280,554
120,222
318,396
266,158
199,379
219,559
41,60
291,548
290,548
310,309
41,77
45,56
192,47
320,431
197,306
269,560
109,27
201,330
203,535
276,483
266,153
251,570
231,576
73,47
320,422
200,379
201,371
77,43
196,50
164,27
302,468
240,43
61,51
268,184
184,45
148,19
183,506
298,221
304,236
160,22
201,372
67,210
252,78
181,395
238,578
266,139
236,39
219,562
184,506
280,472
29,163
268,183
91,35
310,286
304,227
308,268
184,274
83,40
268,174
19,122
42,57
25,103
317,466
319,466
66,210
124,23
179,497
308,267
278,487
233,38
181,270
129,227
185,510
292,220
248,571
282,470
284,502
268,165
125,225
19,131
312,322
259,103
25,104
277,209
264,122
87,37
187,281
268,561
308,274
195,301
175,409
129,228
203,349
292,219
196,383
286,505
19,136
312,329
320,409
176,264
289,548
181,41
37,175
308,281
292,520
316,361
47,188
175,422
181,272
243,574
31,167
260,109
278,211
229,576
312,319
96,33
187,279
191,516
107,28
200,532
246,60
175,431
322,452
294,221
217,557
287,507
197,527
271,199
166,27
320,407
119,25
90,212
215,554
189,512
44,184
175,455
182,42
293,546
148,238
97,31
25,157
316,383
246,55
175,436
306,261
199,312
313,333
106,214
35,174
59,52
137,232
132,21
23,155
296,529
175,460
141,236
93,211
166,252
243,49
316,374
250,69
175,445
162,25
131,228
82,215
193,291
35,87
202,51
163,251
38,83
242,45
296,536
173,259
174,36
49,192
175,469
322,446
75,218
26,103
118,220
175,442
256,85
183,394
314,343
193,292
254,80
21,145
138,232
139,234
221,564
115,219
318,401
104,29
175,466
322,441
252,570
183,274
21,115
214,49
270,199
290,513
310,302
314,350
195,49
179,267
236,578
63,206
135,230
87,212
39,81
258,98
50,192
175,475
179,41
322,432
76,218
310,289
203,364
314,345
161,250
200,320
201,342
320,458
140,234
306,254
220,562
39,78
264,129
318,387
175,480
207,51
262,113
145,19
310,312
203,357
41,66
314,352
244,52
157,246
220,45
203,536
294,527
306,249
235,37
53,54
276,478
65,51
264,136
266,148
318,394
51,192
213,550
199,381
41,58
187,512
310,307
41,75
244,51
320,425
288,508
201,320
26,160
282,214
178,39
179,399
276,485
318,397
266,159
219,558
41,76
170,31
151,19
45,55
248,61
320,416
197,305
110,216
201,329
203,534
129,21
277,474
278,472
231,39
267,163
34,170
213,552
36,87
191,287
73,46
320,423
193,387
196,51
142,19
240,44
268,185
240,576
223,568
62,51
212,49
304,237
160,23
201,379
274,556
23,107
245,55
45,186
191,47
49,191
67,213
252,79
225,43
283,497
29,162
124,224
268,176
274,203
38,176
310,287
276,208
304,228
294,546
82,41
308,269
140,19
95,212
281,470
66,49
268,175
270,191
19,125
134,21
279,211
179,496
288,217
308,276
193,519
233,37
175,403
181,269
54,53
57,202
129,226
184,393
149,239
185,509
292,221
248,572
284,503
88,37
268,166
125,224
286,503
19,130
312,323
43,181
61,206
264,123
88,212
287,550
187,280
28,99
268,562
308,275
187,393
195,300
175,408
203,348
211,547
19,139
312,330
260,103
320,410
247,572
37,174
185,45
143,236
218,47
308,282
292,521
316,362
246,58
175,417
58,202
187,511
191,289
31,166
197,383
19,144
260,110
65,210
320,401
84,39
89,212
288,548
215,556
187,278
135,21
177,487
147,238
187,391
116,220
207,541
246,61
175,430
322,453
226,41
105,214
217,556
197,526
55,53
205,51
119,24
302,221
177,399
227,574
48,188
175,454
182,43
25,156
316,376
175,439
306,258
199,315
256,88
202,371
186,393
296,530
23,154
188,512
175,463
141,235
93,210
80,41
117,220
316,375
250,66
175,444
314,333
193,290
270,560
21,151
156,20
163,250
296,537
173,258
174,37
177,266
175,468
322,447
167,254
251,73
291,517
256,86
203,369
132,230
314,340
151,241
247,61
254,81
21,144
295,529
135,232
156,19
86,212
221,563
115,218
224,568
175,477
322,438
21,114
97,33
280,489
119,222
270,196
310,303
314,351
136,232
179,266
116,25
39,80
258,99
246,572
175,474
322,433
147,19
48,55
310,294
203,367
314,358
161,249
201,341
320,459
265,139
306,255
271,558
127,21
111,218
264,130
318,384
133,21
27,101
101,214
262,118
175,37
310,313
203,356
41,65
314,353
189,286
244,53
157,245
112,218
294,524
