89,11
21,28
11,90
124,110
94,167
155,33
137,91
16,190
108,7
111,10
15,143
64,20
118,129
46,23
94,174
117,130
137,92
138,82
30,220
78,200
120,9
16,196
17,202
15,148
108,141
116,125
8,45
135,90
68,15
152,34
10,128
12,41
34,26
102,160
14,172
20,200
96,9
132,95
28,24
22,30
5,62
133,9
9,59
43,222
117,123
14,38
129,102
90,14
41,21
118,5
9,60
103,158
13,167
16,154
18,178
6,78
151,57
84,12
156,36
22,206
66,217
53,18
23,208
140,12
52,222
70,213
71,217
147,66
152,55
103,151
13,160
18,173
36,220
59,21
156,35
14,129
39,24
78,13
144,78
143,14
152,62
133,100
86,191
149,21
8,97
68,219
29,27
19,29
37,220
6,51
119,5
156,49
13,35
17,160
8,104
157,46
139,88
11,98
12,108
15,33
19,34
76,17
38,221
61,223
153,51
126,112
157,39
139,81
85,15
7,94
12,107
80,203
79,13
9,65
10,81
123,111
89,179
116,6
153,52
62,222
110,145
135,13
36,25
74,212
99,164
7,87
11,144
54,22
58,221
152,26
80,194
9,74
102,153
153,61
83,188
127,112
140,87
144,18
11,137
9,115
119,120
122,121
63,218
72,210
57,21
140,78
11,142
13,158
60,223
10,74
85,193
90,175
93,178
113,137
24,209
7,45
11,135
82,199
10,117
138,14
114,129
85,187
14,121
90,182
73,214
127,111
149,68
132,12
43,20
117,5
92,178
147,18
104,149
82,190
27,28
10,124
12,149
15,184
74,17
19,189
132,100
13,114
90,177
132,11
25,215
68,19
33,23
98,160
28,219
104,156
143,79
151,31
9,111
19,194
42,225
146,67
21,27
25,216
26,214
11,93
49,226
124,111
16,32
93,14
76,202
80,13
155,32
29,220
16,191
40,224
78,198
87,12
15,142
45,222
46,20
94,175
117,129
155,57
138,83
30,221
106,146
79,197
14,170
16,197
17,201
108,142
19,208
116,126
8,95
50,19
142,14
129,107
26,216
27,218
50,226
10,129
138,90
12,42
54,222
148,23
24,29
14,173
20,201
96,10
111,136
142,17
129,108
115,135
154,28
124,116
22,31
5,61
133,8
9,58
155,55
18,184
79,203
14,180
18,203
109,10
20,208
44,225
99,12
14,39
129,101
103,8
51,222
13,166
16,155
17,35
18,179
6,79
151,56
35,22
22,207
136,9
67,220
130,100
125,116
144,72
71,216
152,56
47,19
103,150
17,36
59,20
6,70
14,134
121,9
144,79
152,63
133,99
13,41
149,20
8,98
97,9
101,156
125,6
91,11
6,48
156,50
86,183
106,11
17,167
22,208
8,105
82,16
157,45
69,219
100,9
12,109
34,222
112,139
153,50
136,86
142,76
126,113
110,143
97,170
157,38
139,80
95,165
7,89
137,10
122,5
12,100
73,18
133,94
118,121
9,64
66,19
89,178
131,8
42,24
153,59
62,223
136,93
67,16
70,15
97,163
60,17
135,12
47,222
74,213
96,170
7,86
12,99
80,195
9,73
102,158
153,60
10,40
140,80
87,187
144,19
115,127
11,136
128,108
98,12
9,114
113,6
88,185
72,211
126,106
92,14
116,132
154,44
157,49
140,79
13,157
51,22
54,225
10,75
85,192
20,32
114,135
77,17
93,177
24,210
116,131
74,206
75,212
92,180
94,176
101,162
11,134
73,14
138,15
85,186
13,120
14,126
90,183
73,213
127,110
11,46
92,179
75,205
98,166
80,16
104,150
37,25
111,6
82,191
100,162
10,125
12,150
15,187
19,188
132,101
13,113
146,73
129,7
154,57
11,39
33,22
76,204
98,161
108,10
145,16
151,30
9,110
102,12
40,24
11,92
16,33
93,13
58,17
76,203
150,60
29,219
40,225
78,199
151,23
87,15
52,19
15,137
20,196
139,11
150,68
135,95
11,85
155,56
83,16
12,44
53,222
78,206
79,196
14,171
16,198
17,200
20,195
116,127
129,106
115,129
26,217
130,11
118,9
138,91
12,43
31,217
79,205
14,178
20,202
63,20
121,117
124,6
75,17
115,134
154,29
124,117
70,217
5,60
9,57
155,54
18,185
14,181
146,21
20,209
21,205
66,220
129,100
130,106
23,213
103,11
103,152
13,165
16,156
18,176
40,221
6,76
81,13
35,25
136,10
68,215
72,18
109,147
32,218
125,115
144,73
9,43
18,171
6,71
64,218
14,135
91,173
109,140
133,98
153,39
156,52
86,189
107,149
13,40
25,29
8,99
101,155
33,222
144,71
143,17
112,6
23,27
6,49
156,51
106,8
70,18
17,166
157,44
69,218
12,110
34,223
134,98
83,195
10,84
112,140
153,49
136,87
10,39
17,159
97,169
46,226
157,37
72,14
7,88
48,23
12,101
35,220
133,93
9,71
66,16
30,26
141,13
89,177
131,11
136,94
10,46
67,19
18,30
97,162
87,189
110,6
96,171
95,173
99,166
7,81
80,196
134,92
9,72
84,193
102,159
10,41
83,190
88,179
57,18
11,139
128,109
98,13
9,113
88,11
36,224
48,222
88,186
126,107
43,24
116,133
154,45
157,48
107,7
56,221
13,156
37,22
101,9
49,19
20,33
93,176
24,211
7,47
71,18
74,207
101,161
82,197
27,25
10,115
100,164
12,152
15,189
126,10
37,224
131,103
67,15
85,185
13,119
14,127
127,105
104,8
75,204
98,167
61,17
62,16
100,163
10,122
12,151
15,186
19,191
132,102
13,112
31,26
114,9
11,38
150,58
143,73
9,109
38,224
64,16
150,66
26,212
11,95
150,61
30,216
151,22
120,5
16,192
15,136
20,197
50,22
44,20
106,144
78,207
105,147
14,168
16,199
141,85
15,145
111,141
39,224
121,115
115,128
9,55
12,36
105,11
34,25
5,67
79,204
105,148
14,179
141,78
18,206
38,21
99,9
121,116
28,27
14,34
127,10
124,118
5,59
9,56
18,182
148,24
6,74
20,210
21,204
66,221
67,217
53,22
99,159
65,19
140,16
47,20
13,164
16,157
18,177
59,17
6,77
151,58
84,15
22,205
109,146
75,14
130,98
140,15
125,114
112,9
147,71
9,42
36,223
6,68
134,9
45,23
106,7
14,132
17,171
69,215
109,139
39,21
71,211
148,70
56,18
23,29
153,38
10,50
156,53
119,9
25,28
8,100
100,12
101,154
29,24
15,37
19,30
94,10
42,20
23,26
6,54
151,65
65,221
153,47
142,75
17,165
110,138
149,27
157,43
36,22
15,34
145,71
10,85
84,188
112,141
94,13
61,220
136,88
153,48
142,82
17,158
93,171
97,168
60,20
85,12
157,36
50,222
139,82
72,15
95,167
99,160
7,91
12,102
35,223
54,18
57,225
133,92
134,90
118,127
9,70
84,187
122,114
30,27
141,12
136,95
10,47
18,31
87,188
110,7
96,172
95,172
81,201
84,194
89,185
20,28
63,222
32,23
88,180
57,17
51,226
87,181
96,163
26,25
11,138
51,19
128,110
81,194
9,112
10,78
88,187
149,63
95,13
154,42
56,222
150,22
11,131
13,155
37,21
101,8
123,119
15,183
131,97
85,191
31,23
129,11
95,10
7,46
33,26
52,226
101,160
27,24
12,153
15,188
55,21
131,102
13,118
14,124
90,181
127,104
25,211
147,23
62,17
9,107
10,123
12,144
55,18
19,190
13,111
114,6
21,31
25,212
11,89
150,59
137,86
152,64
151,24
9,108
52,22
89,15
150,67
26,213
45,226
135,96
11,94
30,217
145,15
143,81
16,193
15,139
74,14
20,198
111,135
120,117
50,23
127,7
135,89
11,87
125,109
77,202
106,145
24,25
79,198
105,146
14,169
141,84
15,144
42,222
120,124
124,9
142,13
22,27
133,12
9,54
138,89
12,37
106,152
34,22
5,66
6,80
14,176
141,77
17,199
96,13
121,123
14,35
103,12
5,58
9,63
103,157
18,183
55,222
148,25
6,75
109,7
21,203
121,124
67,216
130,104
99,158
70,214
147,65
152,52
47,23
13,163
16,158
17,32
18,174
14,130
21,212
121,5
109,145
130,99
71,213
112,10
9,41
69,15
16,149
6,69
86,184
14,133
17,170
91,175
68,216
69,214
109,138
78,17
33,219
125,10
148,71
155,31
153,37
10,51
156,54
107,151
17,163
8,101
29,23
11,97
145,77
19,33
100,156
42,21
151,64
153,46
17,164
149,26
157,42
49,222
7,93
12,104
145,70
134,96
83,197
10,82
39,221
61,219
62,219
32,26
142,83
93,170
95,166
7,90
12,103
57,224
134,91
9,69
102,154
122,115
89,183
112,133
113,9
135,9
107,11
74,208
7,83
128,104
59,221
81,200
119,127
84,195
122,122
123,120
89,184
128,7
20,29
116,9
88,181
96,164
150,28
11,141
58,224
60,220
81,193
10,79
123,113
126,105
149,62
7,48
154,43
11,130
13,154
86,15
128,102
10,118
123,118
15,182
114,130
77,14
131,96
14,122
73,209
129,10
147,17
59,224
27,27
138,10
12,154
74,18
13,117
14,125
132,8
75,206
76,208
147,22
28,216
9,106
10,120
12,145
19,193
132,96
102,8
13,110
146,68
11,88
58,21
137,85
28,215
143,75
145,21
60,224
15,141
108,148
89,14
45,225
16,36
93,10
94,168
77,208
83,12
138,84
29,216
106,151
143,80
14,167
16,194
108,147
15,138
19,207
38,25
20,199
41,222
120,118
139,12
127,6
21,32
8,43
27,217
135,88
11,86
125,108
77,201
5,55
152,32
10,130
31,221
148,20
24,26
78,205
14,174
141,83
15,147
111,143
120,125
9,53
31,218
106,153
69,19
148,19
5,65
6,81
81,16
105,154
14,177
141,76
18,204
117,125
121,122
27,215
5,57
9,62
103,156
16,152
18,180
6,72
146,16
21,202
67,219
130,105
23,214
90,11
41,24
152,53
13,162
18,175
6,67
156,33
14,131
21,211
136,13
32,221
71,212
147,73
115,6
16,150
153,35
64,221
84,16
86,185
17,169
91,174
25,25
33,218
125,9
145,75
148,64
155,30
153,36
65,218
10,48
107,150
17,162
8,102
97,13
11,96
145,76
143,18
100,157
6,52
107,143
126,114
110,136
22,212
149,25
82,12
46,222
157,41
7,92
48,19
122,6
12,105
145,69
76,14
80,201
134,97
118,122
83,196
10,83
9,67
141,17
128,10
131,7
91,181
18,34
93,169
92,172
7,85
137,14
53,226
152,24
9,68
112,134
140,85
107,10
92,171
95,174
26,28
7,82
59,220
152,31
79,17
119,126
87,183
96,165
150,29
11,140
81,192
119,119
10,76
123,112
114,136
72,215
92,10
113,139
149,61
154,40
75,211
11,133
86,12
128,103
10,119
123,9
126,6
114,131
77,13
41,225
14,123
73,208
149,70
24,214
11,45
71,15
82,192
10,126
138,11
15,190
19,187
131,104
153,27
13,116
146,74
113,133
154,58
104,11
76,209
98,162
104,154
145,19
151,29
9,105
10,121
12,146
15,135
19,192
153,28
146,69
40,21
117,9
11,91
124,109
137,84
143,74
145,20
15,140
108,149
64,19
118,128
16,37
94,169
77,207
117,131
44,24
137,93
87,11
16,195
108,140
17,203
15,149
19,206
41,221
43,225
120,119
139,15
8,44
125,107
77,200
5,54
152,33
44,23
9,51
14,175
15,146
111,142
132,94
120,126
115,133
154,30
70,218
130,7
5,63
9,52
105,8
69,18
18,186
5,64
105,153
14,182
18,205
146,22
117,124
63,16
48,226
27,214
5,56
9,61
16,153
18,181
6,73
146,17
44,222
14,40
53,19
23,209
65,16
147,67
152,54
13,161
18,172
156,34
14,128
21,210
39,25
32,222
144,77
143,15
147,72
115,9
152,61
16,151
17,31
153,34
64,222
45,20
134,12
86,190
107,144
17,168
8,96
148,65
56,21
23,30
6,50
65,217
10,49
13,36
17,161
8,103
157,47
139,89
11,99
15,38
100,158
91,14
38,220
148,63
6,53
151,66
107,142
110,137
22,213
82,13
157,40
7,95
12,106
34,219
35,219
57,221
80,202
118,123
10,80
9,66
30,23
141,16
116,5
142,81
91,180
110,144
18,35
139,87
92,173
99,165
7,84
137,13
53,225
152,25
102,152
122,113
112,135
83,189
154,39
140,86
110,10
150,27
122,9
79,16
119,121
122,120
63,219
72,209
154,46
47,226
87,182
11,143
13,159
98,9
81,199
10,77
101,12
88,15
114,137
72,216
92,11
113,138
154,41
144,15
56,225
75,210
150,21
11,132
82,198
10,116
49,23
131,98
14,120
73,215
113,131
149,69
24,215
11,44
147,19
98,168
61,20
104,148
55,225
10,127
12,148
15,185
19,186
55,22
153,26
13,115
90,176
146,75
113,132
154,59
11,37
76,210
28,218
104,155
62,20
12,147
123,6
19,195
