37,358
23,183
25,217
202,310
263,192
213,288
31,292
269,25
217,280
45,61
216,282
37,367
292,44
41,401
272,176
229,19
49,418
301,59
146,37
299,122
285,35
33,74
37,360
292,43
23,197
253,21
202,312
294,130
210,296
31,298
19,105
48,418
151,408
23,194
262,195
264,190
230,258
272,174
294,133
248,221
67,438
31,275
270,178
19,110
76,440
296,126
99,444
300,122
230,255
160,391
43,408
150,412
58,55
298,51
249,218
31,280
128,41
19,119
186,339
278,164
102,45
35,337
108,444
41,397
35,318
290,42
42,404
19,124
256,21
156,35
67,53
304,107
35,342
198,317
224,269
43,406
266,187
32,298
308,79
273,27
274,171
116,442
31,270
19,133
38,372
39,382
232,251
267,25
284,150
286,150
162,384
261,23
46,61
307,92
308,86
306,92
19,138
39,375
295,130
207,300
192,27
126,436
170,373
35,324
236,246
85,444
103,45
51,59
161,388
242,233
134,433
200,312
19,147
282,156
37,342
55,428
245,19
35,333
21,93
43,64
172,31
306,78
94,444
131,434
37,351
226,264
72,51
237,242
21,102
280,32
47,61
306,73
164,383
264,24
29,264
47,418
288,142
180,351
37,344
78,442
27,235
29,78
164,384
63,435
29,255
303,63
62,434
256,207
21,150
25,83
29,257
174,364
184,342
27,224
221,21
97,47
44,63
29,248
86,444
275,168
39,387
33,315
234,19
215,23
196,324
21,159
25,84
152,407
23,171
300,57
136,431
137,39
29,241
178,355
45,412
33,316
196,323
35,71
21,152
95,444
290,139
181,29
37,371
25,206
194,325
292,135
175,31
69,51
191,330
33,309
109,45
21,161
258,200
23,185
25,215
302,112
146,417
250,214
141,37
306,100
145,418
21,170
204,305
276,166
81,442
154,400
156,396
37,357
23,182
25,216
206,25
202,311
79,442
31,295
101,47
120,440
216,283
37,366
292,45
41,400
80,442
153,404
303,112
195,324
89,444
271,27
250,216
159,392
166,33
304,64
33,73
289,39
23,196
30,270
294,131
152,35
61,55
140,426
31,277
182,350
19,104
119,43
122,438
176,360
180,352
150,410
133,434
262,192
264,191
272,175
239,238
280,31
248,222
31,274
270,179
91,47
19,113
296,127
151,35
159,35
278,162
282,33
156,400
199,25
41,395
250,19
36,71
54,57
244,226
266,25
177,31
31,283
19,118
148,37
131,39
113,442
122,440
176,358
234,250
35,336
41,396
83,444
290,43
216,21
19,127
280,156
304,108
284,152
224,270
266,184
274,168
79,49
92,444
19,132
39,377
232,252
284,151
124,41
162,385
235,246
308,87
118,442
306,93
273,172
19,141
39,374
126,437
77,442
95,47
170,370
35,327
164,33
75,51
51,58
242,230
200,313
19,146
129,41
144,37
35,332
186,29
199,316
251,21
306,79
55,55
29,270
37,350
257,21
226,265
102,444
21,101
22,93
280,33
47,60
306,70
237,19
296,48
264,25
247,222
29,263
174,362
288,143
27,234
29,77
298,126
61,434
63,434
28,240
29,254
144,418
39,389
209,23
301,116
21,149
29,256
174,365
270,26
184,343
23,173
27,227
48,59
29,247
197,27
39,386
187,29
33,314
215,22
291,43
148,416
21,158
152,408
295,47
23,170
300,58
169,31
29,240
51,424
158,396
72,440
220,272
166,380
208,296
45,411
33,307
288,37
21,167
37,370
130,436
259,200
25,205
103,444
267,184
130,39
162,33
33,308
21,160
258,201
254,208
297,51
23,184
25,214
29,81
302,113
204,25
138,430
250,215
306,101
21,169
204,306
277,31
276,167
154,401
156,397
37,356
23,177
260,200
112,442
202,308
155,35
31,294
101,46
23,89
216,284
255,208
37,365
140,428
181,350
74,440
42,65
97,444
250,217
214,286
265,188
304,65
58,432
22,170
27,221
238,242
61,54
210,294
140,427
31,276
19,107
134,39
119,42
122,439
176,361
106,45
180,353
106,444
188,336
150,411
262,193
230,256
298,54
26,83
244,228
65,436
268,180
31,285
270,176
254,21
219,21
19,112
186,342
159,34
278,163
300,116
41,394
43,410
206,304
244,227
207,25
66,53
31,282
19,121
225,266
176,359
160,33
252,210
142,426
168,33
231,254
35,339
189,27
179,29
290,40
291,138
37,71
293,45
27,81
46,416
69,438
19,126
280,157
242,19
304,109
107,45
167,33
60,432
266,185
274,169
19,135
39,376
116,43
232,253
53,428
255,21
100,444
139,37
302,62
286,148
35,321
233,19
308,80
19,140
233,250
31,75
77,441
170,371
35,326
242,231
200,314
55,57
282,154
129,40
55,430
149,37
123,438
35,335
219,276
240,234
239,19
306,76
34,73
299,55
29,269
217,21
37,349
226,262
21,100
297,126
63,436
211,23
110,444
112,43
33,303
306,71
274,28
296,49
29,262
174,363
128,436
27,237
127,436
93,47
61,433
29,253
125,41
144,419
39,388
276,29
21,148
190,334
270,27
184,344
23,172
27,226
133,39
29,246
158,394
197,26
178,358
165,33
166,378
187,28
33,313
21,157
290,142
25,203
228,19
300,59
258,22
118,43
145,37
220,273
222,21
208,297
45,410
284,35
33,306
288,38
35,73
21,166
37,369
25,204
27,240
150,35
158,35
111,444
277,164
281,33
204,308
224,21
249,19
254,209
23,187
25,213
265,25
29,80
292,136
168,374
223,270
306,98
87,444
21,168
204,307
156,398
104,444
71,439
57,55
37,355
39,67
23,176
112,443
202,309
194,27
31,289
184,29
101,45
179,354
223,21
34,316
37,364
68,438
123,41
214,287
211,292
304,66
272,27
23,198
27,220
61,53
210,295
31,279
182,348
19,106
185,342
246,226
176,362
180,354
126,41
163,33
74,51
218,278
260,23
234,246
188,337
150,408
230,257
206,302
298,55
244,229
192,328
31,284
268,181
270,177
19,115
205,25
252,212
75,440
278,160
300,117
304,112
41,393
205,304
207,24
86,49
90,444
19,120
111,43
244,19
228,258
214,288
252,211
218,280
171,31
264,192
234,248
35,338
290,41
37,70
192,326
19,129
280,158
304,110
286,146
162,388
79,51
19,134
39,379
115,442
232,254
31,77
53,427
302,63
286,149
35,320
135,432
286,36
308,81
226,19
279,31
118,440
172,366
19,143
96,47
77,440
43,63
35,329
214,23
308,88
200,315
19,148
55,56
294,46
282,155
149,36
136,39
161,33
35,334
240,235
169,33
109,444
305,69
306,77
29,268
37,348
203,25
226,263
104,45
174,31
21,99
33,302
274,29
148,412
296,50
84,49
29,261
222,270
24,198
27,236
154,35
212,288
231,19
298,124
61,432
29,252
177,358
287,146
144,420
163,384
276,30
64,53
184,345
23,175
27,229
100,47
29,245
158,395
197,25
166,379
280,160
45,416
33,312
305,104
52,57
21,156
25,89
191,27
201,312
25,202
209,296
28,81
304,63
258,23
220,274
208,298
33,305
288,39
35,72
256,208
21,165
258,204
229,258
37,368
130,434
132,434
60,55
23,189
25,211
260,196
306,104
154,404
39,69
188,334
23,186
25,212
90,47
292,137
168,375
138,428
122,41
306,99
156,399
71,438
37,354
23,179
261,196
176,31
110,45
147,37
112,444
227,262
31,288
241,19
77,51
276,168
23,91
263,23
37,363
187,338
26,220
115,43
49,422
31,297
88,444
182,346
214,284
304,67
213,23
23,193
27,223
238,240
294,134
210,292
248,218
67,437
31,278
182,349
19,109
247,19
218,279
84,444
160,388
234,247
41,391
225,21
150,409
188,338
206,303
298,52
244,230
192,329
31,287
268,182
19,114
111,45
94,47
186,340
228,260
252,213
278,161
300,118
238,19
41,392
82,442
155,400
157,396
35,317
19,123
228,259
142,424
185,29
98,444
121,440
304,104
50,59
234,249
35,341
198,318
224,266
43,405
266,188
179,31
37,69
274,172
245,226
27,83
192,327
19,128
39,381
280,159
120,41
304,111
286,147
107,444
198,320
236,19
79,50
172,368
19,137
39,378
31,76
53,426
36,342
170,374
139,39
302,60
35,323
127,41
208,23
286,37
308,82
242,234
118,441
134,434
172,367
88,49
19,142
202,25
227,19
40,67
196,27
35,328
71,51
236,242
136,432
283,35
308,89
200,316
294,47
282,152
87,49
149,35
157,35
68,53
240,236
169,32
306,74
164,380
29,267
47,417
129,39
37,347
281,156
54,428
21,98
33,301
306,69
287,37
256,204
148,413
296,51
29,260
222,271
27,239
193,27
212,289
125,438
298,125
29,251
144,421
39,390
276,31
70,438
165,380
25,87
152,404
190,332
270,25
184,346
23,174
27,228
29,244
158,392
178,356
220,276
166,376
173,31
45,415
196,320
257,204
21,155
25,88
288,144
290,140
25,201
194,326
73,51
271,176
220,275
208,299
33,304
21,164
200,25
130,435
23,188
25,210
260,197
105,45
146,418
41,67
167,376
296,128
197,320
296,47
71,440
39,68
188,335
23,181
25,219
85,49
302,116
292,138
168,376
243,19
138,429
98,47
45,63
306,96
149,412
23,93
32,75
216,280
37,353
41,403
23,178
25,220
65,53
31,291
138,39
23,90
188,27
53,57
37,362
41,404
78,51
66,436
182,29
238,238
49,421
31,296
182,347
19,103
214,285
52,424
73,440
96,444
304,68
225,19
23,192
27,222
264,188
272,172
238,241
243,230
210,293
248,219
67,436
31,273
268,184
143,422
19,108
246,224
218,276
82,49
282,34
300,120
232,19
160,389
41,390
114,43
225,20
262,196
250,20
114,442
206,300
298,53
192,330
31,286
268,183
19,117
111,44
186,341
62,53
228,261
252,214
142,422
300,119
41,399
83,443
35,316
40,390
19,122
183,29
142,425
304,105
35,340
198,319
224,267
43,404
179,30
290,39
93,444
27,82
83,49
19,131
39,380
153,35
230,19
253,210
169,374
162,386
286,35
308,84
172,369
306,94
141,426
19,136
39,373
124,438
126,438
53,425
92,47
222,272
63,53
139,38
302,61
35,322
236,244
275,29
51,57
308,83
147,416
190,27
19,145
178,31
132,39
35,331
236,243
21,95
308,90
44,410
282,153
246,222
226,266
240,237
80,49
33,299
306,75
164,381
29,266
47,416
37,346
27,233
121,41
241,234
21,97
248,19
33,300
274,27
148,414
256,205
24,89
190,330
29,259
174,366
27,238
283,152
212,290
268,25
298,122
29,250
144,422
39,385
215,21
56,55
57,431
25,86
152,405
190,333
89,49
142,37
20,148
25,199
27,231
29,243
51,423
158,393
178,357
166,377
45,414
196,321
57,432
21,154
175,362
252,21
288,145
290,141
25,200
258,21
246,19
69,53
208,300
33,311
21,163
258,202
279,160
23,191
25,209
64,436
173,366
260,198
302,114
41,66
259,23
296,129
306,102
276,164
154,402
210,23
37,359
23,180
25,218
143,37
31,293
45,62
49,59
306,97
23,92
216,281
37,352
41,402
49,419
31,290
170,31
250,218
59,432
33,75
160,392
235,19
37,361
238,239
49,420
293,134
119,41
304,69
23,195
262,194
264,189
269,180
91,444
201,25
272,173
294,132
207,23
248,220
31,272
19,111
20,103
246,225
195,27
251,214
159,33
70,51
218,277
282,35
300,121
230,254
160,390
43,409
278,31
250,21
206,301
31,281
270,180
19,116
186,338
228,262
142,423
41,398
83,442
105,444
35,319
307,79
183,346
171,370
19,125
50,422
304,106
215,284
198,316
224,268
43,407
266,186
274,170
31,271
19,130
203,308
39,383
189,334
101,444
232,250
30,77
135,39
302,59
162,387
308,85
172,370
193,326
306,95
19,139
221,272
39,372
53,424
220,21
170,372
35,325
236,245
308,92
242,232
134,432
19,144
37,343
55,429
99,47
35,330
21,94
43,65
308,91
180,29
294,45
246,223
240,238
21,103
108,45
33,298
306,72
164,382
129,436
59,55
117,442
264,23
29,265
180,350
37,345
117,43
27,232
29,79
212,292
21,96
140,37
285,150
47,59
256,206
148,415
21,151
190,331
29,258
89,47
27,225
137,430
212,291
298,123
29,249
39,384
187,27
57,430
25,85
152,406
119,440
89,48
25,198
27,230
300,56
240,19
136,430
29,242
51,422
178,354
76,51
262,23
45,413
196,322
21,153
288,146
290,138
56,430
37,372
25,207
300,55
139,428
194,324
218,21
292,134
69,52
81,49
212,23
33,310
113,43
21,162
258,203
254,210
38,69
23,190
25,208
260,199
302,115
289,142
146,416
41,65
296,130
306,103
198,25
204,304
276,165
154,403
