12,354
92,16
22,154
42,294
142,174
133,30
86,22
18,334
111,10
97,421
137,273
28,320
175,147
38,228
42,235
44,251
123,396
159,218
145,226
22,157
42,289
133,321
142,177
148,152
131,160
189,106
137,282
156,223
16,196
39,231
39,306
96,423
44,242
133,313
119,405
123,389
34,312
185,119
42,296
64,410
54,46
164,109
131,169
154,135
46,393
32,381
29,320
14,172
36,310
40,124
44,252
24,325
43,118
174,90
58,44
131,174
16,365
81,423
186,113
177,143
30,379
131,151
133,114
154,137
10,178
179,131
129,349
133,131
99,421
12,174
144,169
18,197
22,206
24,153
22,371
125,388
146,161
80,421
44,110
105,419
127,369
131,156
133,123
179,136
187,88
50,54
140,180
181,86
152,143
44,101
171,160
28,148
30,144
125,14
131,133
167,180
133,100
14,338
18,164
76,421
59,42
131,18
62,37
119,12
12,348
52,398
144,167
39,128
82,24
72,30
143,230
44,92
28,147
46,61
68,413
76,26
131,138
42,390
133,109
156,130
158,127
101,420
137,288
12,347
106,10
163,193
75,419
169,170
141,255
165,190
44,91
46,68
127,364
133,86
62,409
187,111
26,374
155,134
163,198
141,248
148,225
44,82
133,95
162,116
64,36
56,403
166,104
32,140
141,241
131,336
23,326
133,55
44,73
111,414
133,88
153,140
94,423
183,120
10,353
145,164
131,345
133,48
173,153
49,395
139,265
42,122
133,65
135,296
29,144
161,213
168,97
115,410
44,281
26,323
140,255
165,193
112,413
133,57
48,58
139,270
38,307
39,387
79,24
133,74
135,289
22,328
44,272
58,404
24,209
131,327
80,24
133,34
139,263
36,133
44,271
89,425
131,332
133,43
189,94
129,358
133,188
125,380
44,262
121,397
12,356
159,215
54,399
131,181
31,318
13,340
150,151
175,149
44,253
133,310
12,355
92,17
22,155
42,295
133,327
142,175
133,29
30,218
137,272
28,321
175,146
38,229
44,244
133,319
145,225
129,18
166,185
23,207
26,209
133,320
148,153
131,163
189,105
40,231
137,281
14,170
16,197
44,243
133,312
119,404
34,313
185,118
42,297
64,411
54,47
54,400
164,110
131,168
83,22
66,34
74,418
38,132
157,223
36,311
20,201
40,125
138,188
24,326
131,145
16,164
129,347
40,298
12,176
109,10
44,112
85,423
177,142
126,379
35,312
93,423
131,150
133,113
10,179
129,348
133,130
12,175
14,191
144,170
22,207
24,154
106,417
125,387
146,158
80,422
44,111
66,412
105,418
127,368
54,48
131,159
133,122
190,101
10,186
11,348
191,95
50,55
140,181
152,144
171,163
44,102
125,13
127,377
184,86
76,28
131,132
167,183
133,99
156,132
14,339
131,21
52,399
26,148
142,237
37,308
38,386
44,93
46,66
68,414
76,27
131,141
42,391
133,108
62,407
156,131
158,124
101,419
67,34
12,340
106,11
169,169
141,254
165,189
43,391
44,84
34,222
127,367
133,85
187,110
26,375
163,201
141,247
108,417
182,86
44,83
86,424
133,94
17,334
63,36
32,141
141,240
131,339
133,54
44,74
173,159
122,12
133,71
47,60
161,211
56,44
19,160
183,123
77,421
60,40
30,318
20,368
131,344
133,63
173,152
139,264
73,28
42,123
133,64
135,299
161,212
168,98
44,282
157,128
165,192
191,97
133,56
48,59
139,257
133,73
33,314
21,158
41,298
44,273
58,405
34,138
89,423
133,33
139,262
36,134
44,264
20,158
89,424
146,225
131,335
132,327
133,42
189,93
129,357
133,187
175,143
125,379
44,263
12,357
159,214
131,180
114,411
108,10
150,148
175,148
70,415
38,227
168,94
42,238
44,254
133,309
102,12
123,393
92,18
42,292
133,326
172,90
142,172
133,28
30,219
86,20
14,362
18,332
113,413
137,279
28,322
49,56
139,186
44,245
133,318
160,116
89,18
129,17
60,405
148,154
131,162
189,104
38,130
40,232
137,280
14,171
119,407
123,391
185,117
54,401
131,171
66,35
51,397
74,419
157,222
20,202
40,126
161,116
174,88
58,42
131,144
133,119
154,140
13,172
16,165
129,346
40,299
12,177
18,200
21,205
10,350
146,164
44,113
177,141
30,377
40,387
131,153
133,112
179,133
35,136
94,16
132,184
133,129
144,171
125,386
146,159
80,423
44,104
66,413
175,88
105,417
127,371
54,49
131,158
167,185
133,121
10,187
176,143
162,110
187,90
70,32
96,16
191,94
176,88
50,52
140,182
152,145
44,103
171,162
31,379
125,12
127,376
131,135
115,10
167,182
133,98
156,133
158,122
14,336
18,162
131,20
169,167
26,149
82,22
38,387
78,26
44,94
63,409
46,67
68,415
51,52
131,140
43,286
133,107
158,125
161,207
188,90
12,341
163,195
169,168
138,271
176,86
141,253
143,233
165,188
44,85
32,314
34,223
127,366
133,84
67,413
163,200
141,246
44,76
86,425
107,417
42,118
133,93
160,213
162,114
183,125
164,193
85,22
32,142
34,382
141,239
131,338
133,53
44,75
153,225
173,158
133,70
135,301
161,210
56,45
183,122
44,284
60,41
30,319
20,369
149,152
133,62
173,151
139,267
18,366
42,120
133,79
135,298
14,194
163,110
168,99
44,283
132,24
191,96
68,32
133,39
48,60
139,256
133,72
135,291
48,395
88,18
21,328
44,274
147,158
185,87
34,139
131,329
133,32
109,417
36,135
129,355
44,265
20,159
185,88
131,334
133,41
189,92
35,225
72,416
129,356
150,146
133,186
29,377
95,423
44,256
121,403
12,358
172,92
131,183
28,213
40,304
113,411
150,149
50,396
175,151
168,95
42,239
44,255
133,308
123,392
141,180
53,50
186,88
42,293
24,371
133,325
26,212
172,91
142,173
148,156
133,27
30,216
86,21
14,363
18,333
113,412
137,278
44,246
133,317
104,419
160,117
129,16
185,115
60,406
142,180
148,155
131,165
23,371
189,103
16,168
38,131
40,233
120,12
137,287
12,188
14,168
37,132
20,204
134,188
45,68
119,406
123,390
181,127
185,116
25,373
103,419
164,104
131,170
157,221
12,187
20,203
40,127
138,186
15,336
36,384
42,286
27,213
174,89
177,139
58,43
131,147
133,118
10,182
105,12
16,166
129,345
40,300
12,178
18,201
36,312
99,14
10,351
44,114
177,140
127,373
93,16
40,388
131,152
165,104
133,127
179,132
133,128
136,188
144,172
22,205
140,184
125,385
20,328
168,177
44,105
32,219
127,370
167,184
133,120
10,184
162,111
92,423
84,22
50,53
140,183
152,146
44,96
171,165
127,379
131,134
167,177
133,97
156,134
158,123
14,337
18,163
131,23
62,40
47,395
82,23
143,227
44,95
100,12
46,64
33,221
131,143
42,389
170,94
133,106
161,206
181,131
187,107
12,342
163,194
169,175
176,87
141,252
143,232
165,187
25,150
44,86
32,315
127,361
133,83
178,137
26,373
163,203
141,245
44,77
42,119
133,92
162,115
113,10
183,124
34,383
141,238
131,341
133,52
44,68
153,224
173,157
116,409
133,69
135,300
161,209
56,46
132,131
44,285
53,399
166,102
60,42
20,370
133,61
139,266
18,367
42,121
133,78
172,159
135,293
14,195
52,50
36,225
168,100
44,276
191,99
68,33
133,38
139,259
34,224
129,361
135,290
28,376
88,19
44,275
11,353
36,383
58,403
185,86
34,136
131,328
133,47
109,416
129,354
150,152
136,289
28,375
123,12
87,425
22,326
44,266
27,322
158,219
171,92
65,36
131,177
133,40
151,146
189,91
33,140
72,417
150,147
133,185
74,28
44,257
121,402
12,359
160,120
131,182
28,214
40,305
50,397
178,86
175,150
183,86
42,236
44,248
133,307
84,423
123,395
159,217
22,158
42,290
24,372
26,213
133,324
142,178
148,157
133,26
30,217
13,191
14,360
18,330
137,277
43,239
44,247
133,316
160,118
55,401
185,114
60,407
131,164
189,102
46,394
38,128
40,234
81,24
137,286
12,189
14,169
20,205
181,126
164,105
131,173
31,219
74,417
157,220
138,187
36,385
42,287
44,116
103,12
177,138
131,146
133,117
154,138
10,183
16,167
40,301
87,20
18,198
24,150
98,421
10,348
146,162
44,115
127,372
40,389
131,155
133,126
179,135
140,185
125,384
20,329
152,140
44,106
134,305
66,411
32,220
110,415
112,10
130,18
149,225
133,103
10,185
13,359
62,38
158,128
144,164
143,229
44,97
171,164
28,144
46,62
127,378
131,137
169,94
133,96
18,160
131,22
173,90
12,344
38,385
97,14
78,24
44,88
100,13
82,423
46,65
131,142
133,105
161,205
181,130
12,343
17,164
163,197
169,174
78,421
100,421
141,251
143,235
165,186
152,225
44,87
32,316
34,221
133,82
15,195
163,202
141,244
44,78
72,415
111,413
133,91
151,225
162,112
141,237
131,340
133,51
44,69
173,156
133,68
135,303
161,208
52,52
115,409
187,113
44,286
26,324
166,103
191,101
35,383
71,30
20,371
133,60
79,421
139,269
133,77
135,292
14,192
52,51
36,226
44,277
27,375
167,100
191,98
68,34
133,37
139,258
34,225
129,360
28,377
88,20
59,405
44,268
117,407
34,137
131,331
133,46
11,187
109,415
129,353
118,407
31,142
125,383
41,235
22,327
44,267
143,172
131,176
189,90
180,86
36,136
133,184
154,223
177,86
44,258
117,409
121,401
160,121
144,227
127,16
57,44
20,160
117,10
61,40
28,215
30,215
40,306
97,423
137,275
175,145
124,389
38,230
42,237
44,249
133,306
123,394
159,216
128,361
42,291
24,373
26,210
133,323
142,179
148,158
133,25
14,361
18,331
137,276
44,240
133,315
160,119
34,314
185,113
42,298
131,167
189,101
46,395
32,379
38,129
40,235
137,285
12,190
36,308
21,371
44,239
127,15
181,125
164,106
131,172
153,223
157,219
16,363
73,417
96,14
19,330
44,117
177,137
131,149
133,116
154,139
10,180
33,381
129,351
40,302
137,271
12,172
18,199
169,177
24,151
10,349
146,163
44,108
127,375
131,154
133,125
179,134
17,365
50,56
140,186
20,330
152,141
44,107
32,221
90,18
131,131
133,102
65,411
130,345
62,39
16,336
144,165
72,28
143,228
147,225
44,98
171,167
28,145
46,63
131,136
167,179
133,111
156,128
161,203
18,161
119,11
12,345
106,12
70,30
143,237
78,25
44,89
100,14
37,385
170,92
133,104
161,204
181,129
57,403
187,109
16,334
163,196
169,173
141,250
143,234
19,367
165,185
44,80
32,317
127,363
133,81
180,131
56,401
95,16
141,243
44,79
30,142
133,90
135,305
162,113
188,107
107,10
34,381
131,343
133,50
44,70
173,155
86,423
42,124
133,67
44,392
120,403
135,302
91,18
183,119
187,112
116,10
166,100
191,100
133,59
48,56
174,151
139,268
18,365
133,76
44,391
135,295
14,193
15,168
36,227
44,278
24,207
133,36
27,148
139,261
38,308
122,397
44,269
15,363
131,330
133,45
179,86
129,352
125,382
44,260
121,399
159,213
25,209
131,179
88,425
137,188
44,259
117,408
121,400
12,353
160,122
131,184
133,31
14,359
97,422
135,188
155,223
45,393
137,274
50,395
175,144
19,201
38,231
44,250
133,305
123,397
159,219
145,227
22,156
42,288
26,211
133,322
142,176
131,161
133,24
189,107
29,215
69,32
90,423
137,283
16,195
44,241
133,314
124,12
64,409
83,423
91,423
164,108
131,166
118,10
154,134
66,36
32,380
137,284
12,191
36,309
119,403
127,14
75,28
24,324
164,107
131,175
16,364
17,197
96,15
71,415
182,125
41,389
44,118
30,378
131,148
133,115
154,136
10,181
129,350
40,303
12,173
144,168
162,203
169,176
24,152
125,389
146,160
25,324
44,109
127,374
54,50
131,157
133,124
179,137
187,89
152,142
44,100
61,407
171,161
167,181
133,101
55,46
76,420
131,19
62,36
52,397
144,166
26,150
121,12
72,29
143,231
44,99
171,166
28,146
46,60
131,139
167,178
133,110
156,129
158,126
14,340
76,419
131,24
101,421
119,10
137,289
12,346
70,31
169,171
143,236
165,191
44,90
171,159
127,365
170,93
133,87
150,225
62,408
181,128
187,108
16,335
163,199
169,172
141,249
44,81
32,318
127,362
133,80
159,122
56,402
141,242
20,367
131,337
44,72
30,143
30,320
111,415
41,124
133,89
135,304
183,121
139,255
23,154
10,352
110,10
131,342
170,167
133,49
44,71
173,154
184,119
98,14
133,66
44,393
135,297
69,415
168,96
77,26
115,411
44,280
26,322
166,101
133,58
48,57
139,271
38,306
133,75
101,12
135,294
128,16
44,279
24,208
102,419
34,140
133,35
139,260
36,132
37,227
44,270
131,333
133,44
129,359
125,381
126,14
40,128
44,261
121,398
114,10
104,12
131,178
190,94
11,178
150,150
133,311
