124,110
149,184
152,212
51,112
180,95
156,192
158,185
161,139
126,56
162,164
130,272
41,219
99,22
146,189
57,59
147,185
124,101
128,282
114,399
169,117
51,121
35,147
111,19
113,400
161,140
126,35
21,189
41,220
21,360
43,224
163,132
182,96
124,124
43,315
126,42
95,414
100,414
23,194
124,123
61,49
156,190
32,372
126,45
41,379
43,222
44,224
118,379
165,154
131,262
124,114
58,55
153,166
120,356
31,205
51,76
160,176
138,222
158,149
126,84
41,380
34,325
71,407
165,131
124,137
120,363
33,372
51,85
173,101
47,385
178,112
118,373
19,346
124,128
120,370
124,330
51,90
140,220
126,70
121,19
181,95
19,355
45,309
124,159
90,27
115,17
132,260
65,402
67,402
124,321
53,262
57,392
51,285
125,318
126,73
159,149
35,324
33,209
124,150
179,110
132,259
116,392
53,271
55,63
167,125
159,146
174,128
124,173
125,25
29,158
53,264
59,394
41,139
134,246
155,159
49,123
167,122
126,305
142,193
128,298
168,145
124,164
129,282
69,405
53,273
41,140
59,54
134,233
49,124
47,228
122,336
176,121
108,406
126,312
128,289
124,163
132,248
118,385
154,198
31,156
126,26
43,137
117,386
37,321
166,154
171,109
122,347
53,65
80,33
124,186
53,242
136,226
126,29
19,175
130,269
116,19
157,154
23,171
25,197
65,46
176,119
122,354
123,336
51,239
89,416
142,218
112,404
31,328
124,177
53,251
154,200
73,408
19,180
21,339
43,135
166,148
172,107
49,301
47,302
126,301
128,193
168,141
149,181
23,362
29,202
51,101
126,188
60,51
49,294
49,233
151,174
51,106
172,128
51,292
158,183
126,54
162,170
164,154
75,410
130,278
39,319
21,357
47,129
124,111
169,115
152,213
33,153
51,115
156,193
161,138
126,57
162,165
130,273
41,218
143,191
181,104
57,58
25,366
83,416
124,102
91,416
128,283
165,127
114,396
169,116
170,138
153,210
66,43
47,127
51,389
51,120
160,172
111,18
45,384
126,32
21,188
145,218
163,135
182,97
23,196
124,125
43,314
126,43
103,19
124,116
93,25
83,31
156,191
124,318
62,49
87,27
126,82
41,378
118,376
100,21
124,115
79,35
79,414
153,165
120,357
31,204
51,79
160,177
173,107
138,223
126,85
39,141
81,415
71,406
165,130
27,161
174,101
85,416
31,371
124,138
93,416
120,364
121,354
124,332
51,84
47,384
177,97
178,113
19,349
32,208
124,129
120,371
124,331
51,93
39,377
140,221
51,279
126,71
145,191
19,354
45,308
124,152
132,261
116,386
65,401
124,322
53,261
157,188
51,284
126,78
106,410
159,148
182,95
174,126
33,208
124,151
35,212
116,393
53,270
55,62
27,367
67,43
139,195
167,124
124,174
180,104
29,157
124,336
53,279
91,25
39,217
134,247
155,158
46,228
122,342
35,373
108,408
126,310
128,299
168,146
175,122
124,165
69,404
53,272
134,238
119,19
24,196
45,135
47,231
122,337
176,122
108,407
53,71
126,313
128,290
30,329
132,249
154,199
126,27
43,136
36,374
37,320
58,394
171,108
122,344
53,64
110,19
49,387
124,187
136,227
154,206
130,266
27,331
157,153
166,146
23,170
25,196
65,45
49,299
51,238
142,219
53,73
23,364
49,388
124,178
53,250
154,201
19,183
133,195
55,392
114,17
166,149
49,300
124,90
168,142
149,180
154,161
51,100
108,19
126,189
154,208
164,156
19,188
102,21
49,293
49,232
146,216
151,169
86,29
51,109
76,35
172,129
28,331
158,180
126,55
162,171
164,155
37,147
130,279
39,318
21,356
45,228
47,128
124,104
34,151
169,114
152,214
33,152
51,114
81,33
156,194
161,137
70,406
126,62
162,162
57,57
147,187
25,365
124,103
128,284
165,126
114,397
170,139
31,208
51,123
51,388
35,149
127,300
160,173
40,317
132,195
101,412
126,33
89,27
163,134
182,102
103,21
124,126
167,146
87,29
126,40
77,412
124,117
153,163
30,204
124,319
51,73
126,83
118,377
71,408
124,140
110,406
112,17
150,216
79,34
153,164
120,358
31,207
51,78
160,178
38,376
173,106
70,41
126,90
81,414
19,343
165,129
27,160
28,159
31,370
124,139
120,365
124,333
51,87
177,96
178,110
82,31
163,162
19,348
80,414
63,400
175,97
124,130
116,388
151,216
120,372
124,324
51,92
39,376
140,222
126,68
96,23
145,190
45,307
124,153
132,262
116,387
65,400
67,404
124,323
53,260
38,216
44,311
51,287
126,79
63,49
20,356
82,416
174,127
124,144
116,394
101,21
156,155
53,269
27,366
64,47
67,42
95,23
63,399
124,175
180,105
53,278
39,216
59,51
59,396
134,244
53,391
171,113
122,343
35,372
71,39
126,311
128,300
86,416
124,166
134,239
45,134
47,230
85,31
104,19
122,350
126,318
53,70
128,291
122,20
53,247
132,250
43,139
50,123
166,152
171,111
65,43
122,345
49,386
124,180
74,410
97,414
136,228
154,207
56,59
19,177
130,267
157,152
166,147
65,44
49,298
122,352
51,241
124,92
53,72
124,179
126,187
53,249
48,386
177,95
19,182
94,414
96,414
124,91
168,143
149,179
51,103
154,209
51,289
164,157
21,175
24,364
78,35
27,201
47,305
146,217
170,134
51,108
38,145
172,130
156,196
29,370
158,181
126,52
162,168
37,146
130,276
22,339
57,55
45,227
47,131
124,105
169,113
152,215
51,117
81,32
156,195
29,331
158,188
126,63
162,163
164,131
57,56
147,186
25,364
25,167
27,199
124,96
128,285
165,125
114,394
170,136
160,174
51,122
35,148
126,38
48,232
163,137
182,103
22,171
103,20
124,127
120,19
155,161
87,28
126,41
77,411
124,118
153,162
150,177
126,80
118,382
31,372
124,141
54,63
120,359
31,206
51,81
160,179
173,105
178,116
74,37
39,143
124,21
165,128
27,163
124,132
118,19
120,366
124,334
51,86
37,215
47,386
139,222
178,111
126,66
19,351
20,343
25,337
124,131
116,389
124,325
51,95
51,281
126,69
141,195
145,189
19,356
124,154
53,259
51,286
126,76
56,392
166,125
63,48
106,408
174,124
124,145
53,268
113,17
134,242
155,155
107,19
71,41
63,398
124,168
180,106
53,277
91,27
134,245
53,390
167,119
171,112
122,340
103,410
126,308
75,35
124,167
132,252
62,398
134,236
140,195
45,133
63,47
85,30
122,351
53,69
128,292
171,134
122,21
31,327
53,246
38,319
132,251
43,381
31,153
126,25
43,138
53,392
166,153
171,110
112,400
23,337
32,327
124,181
53,255
130,194
136,229
154,204
19,176
130,264
21,343
27,333
157,151
37,375
169,140
49,297
122,353
51,240
124,93
51,97
88,416
53,248
19,185
94,415
176,97
149,178
51,102
98,23
172,132
51,288
178,95
126,50
164,158
130,282
21,174
42,315
27,200
47,304
170,135
151,171
51,111
172,131
156,197
29,369
158,186
126,53
162,169
37,145
130,277
99,21
134,195
152,169
78,412
45,226
47,130
124,106
114,400
152,216
51,116
73,39
29,330
50,388
161,143
126,60
163,131
147,189
25,166
27,198
124,97
128,286
114,395
170,137
51,390
33,151
160,175
35,151
90,416
126,39
127,191
42,222
163,136
182,100
20,188
23,193
61,398
124,120
155,160
144,191
126,46
77,410
159,180
48,127
124,119
153,161
51,75
137,195
177,116
126,81
39,145
118,383
124,142
110,404
149,216
120,360
160,180
51,80
173,104
126,88
164,160
39,142
118,374
102,412
124,22
19,345
25,335
27,162
124,133
120,367
124,335
51,89
52,73
92,416
37,214
94,25
161,172
126,67
19,350
25,336
66,402
175,99
124,156
116,390
124,326
51,94
39,378
51,280
126,74
141,194
35,323
174,122
124,155
40,378
132,256
136,195
53,258
37,216
134,248
126,77
106,409
159,145
174,125
105,410
124,146
72,408
180,108
111,404
53,267
55,59
134,243
137,224
167,121
126,306
71,40
124,169
180,107
53,276
91,26
94,416
39,218
59,53
168,119
134,234
49,127
36,323
122,341
35,374
126,309
124,160
107,408
129,193
132,253
118,386
41,317
134,237
46,131
138,224
45,132
85,29
122,348
126,316
53,68
128,293
53,245
36,147
43,380
126,30
130,270
176,116
112,401
28,202
124,182
53,254
130,195
136,230
154,205
19,179
130,265
21,342
27,332
157,150
37,374
60,396
23,167
49,296
47,301
68,41
124,94
126,302
23,361
33,327
51,96
28,368
88,27
19,184
54,392
149,177
151,173
173,128
51,105
76,410
99,414
172,133
51,291
126,51
164,159
21,173
37,376
47,307
124,108
125,90
143,218
152,210
151,170
51,110
156,198
29,368
158,187
126,58
162,166
130,274
98,414
26,163
84,416
144,218
20,175
117,19
45,225
50,236
124,107
169,119
46,384
51,119
73,38
111,17
29,329
161,142
126,61
21,191
41,222
22,360
182,98
147,188
25,165
44,135
124,98
128,287
43,313
35,150
81,31
126,36
100,412
182,101
23,192
61,397
30,370
124,121
170,113
61,51
151,177
156,188
126,47
124,112
43,311
79,413
120,354
51,74
106,19
126,86
39,144
118,380
102,410
48,301
104,410
124,24
24,337
124,143
110,405
128,191
153,169
120,361
51,83
173,103
178,114
126,89
164,161
118,375
124,23
19,344
147,216
25,334
68,404
175,101
124,134
148,185
120,368
124,328
51,88
37,213
126,64
119,372
19,353
45,311
175,98
124,157
116,391
124,327
57,394
84,31
51,283
126,75
141,193
148,216
174,123
124,148
35,211
132,257
53,257
55,61
159,144
124,147
180,109
53,266
115,394
134,240
155,157
167,120
126,307
128,296
124,170
53,275
41,315
59,52
134,235
49,126
95,25
122,338
52,279
126,314
75,37
124,161
132,254
41,316
37,323
171,107
45,131
122,349
34,372
126,317
53,67
143,193
128,294
159,143
27,159
122,19
124,184
53,244
136,224
31,155
126,31
130,271
116,17
23,169
47,232
176,117
51,237
112,402
23,339
124,183
53,253
44,382
136,231
154,202
73,410
19,178
130,262
21,341
24,167
157,149
166,150
26,198
51,242
124,95
126,303
149,183
23,360
29,204
33,326
51,99
126,190
19,187
42,139
49,235
151,172
45,383
51,104
179,95
172,134
155,198
51,290
87,416
126,48
162,172
130,280
21,172
39,317
21,359
27,202
49,236
47,306
124,109
52,242
149,185
152,211
51,113
158,184
125,187
126,59
162,167
40,141
130,275
99,23
53,63
182,104
25,163
45,224
124,100
114,398
169,118
170,140
51,118
73,37
123,21
161,141
126,34
21,190
41,221
163,133
182,99
25,164
124,99
43,312
69,41
126,37
109,19
100,413
135,195
23,195
61,396
64,400
124,122
61,50
151,176
156,189
50,293
126,44
21,192
77,35
43,223
81,416
118,378
141,220
124,113
79,33
79,412
153,167
120,355
51,77
36,212
40,218
126,87
118,381
102,411
124,25
124,136
153,168
120,362
51,82
173,102
178,115
52,390
164,162
22,192
42,380
118,372
19,347
25,333
175,100
124,135
120,369
124,329
51,91
37,212
138,195
126,65
19,352
45,310
124,158
67,403
124,320
53,263
57,393
26,366
51,282
126,72
35,325
37,319
30,157
33,210
124,149
35,210
132,258
53,256
55,60
133,248
67,41
159,147
124,172
180,110
29,159
53,265
59,395
134,241
155,156
167,123
126,304
128,297
168,144
124,171
34,210
69,406
53,274
41,141
59,55
134,232
46,307
49,125
95,24
47,229
122,339
176,120
126,315
128,288
75,36
97,23
124,162
132,255
118,384
31,157
162,137
27,368
37,322
122,346
32,153
53,66
143,192
128,295
124,185
53,243
43,382
136,225
31,154
126,28
130,268
116,18
26,333
135,232
157,155
23,168
25,198
65,47
176,118
51,236
72,39
112,403
23,338
160,143
31,329
124,176
53,252
130,193
136,232
154,203
73,409
19,181
130,263
21,340
166,151
47,303
126,300
142,220
128,192
168,140
149,182
23,363
29,203
33,325
51,98
126,191
154,210
19,186
92,25
49,295
49,234
146,218
151,175
45,382
105,19
51,107
109,406
131,195
51,293
158,182
126,49
130,281
21,171
21,358
