49,146
75,104
93,158
21,28
238,115
65,50
46,12
302,122
12,59
271,128
94,54
52,17
254,77
26,161
136,108
267,92
31,15
114,60
25,162
117,17
269,129
90,53
36,41
92,158
240,63
164,102
294,139
261,82
104,137
69,47
180,38
36,184
113,77
111,19
82,170
264,89
234,113
255,78
220,60
77,48
116,125
26,168
299,122
102,56
268,93
200,48
164,30
186,111
242,64
243,114
47,148
32,179
54,46
110,59
56,132
275,98
5,53
226,121
9,50
29,175
12,41
250,115
56,115
113,70
296,119
24,28
62,9
248,69
235,122
270,90
109,18
255,119
39,156
224,62
295,118
116,68
82,52
136,26
28,24
50,13
40,11
21,55
257,80
315,147
154,31
58,44
103,97
106,135
251,120
291,107
38,190
148,29
293,142
62,48
45,40
49,45
13,63
159,32
86,170
270,93
108,131
235,115
116,67
117,123
227,64
65,109
28,23
121,120
304,125
284,137
14,38
149,107
243,64
150,107
26,45
99,154
154,102
46,40
29,48
242,114
206,116
124,114
276,98
169,104
78,178
195,114
86,50
237,62
84,12
249,75
202,115
117,68
64,112
193,41
46,192
263,127
306,149
90,102
253,79
258,80
78,10
26,52
207,119
125,117
53,131
86,53
42,39
295,140
84,11
178,112
217,59
60,12
25,22
117,77
116,81
228,64
51,188
200,44
129,112
104,93
51,45
93,101
59,189
9,46
66,9
29,179
103,140
31,179
194,114
108,89
111,60
260,121
264,124
91,160
60,11
281,133
65,112
121,19
104,53
47,192
14,59
70,180
306,135
109,135
103,52
72,109
22,58
115,17
133,109
27,45
100,144
247,67
30,42
54,188
23,25
6,51
10,62
83,169
141,110
72,182
289,109
149,30
228,118
72,5
109,128
309,147
75,48
130,112
39,14
172,32
285,138
143,28
61,110
30,45
31,161
109,87
94,14
58,186
224,121
244,116
83,174
88,163
87,53
67,185
87,170
57,115
293,114
297,119
100,55
101,143
194,44
108,55
22,52
101,16
29,158
30,20
122,119
158,105
269,90
159,101
54,142
112,129
40,190
220,117
77,103
260,86
244,115
101,97
248,118
49,123
85,167
87,50
307,149
18,32
60,16
43,40
206,51
48,189
263,88
85,8
157,32
286,139
233,119
72,51
272,96
76,176
114,127
297,120
61,15
48,12
197,42
241,64
277,130
79,10
56,43
54,129
245,116
210,54
10,43
49,124
230,61
92,54
277,100
283,133
104,17
53,120
54,126
182,35
76,175
98,156
26,26
122,22
71,179
19,57
75,180
310,135
147,108
98,15
299,146
88,9
202,49
183,113
276,130
116,20
244,65
50,125
32,43
31,45
35,38
167,104
171,109
33,12
200,118
54,113
273,96
57,134
293,109
311,151
226,64
251,72
52,143
36,158
19,62
274,129
241,114
80,176
61,114
173,35
109,59
168,104
245,70
23,171
65,46
267,128
69,185
16,59
179,34
57,143
261,125
219,56
237,110
101,52
302,143
269,126
198,44
91,98
23,51
192,117
212,120
31,19
70,106
313,141
28,173
11,47
283,104
231,61
176,110
72,47
115,83
207,52
287,140
108,18
73,48
128,112
77,179
187,40
170,32
190,39
270,127
255,82
55,17
64,7
193,114
106,91
161,105
70,109
53,43
127,20
160,101
313,150
258,123
8,57
44,149
28,164
85,53
157,29
139,107
16,41
34,159
289,141
292,142
222,118
105,18
175,36
113,82
183,36
205,119
92,98
20,60
111,125
25,47
99,16
26,167
278,134
157,101
213,120
89,10
218,117
75,107
93,157
21,27
95,100
65,49
28,163
29,43
302,123
236,62
93,14
58,16
222,121
221,121
83,8
271,131
113,75
192,43
229,122
87,12
234,119
37,157
294,115
25,48
300,142
303,131
31,14
178,37
182,110
114,61
65,10
16,39
90,50
144,108
92,159
164,103
104,138
286,107
36,185
113,76
58,138
296,113
82,171
210,116
123,23
220,61
111,131
26,169
120,121
181,113
208,49
8,46
228,60
47,151
30,181
68,8
32,180
56,133
110,56
41,42
5,52
226,118
262,88
35,155
56,116
113,69
41,187
24,29
280,135
62,14
212,52
270,91
146,29
55,117
255,118
224,63
295,113
26,176
300,124
303,145
21,54
315,146
99,148
154,28
145,108
22,31
61,48
9,58
262,83
246,116
105,14
103,96
287,105
148,30
41,188
98,55
62,49
134,25
86,171
274,97
38,14
99,12
65,108
49,189
304,126
284,138
14,39
142,24
89,102
252,73
110,91
46,41
124,115
34,186
112,16
57,190
165,106
276,99
115,61
98,95
280,102
133,113
189,116
195,117
249,74
193,40
263,126
306,146
53,17
74,182
309,135
258,81
26,53
27,161
34,181
271,127
204,50
246,70
37,41
239,109
295,143
81,7
284,105
105,137
288,108
217,58
116,82
117,76
196,42
200,45
74,177
75,5
225,59
27,166
137,23
154,105
211,120
55,187
93,100
275,129
22,32
170,105
79,49
209,50
9,45
66,6
84,172
31,178
108,90
91,50
35,183
219,121
131,21
41,151
260,122
63,184
304,148
68,181
97,152
281,132
227,118
121,18
70,181
109,134
225,60
68,107
22,59
64,184
27,44
100,145
141,28
215,117
109,93
41,152
259,81
62,45
45,11
285,103
107,139
72,183
141,109
110,132
62,188
164,33
75,51
176,36
73,105
19,37
98,99
79,7
134,109
100,152
88,53
64,46
88,164
126,113
18,38
82,11
135,23
45,149
213,57
87,165
71,47
311,139
169,35
78,103
101,142
194,45
15,41
76,9
22,53
138,107
122,116
30,21
269,89
112,130
113,20
166,30
59,48
40,191
43,154
301,147
49,122
288,136
18,33
43,43
206,48
286,136
144,28
53,126
292,108
186,36
80,52
61,14
143,109
184,114
310,141
152,27
27,51
163,102
56,44
54,134
60,185
210,55
156,31
277,99
99,95
63,45
11,59
174,32
107,15
73,179
54,127
308,132
58,114
26,27
105,53
51,17
15,63
143,106
148,103
98,12
116,21
244,66
82,101
65,187
85,168
31,44
90,165
35,41
92,14
167,107
171,108
100,94
11,48
272,95
54,118
110,19
57,133
200,119
98,148
79,106
298,121
250,75
86,8
73,5
112,88
165,34
241,113
240,109
80,177
61,113
109,58
273,129
24,163
188,116
64,10
245,69
257,120
23,170
172,109
11,41
69,184
179,37
253,118
308,138
197,115
57,142
39,42
169,31
95,153
262,122
153,102
91,101
40,155
77,10
23,50
188,115
265,128
213,117
70,107
40,42
114,17
113,129
313,140
278,100
135,112
28,174
176,111
71,8
48,41
69,50
162,33
290,106
128,113
113,88
38,153
77,178
229,119
52,13
298,141
46,152
107,90
53,42
127,23
57,47
238,110
258,120
44,150
46,11
104,14
157,28
32,160
34,156
289,140
147,26
94,162
105,17
34,15
113,81
183,39
98,16
151,30
27,20
20,61
278,135
89,9
181,110
74,104
129,24
203,49
238,113
29,42
58,17
261,87
83,11
271,130
37,11
113,74
209,116
195,41
215,58
294,112
26,175
300,143
303,130
178,34
238,120
243,111
65,9
140,106
144,109
275,95
314,142
225,118
104,139
216,58
286,104
113,67
58,139
296,114
24,23
123,22
254,122
117,119
64,109
299,124
50,16
267,87
203,47
149,103
208,50
8,47
228,61
28,178
165,103
5,51
190,113
113,68
24,30
280,136
120,18
49,42
305,128
146,26
55,116
96,11
295,112
26,177
299,117
300,125
121,117
85,103
303,144
53,14
315,149
140,24
53,191
314,144
9,57
246,117
47,12
106,133
287,104
37,38
235,117
274,94
188,37
191,40
252,74
27,171
50,149
34,187
280,103
106,140
34,42
17,34
259,125
61,185
279,102
173,106
105,135
160,33
177,111
95,51
124,20
70,184
309,134
27,160
28,159
174,106
291,138
204,51
118,18
246,71
103,145
270,130
284,106
105,136
288,109
18,58
181,35
37,185
116,83
117,75
48,147
124,19
221,61
201,49
97,96
79,48
134,112
9,44
83,53
118,21
247,68
84,173
35,182
91,53
56,17
55,43
111,62
54,187
59,44
162,105
63,187
282,136
66,182
68,182
13,40
289,106
199,118
203,115
42,191
63,8
292,112
175,110
216,117
53,147
19,31
41,14
100,146
141,27
89,167
91,10
109,92
76,107
6,49
79,174
244,111
285,102
107,138
307,137
110,133
39,187
63,49
164,34
96,157
189,38
48,16
29,18
231,122
69,107
179,112
108,58
272,131
19,36
240,66
98,96
79,6
100,153
47,41
234,61
89,168
81,105
304,131
88,165
107,131
238,65
208,116
44,189
82,8
135,22
283,137
191,117
232,122
213,56
51,149
110,127
311,138
26,22
125,23
52,188
55,129
94,100
64,183
54,140
112,131
111,85
166,31
205,48
279,131
119,21
301,146
49,121
288,137
127,117
206,49
68,50
53,125
218,60
292,109
186,37
115,121
79,103
298,116
103,93
250,70
180,112
71,180
201,45
56,190
271,91
75,177
226,63
27,50
301,122
305,127
52,42
163,105
54,135
276,133
60,186
244,68
119,18
249,119
96,51
174,33
69,181
107,14
196,118
73,178
308,133
58,115
115,126
150,30
98,154
83,105
51,16
52,130
256,82
274,132
119,122
31,158
111,91
42,11
298,145
151,106
65,186
102,97
212,116
235,61
90,162
42,154
23,172
100,95
32,156
54,119
110,16
311,145
98,149
81,171
250,72
86,9
88,99
112,89
240,110
296,144
152,106
30,15
123,116
198,43
54,145
273,128
24,164
23,52
64,11
31,20
89,53
160,105
95,11
23,165
7,47
68,47
197,114
253,117
308,139
201,119
57,141
81,172
262,123
104,144
214,53
52,144
310,151
27,25
87,99
40,156
77,9
223,62
156,101
213,116
106,94
290,137
113,128
278,101
8,52
282,104
28,175
115,85
211,51
290,107
229,118
49,13
106,54
52,14
92,101
20,55
96,96
153,31
107,93
258,121
32,161
36,38
93,51
147,29
12,63
34,12
291,112
113,80
67,108
111,127
102,13
267,88
181,109
74,105
238,118
99,99
117,21
32,184
16,34
261,86
66,46
51,117
33,159
36,188
37,10
113,73
239,66
296,140
82,174
264,85
305,149
111,132
77,52
25,54
136,111
199,44
21,34
114,59
242,68
30,176
140,107
33,39
110,55
275,94
41,39
314,143
12,45
250,119
52,116
17,62
36,187
184,36
113,66
58,136
112,124
24,24
160,29
108,136
116,120
268,88
203,46
78,52
28,179
303,123
145,105
276,95
22,26
314,150
52,115
38,186
113,123
62,12
45,44
49,41
109,15
74,51
163,33
96,12
39,153
45,189
300,126
84,104
121,116
303,147
107,57
89,99
110,86
40,14
315,148
103,13
30,162
124,118
57,187
78,174
47,15
34,16
291,108
38,189
113,124
293,139
81,11
102,94
235,116
202,119
188,38
117,120
28,18
191,43
14,37
182,113
75,9
258,84
78,6
27,170
63,109
50,146
90,13
115,63
78,177
66,50
247,113
86,49
106,141
17,33
295,144
259,124
134,22
279,97
217,55
198,115
168,34
99,55
85,104
267,125
196,45
14,44
90,101
253,76
309,133
312,151
26,51
45,192
174,107
125,114
291,141
130,21
170,108
281,103
31,183
108,93
260,125
105,143
178,111
217,56
18,59
181,34
185,39
60,15
25,27
117,74
223,118
51,129
161,30
114,86
103,56
68,110
51,46
72,105
201,48
134,113
83,52
155,28
229,61
29,176
247,71
33,181
162,102
111,57
282,137
10,50
66,183
264,127
13,39
106,14
307,131
91,165
185,40
42,188
25,28
63,11
104,56
213,53
306,130
309,151
292,113
97,15
100,12
27,177
30,158
105,95
15,37
53,146
19,30
256,119
22,57
137,111
30,41
91,13
183,110
58,190
23,26
83,170
307,136
35,15
39,186
97,151
72,8
96,158
297,115
172,35
265,90
29,17
285,135
143,25
272,132
112,62
256,78
240,67
138,110
30,16
158,101
54,138
220,121
113,17
77,107
248,114
304,132
191,116
85,12
67,186
51,148
161,33
253,80
53,115
286,135
57,112
76,180
297,116
197,46
310,136
222,62
277,134
54,141
111,84
205,47
307,150
127,116
146,104
263,85
53,124
76,179
114,122
79,102
298,117
48,15
266,90
250,71
180,113
71,183
75,176
147,104
240,113
226,60
118,118
301,121
305,126
55,14
276,134
244,69
245,113
28,44
84,49
249,118
57,17
171,105
283,134
252,116
182,38
92,160
58,112
98,155
26,25
83,104
52,131
237,121
19,58
256,83
274,133
138,27
302,128
88,12
111,90
183,114
28,43
50,120
132,25
42,155
7,49
282,103
32,157
311,144
251,77
112,90
76,48
148,104
24,54
173,32
102,142
177,37
123,119
128,20
20,34
168,107
24,165
132,113
192,113
114,20
11,43
16,62
57,140
95,155
261,122
265,127
104,145
204,116
62,110
27,24
202,46
24,172
102,16
156,102
106,95
257,119
8,53
44,153
289,137
308,147
58,13
115,84
44,40
207,49
158,32
145,29
128,115
239,63
209,120
190,42
49,12
131,111
28,48
157,105
43,14
29,47
93,50
94,160
97,55
175,33
113,87
94,51
58,135
205,116
67,111
111,126
132,110
26,162
300,146
49,150
232,61
267,91
75,108
238,119
95,97
99,98
68,5
16,35
93,11
221,118
51,116
286,103
113,72
296,141
82,175
264,86
210,120
123,19
106,57
87,9
305,148
234,114
255,77
37,154
77,51
25,53
120,117
199,47
185,114
21,33
63,113
30,177
303,125
33,38
54,43
294,143
80,7
226,122
12,46
250,116
180,34
56,112
112,125
113,65
58,137
59,13
24,25
108,137
74,9
224,59
295,117
116,121
136,23
268,89
257,83
25,175
100,98
32,183
145,104
22,27
62,13
101,94
248,73
212,55
305,134
270,94
74,48
38,10
39,152
116,64
171,32
102,55
89,98
110,87
257,84
186,114
80,102
26,46
99,153
124,119
56,143
57,186
94,156
5,58
280,98
44,11
78,175
237,65
291,111
81,10
249,70
13,59
106,18
235,119
42,192
116,79
117,71
300,118
28,19
191,42
46,189
14,42
312,145
21,60
242,110
243,68
100,16
27,173
46,44
90,10
53,134
112,19
115,62
169,108
189,113
246,66
195,118
33,186
241,63
59,16
84,8
156,32
70,47
168,35
263,123
196,46
107,54
90,98
253,75
74,181
129,115
101,151
155,105
211,116
53,143
55,191
256,122
247,73
103,147
31,182
63,188
105,142
13,45
178,108
43,192
117,73
51,128
161,29
306,136
268,125
309,141
75,6
114,87
101,144
68,111
72,106
54,14
93,97
275,130
41,11
297,145
155,31
66,5
69,8
33,180
35,184
214,117
111,56
42,42
6,60
45,15
285,107
72,179
307,130
91,164
110,128
97,157
62,184
50,45
213,52
14,63
309,150
292,114
96,152
100,13
29,23
47,189
50,188
179,109
15,36
64,187
30,46
94,11
259,82
10,58
83,173
107,140
141,106
35,14
38,41
149,26
97,150
44,192
45,153
87,169
71,51
311,143
39,10
96,159
297,114
100,52
265,89
29,16
143,24
112,63
256,79
138,111
269,93
54,139
113,16
40,187
79,177
279,132
244,112
248,115
107,133
18,37
168,31
107,18
87,166
53,114
58,111
78,106
26,20
100,51
15,42
55,131
310,137
241,67
184,110
301,127
60,189
260,82
10,44
32,17
235,65
93,163
60,44
42,150
263,84
53,123
114,123
266,91
51,13
147,107
152,30
297,141
299,145
118,119
301,120
126,23
56,47
20,29
131,114
42,14
82,105
210,50
245,112
85,172
32,40
50,126
70,5
92,50
166,103
277,96
63,46
252,117
272,91
54,114
110,15
182,39
200,115
115,64
81,176
214,57
236,110
237,120
19,61
55,145
24,48
102,148
302,129
88,13
86,103
113,59
23,57
50,121
31,41
89,50
7,48
282,100
36,11
54,117
311,147
36,154
24,55
101,55
177,36
87,100
109,55
128,21
20,35
168,108
132,114
245,66
192,114
67,8
40,38
23,167
278,96
11,42
176,107
16,63
273,93
95,154
73,51
219,60
112,82
290,110
302,147
163,30
255,81
24,173
46,148
102,17
70,110
53,46
258,124
60,48
8,54
135,109
71,5
48,44
287,136
145,28
128,116
38,156
239,62
77,175
81,52
131,110
278,131
28,49
217,120
71,109
74,108
57,44
257,79
238,109
8,61
28,160
29,46
85,49
283,101
33,43
34,155
292,138
94,161
97,54
80,10
225,121
112,64
187,37
151,27
192,40
305,146
20,56
59,111
139,23
161,102
71,106
238,116
203,50
95,96
302,127
233,65
140,110
16,36
144,105
93,10
221,117
133,25
216,54
17,59
113,79
195,42
234,115
254,118
37,153
166,34
60,110
26,170
120,118
84,100
178,33
218,120
21,32
80,105
63,112
30,182
303,124
294,140
5,55
12,47
268,129
73,47
56,113
59,12
280,132
230,119
234,122
108,138
254,121
220,57
294,110
295,116
191,39
303,148
315,145
25,174
208,53
99,147
47,147
266,128
110,60
164,106
190,116
246,113
158,29
287,108
35,159
41,191
134,26
248,74
305,133
70,50
142,106
235,113
146,25
55,113
274,98
59,114
188,41
171,35
116,65
82,49
65,111
102,52
85,100
299,118
300,120
252,78
312,139
186,115
26,47
47,152
140,27
53,188
56,144
94,157
276,96
5,57
280,99
9,62
262,87
29,163
33,160
148,26
259,121
98,51
61,189
173,110
249,69
177,107
142,109
235,118
274,93
117,70
300,119
193,43
284,134
14,43
142,28
312,146
21,59
242,111
27,172
233,61
34,182
53,133
112,20
58,48
130,24
189,112
246,67
251,116
69,5
34,41
17,39
33,185
214,120
43,189
282,133
177,108
86,166
288,105
235,111
18,62
37,189
60,114
117,79
63,7
193,44
124,23
253,74
74,178
150,103
27,165
101,150
53,142
55,190
256,123
79,52
83,49
247,72
29,181
103,146
31,177
55,47
6,58
66,186
284,101
105,141
13,44
159,29
304,145
117,72
63,12
48,150
268,126
309,140
221,58
167,34
225,63
137,27
275,133
297,144
209,54
84,168
103,139
89,163
215,120
35,187
91,54
131,25
42,43
23,31
41,155
45,14
10,48
32,13
285,106
199,115
203,116
97,156
223,121
62,185
281,136
121,22
227,122
50,42
306,128
109,130
130,114
96,153
189,42
155,102
29,22
176,33
50,189
175,107
179,108
216,120
19,32
112,57
115,20
88,50
141,24
109,89
259,85
10,59
307,138
126,114
135,26
45,152
51,145
71,50
266,86
231,119
180,109
73,109
22,54
118,122
54,136
43,153
279,135
67,47
88,168
107,132
70,8
126,117
307,147
166,106
208,119
82,7
228,122
144,25
80,49
78,107
26,21
194,41
125,20
162,30
52,191
71,184
55,130
271,95
310,142
236,121
184,111
138,23
66,111
301,126
52,46
111,86
119,22
156,28
301,143
32,18
249,115
288,140
57,14
93,162
60,45
132,21
42,151
7,61
206,52
233,122
53,122
218,59
238,62
115,122
150,26
61,10
83,101
143,105
152,31
159,105
126,20
163,106
128,24
20,30
187,112
82,102
210,51
85,171
50,127
90,166
96,54
11,63
174,36
49,192
272,92
298,122
122,19
105,57
250,76
15,59
236,111
55,144
24,49
152,102
101,13
102,149
86,100
254,80
113,58
23,56
116,17
151,103
50,118
31,40
235,62
90,161
92,10
257,123
95,15
167,103
23,169
282,101
197,118
253,121
201,115
39,41
86,12
88,102
52,148
73,9
36,155
310,147
24,56
299,142
49,16
87,103
198,46
40,152
188,112
156,105
32,39
290,141
40,39
23,166
278,97
172,105
50,192
308,150
273,92
39,38
262,126
52,147
290,111
112,83
241,110
80,172
153,106
302,144
77,6
223,59
24,174
153,27
227,60
298,142
46,149
139,24
43,11
8,55
135,108
232,64
33,17
133,22
48,45
211,52
266,124
287,139
108,15
38,157
27,19
106,53
96,99
153,28
193,117
49,147
107,94
238,114
21,29
46,15
139,110
33,42
51,192
292,139
34,11
37,14
112,65
183,35
209,119
230,122
305,145
215,57
254,76
74,5
20,57
303,129
89,13
161,101
127,24
199,48
238,117
185,111
25,163
117,18
269,130
261,83
216,55
51,118
180,37
33,156
111,16
113,78
58,140
170,31
264,88
195,45
215,54
294,116
60,111
116,124
299,123
84,101
268,92
218,121
129,21
242,67
78,48
80,106
243,115
104,96
52,192
56,131
5,54
9,51
104,143
12,40
51,127
286,108
236,65
184,39
113,71
296,118
62,8
248,68
109,19
294,111
40,10
315,144
99,146
65,6
103,17
58,47
94,155
314,149
44,14
9,52
106,134
35,158
38,185
293,143
120,22
305,132
159,33
235,112
108,130
96,15
116,66
117,124
121,121
107,58
252,79
312,140
130,111
186,112
243,65
150,106
206,119
103,14
105,96
50,150
30,161
169,105
5,56
9,61
262,84
247,117
29,162
61,188
279,101
173,109
102,93
212,56
255,122
95,54
99,51
117,69
284,135
110,92
312,147
207,116
50,145
125,118
53,132
130,25
281,99
247,114
251,119
33,184
34,38
17,38
43,188
279,98
67,50
86,167
288,106
198,118
181,38
37,188
25,23
117,78
116,80
27,164
101,149
104,92
174,110
51,42
291,142
165,30
204,47
97,99
59,186
281,100
66,8
29,180
103,141
194,117
56,14
55,46
111,61
6,59
264,123
284,102
91,161
185,36
60,10
48,151
104,52
51,130
306,134
109,136
309,139
221,57
114,85
137,26
105,91
231,64
133,110
209,53
100,151
137,107
84,169
89,162
54,191
76,104
239,113
42,40
23,30
6,50
79,173
10,49
32,14
307,132
35,11
289,110
110,134
203,119
39,190
306,129
109,129
130,115
97,12
189,41
27,178
265,86
29,21
105,92
69,110
272,128
19,35
112,58
137,108
47,44
109,88
91,14
219,117
58,189
259,84
68,185
234,65
238,66
67,182
232,119
51,144
53,119
311,137
293,115
266,87
108,54
73,108
94,97
222,58
118,123
29,159
54,137
77,104
205,51
260,85
101,98
248,117
67,46
88,169
307,146
146,108
38,38
166,107
191,113
286,138
114,126
95,160
297,121
197,43
236,122
54,17
56,187
271,94
76,6
222,61
310,143
277,131
62,113
27,49
66,108
54,128
224,118
81,102
84,53
32,19
127,113
57,13
132,22
7,60
252,120
53,121
218,56
92,164
115,125
150,27
61,9
75,181
119,121
102,147
122,120
31,157
187,115
43,150
64,49
50,124
90,167
11,62
33,13
196,114
73,182
36,14
92,163
57,135
293,110
186,40
273,97
98,150
105,56
251,73
250,77
36,157
24,50
152,103
173,36
119,118
177,33
123,115
254,81
54,146
136,112
67,5
50,119
31,43
95,14
23,168
267,129
253,120
95,159
81,175
261,126
88,103
214,54
251,78
73,8
219,57
76,51
148,107
229,64
102,141
198,47
273,132
114,128
65,183
290,138
313,142
167,31
172,106
283,105
44,44
207,53
265,124
145,25
112,84
204,119
187,41
170,35
81,49
62,109
190,38
80,173
153,105
270,126
202,45
223,58
64,6
48,192
139,27
106,90
217,117
313,151
8,56
232,65
33,16
16,40
93,54
97,51
61,45
44,43
211,55
266,125
67,107
230,64
92,97
96,100
26,166
