85,78
50,96
528,177
53,53
183,203
61,352
262,222
176,27
284,212
309,204
188,312
79,76
598,247
196,296
160,345
624,291
270,217
610,266
368,220
544,191
49,58
123,31
212,37
611,290
114,374
23,95
107,86
470,238
164,23
186,100
135,93
231,41
268,53
158,347
583,276
113,263
188,311
479,133
606,261
208,274
281,55
155,215
218,256
224,39
97,303
85,80
470,225
145,219
328,69
154,20
597,245
600,252
123,370
285,212
238,236
334,206
584,229
514,167
19,105
203,196
274,214
369,220
81,29
467,238
322,202
245,45
45,64
194,304
233,160
289,57
199,33
456,129
420,111
261,51
354,74
426,114
193,200
558,262
235,152
165,98
240,45
573,272
243,232
578,221
214,108
222,252
388,89
119,33
137,223
246,230
31,85
53,339
110,235
437,121
438,121
588,232
520,173
186,315
105,297
141,219
469,131
128,368
235,145
617,279
248,228
507,235
164,341
515,240
67,76
588,231
147,356
257,49
215,262
552,197
576,219
189,29
174,100
602,253
179,27
235,150
36,77
54,51
244,232
580,223
175,207
434,119
71,366
589,279
534,183
277,214
139,221
163,211
109,253
187,201
451,236
147,218
58,86
317,65
48,96
620,286
216,108
235,143
36,116
129,225
459,237
559,205
120,370
191,306
122,90
357,75
358,75
249,228
197,199
516,240
593,280
299,206
50,94
127,92
327,67
54,340
223,114
116,88
351,73
64,78
190,308
231,242
234,239
218,37
458,129
59,325
250,47
505,234
37,75
151,215
136,223
245,232
107,251
162,98
274,53
184,203
614,275
67,35
180,322
109,239
570,214
370,80
523,244
228,118
266,218
233,133
196,31
430,116
622,290
379,226
473,220
238,43
494,145
116,281
318,67
178,324
142,358
37,116
242,233
464,238
107,240
52,90
517,240
78,313
540,252
489,139
253,226
324,204
117,88
336,71
104,35
360,77
198,294
236,237
493,143
167,210
577,274
192,304
125,25
17,112
197,33
147,94
166,339
152,19
117,271
613,292
85,310
187,100
522,244
63,355
555,260
117,33
189,201
584,276
129,92
407,231
103,35
17,105
55,331
131,225
95,304
225,177
206,280
479,218
47,61
159,98
287,57
568,268
91,31
127,227
461,129
541,252
325,204
74,76
114,231
349,214
169,336
550,197
290,209
184,318
339,209
213,189
214,37
431,234
162,23
73,29
117,273
140,360
161,213
52,55
254,47
398,95
402,98
443,236
156,21
212,106
229,174
590,233
115,267
191,102
605,286
440,122
590,280
150,19
176,207
200,197
55,345
315,65
172,334
414,232
296,61
562,264
543,254
267,51
493,226
97,378
170,336
171,98
133,364
63,80
221,110
22,97
560,205
392,228
217,260
55,342
42,108
95,303
489,223
25,93
207,278
210,35
216,262
468,226
115,281
65,39
29,89
551,259
481,218
615,294
156,348
359,217
87,308
508,162
56,88
515,169
437,234
65,321
319,202
449,127
304,204
124,370
485,222
215,37
507,161
415,232
260,49
463,129
121,90
194,301
39,72
167,23
115,286
98,378
261,222
172,98
427,234
197,102
54,90
146,219
474,131
533,183
536,186
115,88
78,76
145,17
276,55
337,71
547,257
396,230
113,35
523,175
528,178
161,98
234,159
53,52
471,222
469,238
57,49
185,100
607,263
596,244
616,277
447,236
553,260
188,313
157,348
196,297
160,346
624,292
532,181
606,259
610,267
203,284
465,131
229,122
49,57
123,30
214,262
141,94
60,82
352,214
282,212
91,307
381,85
112,289
38,116
111,235
76,370
353,73
425,113
596,243
135,92
192,201
428,234
113,262
305,63
75,315
114,287
208,275
68,362
218,257
97,302
137,362
525,177
229,244
154,21
500,151
600,253
433,234
151,352
128,92
19,104
517,169
110,374
222,250
274,215
366,220
460,238
156,215
232,128
582,223
366,79
313,65
206,195
105,295
233,167
89,29
142,17
234,136
308,204
495,227
354,75
426,115
101,376
267,218
235,155
236,43
126,368
202,288
168,336
296,208
194,102
323,67
348,73
222,253
388,90
579,274
137,222
246,231
31,84
108,252
53,338
588,233
541,189
373,224
138,362
301,206
32,83
105,296
111,262
421,111
225,41
81,311
481,135
211,106
563,266
87,377
235,144
434,234
27,89
248,229
488,137
433,117
507,234
71,368
164,342
492,141
518,170
207,193
102,34
213,37
552,198
57,86
310,63
228,41
450,127
268,218
512,238
235,137
145,94
127,368
146,356
292,208
62,80
210,274
321,202
68,319
269,53
589,278
539,187
116,35
173,100
618,294
466,238
108,293
109,252
96,31
594,242
190,306
543,191
374,224
114,88
577,219
118,229
246,46
48,97
620,287
233,43
235,142
36,117
556,201
459,236
151,217
120,371
581,223
59,45
131,21
80,374
154,350
546,194
50,95
140,221
302,206
180,324
90,307
64,79
227,118
190,309
339,71
212,191
233,131
107,35
605,288
288,210
494,143
123,227
505,233
457,129
293,208
317,202
107,250
52,92
254,48
241,45
521,243
25,118
67,34
323,204
604,286
180,323
198,102
109,238
570,215
370,81
519,242
266,219
375,224
233,132
430,117
622,291
60,325
336,208
231,123
178,325
70,319
142,359
184,100
190,30
107,243
52,91
109,86
515,239
185,203
521,244
278,214
63,357
175,330
395,93
550,258
491,225
40,71
498,149
526,246
32,118
198,295
236,238
111,291
186,29
43,67
577,273
192,305
410,232
75,370
55,333
367,79
294,208
206,278
117,270
389,228
85,309
200,288
63,354
618,282
174,25
67,362
113,374
21,101
403,99
243,45
575,217
337,208
407,230
361,218
533,250
55,330
131,224
206,281
117,279
161,211
127,226
496,147
422,111
188,102
150,352
447,125
231,128
142,94
472,220
349,213
594,282
373,223
529,247
71,29
184,319
59,352
44,65
153,350
191,201
339,208
459,129
295,208
117,272
100,376
171,334
140,361
161,212
402,99
168,98
439,234
205,35
229,173
607,290
386,88
115,266
210,193
193,31
436,120
440,123
338,208
581,276
213,266
362,218
55,344
440,234
187,29
117,281
407,101
25,91
151,96
45,104
213,108
468,228
108,374
112,262
591,237
497,230
422,232
79,313
62,323
355,215
67,321
304,61
142,219
60,352
560,206
46,104
177,207
218,187
42,109
279,55
391,228
340,71
489,222
510,164
25,92
280,212
371,222
158,213
468,227
612,272
65,38
29,88
124,90
359,75
551,258
102,299
156,349
216,37
585,278
508,163
359,216
112,86
113,88
66,78
229,119
284,57
304,205
485,221
395,230
35,79
260,50
82,78
121,89
211,270
252,47
162,342
272,53
127,23
57,47
39,75
423,232
536,187
61,43
133,19
374,82
86,29
107,376
220,185
185,316
41,71
204,104
547,256
413,105
586,230
60,84
424,232
281,212
319,67
528,179
53,51
57,48
38,114
332,206
596,245
616,278
262,220
157,21
368,79
188,314
598,245
599,249
196,298
624,293
532,182
338,71
229,121
563,207
214,263
220,39
40,112
611,292
114,372
60,83
470,236
91,306
111,234
612,269
297,61
116,231
588,278
553,199
609,290
58,350
205,104
208,276
463,238
53,335
329,206
401,230
97,301
425,232
79,373
232,41
566,210
307,204
470,231
18,105
77,372
206,104
526,177
86,376
344,71
72,76
287,210
93,31
66,35
502,232
222,251
521,173
225,248
600,284
69,364
87,29
490,140
441,123
233,166
530,180
95,82
149,96
495,226
235,154
293,59
168,337
578,219
335,207
69,31
111,35
388,91
137,221
157,215
53,337
592,237
426,232
283,212
124,29
234,240
401,97
56,346
207,104
500,230
193,199
87,376
235,147
73,76
554,200
111,374
248,230
503,232
488,138
124,227
226,248
134,17
228,244
465,238
545,193
126,90
492,142
518,171
115,231
102,35
230,244
33,83
552,199
150,96
116,270
44,104
84,311
504,232
378,84
235,136
146,357
113,289
458,236
558,204
62,81
434,117
508,236
173,99
179,324
398,230
594,243
187,203
190,307
545,256
58,84
246,47
48,98
451,127
90,30
381,226
36,118
418,108
76,29
556,202
151,216
120,372
123,90
344,210
59,44
131,20
100,301
464,129
546,195
604,256
569,213
490,224
608,264
55,88
149,19
233,130
430,115
59,327
505,232
231,125
143,17
290,58
204,33
266,51
52,93
254,49
623,294
509,236
535,250
521,242
614,273
162,211
109,237
164,211
203,104
188,201
575,272
411,103
212,266
565,266
622,288
235,238
291,208
386,228
78,29
318,65
231,122
379,85
382,226
536,250
130,225
209,35
190,31
559,264
107,242
515,238
183,100
63,356
178,27
345,71
491,224
511,237
348,212
404,230
307,63
91,378
198,292
240,234
111,290
43,66
577,272
172,25
192,306
407,232
414,106
147,96
221,185
55,332
259,49
223,181
424,112
206,279
561,207
229,41
139,362
160,213
200,289
418,232
224,114
187,102
136,94
618,283
396,93
473,131
312,202
555,262
384,226
408,232
63,39
109,293
399,97
21,100
132,364
480,133
389,91
390,91
17,111
533,249
117,278
134,92
47,63
199,197
496,148
150,353
427,115
486,137
472,221
349,212
373,222
529,246
324,67
605,259
92,378
312,64
162,21
148,96
79,29
100,377
140,362
423,111
229,172
108,376
397,230
346,72
386,89
115,269
409,232
28,89
619,294
527,177
436,121
21,118
595,282
388,228
408,101
46,102
122,31
211,37
581,275
363,219
539,252
117,280
390,228
376,83
484,135
107,293
163,23
96,82
208,193
557,262
120,88
193,102
213,107
468,229
452,127
108,375
608,290
497,229
355,214
67,320
304,62
551,260
280,55
560,207
177,206
93,82
96,303
30,118
412,104
416,107
202,33
510,165
81,78
280,213
235,43
163,342
181,27
205,282
115,283
612,273
65,37
29,87
513,167
200,102
82,374
156,350
598,248
175,25
505,159
585,277
181,322
131,223
316,65
229,118
304,206
412,103
341,71
214,266
485,220
35,78
343,210
59,84
223,39
260,51
121,88
231,167
380,85
162,343
181,100
143,358
39,74
331,206
335,69
122,370
53,90
54,88
109,258
113,266
350,73
61,42
133,18
374,83
196,300
512,165
41,70
468,131
586,231
567,267
227,41
565,209
470,234
38,115
616,279
262,221
115,35
152,215
196,299
624,294
532,183
182,322
184,29
57,350
610,265
229,120
487,222
34,118
72,317
218,260
40,113
114,373
470,237
128,366
511,165
612,270
135,94
358,216
221,112
369,79
171,209
584,225
89,307
19,101
208,277
542,190
564,207
106,35
363,77
53,334
329,205
94,378
79,372
228,175
232,42
33,79
566,211
77,371
495,228
117,231
154,19
456,236
554,199
226,116
557,203
544,192
30,85
69,363
583,225
217,37
490,141
354,214
249,47
233,165
285,57
530,181
110,86
354,73
426,113
500,152
121,229
499,230
159,346
235,157
273,53
183,320
168,338
171,207
499,151
335,206
19,115
534,184
554,260
157,214
195,31
569,270
53,336
146,18
592,238
446,236
230,242
71,76
200,33
235,146
384,87
554,201
457,236
149,217
150,217
26,91
27,91
488,139
507,236
382,86
120,33
63,323
138,221
228,245
232,240
247,230
197,296
492,143
314,65
207,195
597,284
279,214
33,82
44,105
194,199
378,85
527,246
235,139
455,236
130,21
113,288
224,248
333,69
558,205
210,272
125,227
173,98
594,240
187,202
522,174
491,141
219,256
552,260
58,85
385,227
48,99
90,31
531,248
418,109
556,203
459,238
59,47
464,130
84,29
174,332
233,240
604,257
270,53
608,265
282,56
212,268
601,286
233,129
59,326
385,228
123,229
231,124
51,55
180,100
290,59
514,238
204,34
296,206
478,218
61,82
155,21
501,155
121,370
107,252
52,94
373,81
320,67
83,375
144,358
109,236
570,213
347,212
113,233
168,23
403,230
370,79
259,224
65,78
28,118
212,267
622,289
217,187
255,226
59,351
573,217
574,217
430,234
125,29
532,248
364,77
64,358
65,360
107,245
34,79
364,220
608,263
165,211
511,236
99,83
135,17
198,293
128,225
240,235
43,69
283,57
414,107
221,184
352,73
424,113
133,92
227,177
99,378
568,211
489,224
198,199
200,290
346,212
55,49
204,282
64,39
618,280
396,94
346,71
73,370
312,203
95,31
260,224
504,157
109,292
219,185
271,53
21,99
77,315
480,134
132,365
566,266
17,110
416,232
533,248
443,123
117,277
562,207
47,62
365,220
166,23
77,29
186,203
496,149
211,193
472,222
385,87
496,228
295,59
101,301
66,321
71,31
312,65
275,55
476,218
387,228
339,210
112,35
538,252
167,338
100,378
318,202
126,25
71,317
402,97
133,223
229,171
346,73
255,49
590,236
115,268
300,61
68,33
325,67
452,128
531,181
202,286
21,117
404,99
207,35
408,102
46,103
48,61
581,274
363,218
417,232
55,346
510,163
263,51
213,106
106,84
432,117
468,230
167,98
497,228
65,35
304,63
113,287
81,374
47,100
177,205
340,210
93,81
154,215
173,25
193,304
377,83
412,105
176,328
80,313
81,77
280,214
84,78
231,169
103,297
218,110
115,282
371,81
65,36
29,86
110,35
573,271
598,249
585,276
359,218
66,76
232,167
417,107
469,226
143,219
54,89
109,257
113,265
22,118
61,41
133,17
512,166
106,376
270,218
113,87
41,69
132,223
176,326
547,258
35,118
109,35
567,266
328,204
450,236
107,85
470,235
286,212
225,115
502,156
606,262
57,349
224,181
591,280
209,106
582,224
309,63
40,114
78,372
470,226
128,367
129,23
612,271
600,249
393,93
67,319
164,98
182,28
592,280
225,116
153,215
189,102
171,208
138,94
484,220
584,226
158,21
514,168
143,94
203,195
208,278
542,191
246,232
181,205
53,333
329,204
132,92
353,214
391,91
232,43
233,163
400,97
182,100
203,33
77,370
169,209
117,230
265,51
429,234
169,98
613,273
398,96
20,101
370,222
210,106
544,193
160,21
69,362
186,316
405,99
233,164
70,76
500,153
445,125
235,156
579,221
598,284
177,27
19,114
534,185
276,214
461,238
157,213
569,269
146,19
592,239
171,25
230,243
111,259
612,292
122,229
602,254
140,17
87,378
235,149
454,236
165,23
170,98
558,203
27,90
172,207
71,365
382,87
226,246
298,206
228,246
232,241
159,21
40,110
185,29
518,169
442,123
207,194
597,283
282,55
66,360
102,33
103,376
33,81
88,378
73,317
147,217
405,230
44,106
501,231
235,138
92,305
220,254
224,249
136,362
210,273
104,376
174,330
594,241
223,113
522,175
406,100
82,29
233,159
218,38
166,211
313,202
385,226
246,45
48,100
179,100
269,218
513,238
74,370
51,94
274,54
256,224
59,46
62,41
464,131
546,193
604,258
252,226
495,147
282,57
212,269
601,285
233,128
379,225
622,287
549,197
198,296
327,204
494,146
123,228
231,127
204,35
242,234
296,207
561,264
345,211
192,31
83,374
155,350
618,279
105,376
303,206
109,235
202,104
113,232
96,32
168,24
510,236
580,274
622,294
289,210
471,131
59,350
167,209
314,202
125,28
201,33
364,78
190,29
564,266
107,244
345,212
110,291
257,224
204,284
63,358
321,67
547,195
199,102
491,226
350,214
99,82
64,80
121,33
240,236
43,68
278,55
221,183
537,251
223,183
227,176
392,91
159,97
487,137
568,212
163,98
200,291
204,283
618,281
396,95
73,369
312,204
61,325
525,246
504,158
33,118
109,291
290,210
476,220
21,98
77,314
480,135
132,366
17,109
435,234
537,252
439,121
225,181
117,276
138,17
251,47
199,199
258,224
443,235
542,254
211,192
571,215
492,226
590,234
60,43
132,19
101,300
85,29
71,30
551,197
609,265
476,219
100,33
103,84
606,288
571,270
419,109
24,95
590,237
386,87
452,129
202,287
21,116
408,103
46,100
105,35
199,292
219,39
436,234
55,341
64,323
448,125
107,295
271,216
331,69
611,269
153,19
134,223
210,36
428,115
355,75
448,236
582,276
468,231
217,110
260,222
355,216
211,191
196,102
556,262
615,293
215,187
272,216
57,329
93,80
312,63
535,185
441,234
118,88
484,136
176,329
419,232
81,76
194,302
231,168
160,98
468,238
470,222
109,374
92,31
201,288
115,285
190,201
427,233
29,85
74,315
573,270
178,205
66,77
214,264
179,205
567,268
74,29
204,195
614,292
449,236
53,55
292,59
497,149
170,334
61,354
356,216
176,25
286,210
125,90
109,256
201,103
113,264
374,81
512,167
273,216
57,347
113,86
610,268
442,234
45,63
119,88
176,327
123,29
586,229
420,232
107,84
470,232
18,114
127,25
494,226
209,274
432,234
201,104
454,129
225,114
137,94
301,61
502,157
483,220
69,33
603,255
397,95
606,263
182,320
57,348
42,69
387,89
209,105
49,61
582,225
218,258
131,92
136,17
83,311
376,224
328,67
129,22
333,206
62,354
120,229
600,250
357,216
158,348
452,236
182,29
311,204
27,118
375,83
584,227
514,169
19,103
274,216
76,76
369,222
98,33
170,25
101,84
250,228
181,204
93,378
421,232
79,374
233,162
566,209
75,29
420,109
117,229
81,313
524,176
394,93
476,132
538,187
99,301
578,274
398,97
148,19
222,254
275,214
564,208
490,139
54,333
520,171
277,55
377,224
530,179
141,221
329,69
111,261
500,154
524,175
173,332
563,265
144,94
235,159
453,236
476,131
97,82
332,69
320,202
429,115
585,229
549,258
77,76
297,206
227,246
135,364
503,157
569,268
91,80
326,67
23,97
543,256
196,32
567,211
73,315
111,258
576,217
208,35
44,108
446,125
104,84
602,255
235,148
190,102
580,221
71,364
20,116
183,29
95,378
223,250
189,310
226,247
467,131
232,242
306,63
109,255
40,111
593,239
597,282
378,224
33,80
548,196
73,316
44,107
501,230
620,284
378,83
235,141
220,255
96,378
224,250
98,82
136,363
173,207
210,270
220,110
383,87
610,290
294,59
24,118
593,282
372,81
174,331
252,228
92,80
112,233
148,354
223,112
406,101
227,117
119,372
190,310
548,195
218,39
326,204
80,76
119,229
46,63
615,277
105,84
620,283
106,295
90,29
418,107
37,77
559,263
107,249
586,278
108,86
237,43
274,55
256,225
67,33
178,100
604,259
252,227
323,203
127,91
399,230
206,35
212,270
302,61
233,135
601,284
161,21
266,220
570,270
379,224
494,147
83,78
501,232
231,126
51,57
342,71
178,326
290,57
477,218
262,51
82,311
482,135
158,96
126,227
623,291
345,210
517,242
614,276
72,368
96,33
168,25
498,150
336,69
121,31
233,136
360,75
431,117
238,44
112,374
406,230
483,135
360,218
125,27
17,114
364,79
311,63
621,294
141,17
107,247
69,319
511,238
117,35
121,32
67,361
140,94
214,189
435,119
475,220
258,49
131,366
152,350
506,160
414,105
17,107
55,329
537,250
166,340
223,182
225,179
206,282
392,92
65,359
621,287
159,96
568,213
180,27
127,225
200,292
55,51
111,86
330,69
93,305
518,242
541,254
73,368
61,324
100,84
525,245
504,159
361,77
89,80
219,187
184,316
241,234
21,97
349,73
77,313
116,372
546,256
68,76
213,191
303,61
17,108
602,286
94,82
222,39
225,180
117,275
394,228
199,198
443,234
572,216
590,235
607,289
242,45
187,314
63,41
101,299
415,107
444,124
172,332
488,222
342,210
71,319
296,59
230,41
306,204
572,215
115,270
619,283
90,80
202,284
117,372
46,101
69,76
215,189
363,220
57,327
55,340
42,110
444,123
448,126
107,294
25,95
210,37
216,260
217,109
260,223
88,307
80,29
409,103
615,292
141,360
56,86
201,197
57,328
130,366
438,234
424,111
244,45
227,175
65,323
484,137
176,330
124,368
288,57
395,229
198,33
367,220
135,223
156,96
194,303
231,171
103,299
159,213
470,223
469,231
115,284
595,243
334,69
427,232
222,112
118,33
87,307
540,188
248,47
104,297
31,118
214,265
224,40
115,372
226,177
85,79
139,17
53,54
39,71
170,335
61,353
176,26
286,211
548,258
201,102
482,220
84,376
194,31
502,155
598,246
160,344
270,216
256,49
57,346
610,269
540,187
462,238
101,33
49,59
230,122
125,368
180,205
400,230
611,291
205,195
188,29
157,96
144,219
91,305
127,24
472,131
470,233
111,233
168,209
152,352
268,52
158,346
182,27
310,204
188,310
322,67
69,32
453,129
182,321
347,73
606,260
151,19
209,104
596,282
544,256
49,60
362,77
218,259
470,224
328,68
56,329
129,21
480,218
600,251
268,51
617,294
85,376
584,228
161,344
604,255
19,102
203,197
221,254
369,221
542,189
181,203
182,203
509,163
45,65
233,161
420,110
39,114
81,312
524,177
193,201
102,376
235,153
253,47
58,47
476,133
239,236
578,220
83,29
88,80
537,187
574,272
478,133
564,209
470,131
587,231
53,340
516,169
520,172
186,314
141,220
111,260
43,108
500,155
563,264
601,253
529,179
235,158
555,201
174,207
603,286
506,234
215,108
70,364
110,258
19,116
164,340
114,266
31,83
146,17
576,272
23,96
264,220
410,103
196,33
221,39
114,35
576,218
170,209
154,96
620,294
235,151
380,226
146,358
298,61
62,82
335,208
580,222
196,199
434,118
71,367
219,110
382,85
455,129
589,280
102,84
251,228
109,254
589,233
148,356
406,99
118,372
466,131
50,57
548,197
254,226
147,219
98,301
351,214
137,17
175,100
620,285
286,57
235,140
460,129
136,364
210,271
165,340
94,31
59,43
131,19
593,281
520,242
177,100
108,239
76,315
148,355
594,239
23,118
99,33
227,116
522,173
265,220
234,238
72,29
155,96
177,326
195,300
37,76
559,262
195,102
107,248
256,226
614,274
300,206
599,284
323,202
70,31
127,90
233,134
148,217
494,144
318,66
51,56
506,159
242,232
485,137
107,241
517,241
149,354
614,277
299,61
83,376
184,320
498,151
336,70
524,244
139,94
360,76
236,236
474,220
238,45
111,289
167,211
315,202
43,65
498,230
411,232
195,199
125,26
17,113
343,71
142,360
147,95
166,338
226,41
85,311
86,80
107,246
187,101
145,358
113,231
555,261
208,104
99,84
117,34
209,193
372,222
29,118
67,360
529,248
528,246
152,351
506,161
17,106
365,79
534,250
95,305
225,178
462,129
392,93
247,47
65,358
393,228
107,239
291,59
55,50
150,354
541,253
94,305
166,98
61,323
525,244
86,309
144,17
290,208
219,186
436,119
184,317
130,92
237,236
316,202
412,232
213,190
162,22
383,226
220,256
152,96
117,274
87,80
234,43
56,49
222,183
192,102
229,175
305,204
146,94
75,76
572,217
607,288
63,40
530,248
605,287
440,121
263,220
108,35
239,45
41,110
444,125
172,333
89,378
71,318
296,60
444,236
191,31
543,255
38,75
202,285
221,111
97,33
169,25
477,133
413,232
215,188
308,63
129,366
55,343
153,96
448,127
128,23
25,94
49,96
216,261
217,108
587,278
330,206
402,230
134,364
616,294
147,19
26,118
560,264
481,219
87,309
508,161
56,87
58,327
65,322
88,29
124,369
395,228
35,77
90,378
264,51
445,236
194,300
231,170
103,298
162,344
475,131
39,73
115,287
176,100
230,171
216,187
536,185
481,220
341,210
202,197
540,189
486,222
572,270
224,41
519,171
356,75
