139,16
14,74
72,205
270,447
18,121
273,263
184,369
218,417
453,432
479,474
530,531
34,153
197,96
235,181
77,213
353,511
189,81
139,299
447,423
161,333
396,346
111,10
275,270
331,288
205,113
223,155
10,97
379,322
292,477
20,58
365,513
331,433
64,20
483,480
506,508
346,511
364,447
173,351
504,533
397,513
533,527
219,148
418,508
113,263
41,34
457,527
226,427
280,453
83,14
469,458
327,465
498,500
406,469
286,288
512,506
386,458
387,488
431,521
437,408
351,294
46,30
250,445
490,531
237,187
532,512
316,288
100,245
192,382
449,427
327,462
148,22
388,517
194,385
103,249
90,229
415,374
313,501
171,44
335,431
484,480
66,199
28,143
12,81
213,133
382,516
399,494
533,529
420,510
373,314
482,531
449,428
359,300
307,497
327,455
348,437
331,471
187,74
159,32
388,488
428,396
414,502
345,474
440,525
439,410
206,116
29,48
252,447
90,14
398,511
420,485
168,342
381,323
110,259
327,444
387,517
64,193
501,505
392,462
356,476
176,357
140,302
253,222
457,438
333,433
283,286
358,443
414,505
509,506
116,268
26,52
207,119
378,515
399,508
384,486
225,156
305,495
327,437
475,468
370,514
333,473
393,343
363,481
389,488
410,472
341,474
398,350
346,474
167,39
97,241
116,267
137,16
229,431
429,519
30,144
322,505
16,121
70,204
329,435
155,27
165,339
20,125
119,12
393,344
357,476
196,385
159,31
434,522
223,423
407,363
467,452
487,531
400,507
211,126
412,370
329,436
22,58
243,196
228,429
284,463
395,513
106,251
210,406
106,10
416,505
202,108
238,440
280,280
62,191
391,490
400,498
18,65
255,225
94,236
277,271
98,243
426,516
134,294
120,273
48,30
428,519
12,108
267,252
413,373
16,119
324,507
240,443
76,17
10,86
230,432
30,45
58,186
314,288
481,475
137,297
264,447
392,490
394,344
359,478
417,486
200,391
535,524
203,111
386,517
42,163
388,459
68,201
512,533
329,469
263,240
12,107
52,178
56,181
166,339
352,438
422,484
267,447
531,529
310,499
130,288
257,229
333,509
481,476
409,367
336,431
444,525
356,511
174,354
339,289
431,399
325,286
535,517
265,246
305,290
146,307
401,502
367,484
277,273
301,491
525,534
50,173
349,511
10,88
173,49
177,54
195,92
286,464
384,328
517,535
131,14
495,497
62,193
409,368
359,513
382,456
20,128
185,71
294,483
385,517
260,236
320,287
319,505
390,461
375,315
144,18
515,504
127,283
421,384
207,403
245,204
354,440
408,470
483,478
466,528
32,43
14,111
397,349
290,290
185,72
169,345
152,319
298,290
48,171
433,521
417,378
239,191
281,283
445,418
178,360
19,62
227,163
372,451
83,221
516,535
385,486
226,162
531,511
112,261
40,34
202,395
276,451
44,167
261,236
394,463
516,504
419,477
405,359
281,284
389,515
156,325
212,410
391,340
433,403
51,28
444,418
441,412
190,378
321,505
393,513
231,172
470,529
368,449
186,72
170,347
479,471
304,494
68,20
383,326
76,212
348,292
377,486
433,404
160,332
487,484
401,355
221,152
204,112
371,311
209,123
216,414
130,287
153,25
505,507
157,29
347,435
76,211
517,504
405,361
526,533
214,412
469,455
401,356
424,515
497,499
350,474
209,124
10,103
427,392
411,370
250,214
88,229
500,533
449,525
290,471
366,513
20,60
385,457
505,508
72,206
145,307
273,262
184,370
494,531
393,490
34,150
235,180
189,80
447,422
456,438
205,112
223,154
497,500
499,504
338,509
292,478
20,59
367,305
64,21
228,166
318,288
412,490
357,513
11,82
196,94
216,138
363,301
397,512
128,283
291,290
418,509
354,511
280,454
299,290
469,457
327,464
331,472
446,422
251,218
179,361
361,480
24,133
242,443
386,459
411,497
370,449
46,31
394,490
491,489
237,186
100,246
192,383
449,426
175,51
327,457
500,504
271,262
39,159
148,312
439,412
442,416
464,450
12,82
213,132
382,517
381,515
533,528
420,511
132,289
373,313
471,459
327,454
331,470
187,77
332,472
355,476
263,447
252,218
362,480
109,10
146,20
163,36
314,501
99,12
193,87
376,316
410,471
414,503
455,435
96,240
294,290
468,529
379,515
420,486
168,343
180,60
381,322
327,447
114,264
64,194
45,32
501,504
392,463
140,303
160,32
253,221
345,433
191,86
211,130
345,290
116,269
207,118
360,300
399,511
493,496
282,458
360,443
216,416
530,510
324,286
370,515
333,472
374,314
393,342
363,480
150,316
410,473
126,282
53,26
254,224
364,513
167,38
206,402
47,171
30,145
176,54
302,492
70,205
155,26
306,495
20,126
389,335
196,386
159,30
434,523
203,112
407,362
195,385
414,488
272,449
241,195
398,465
243,199
228,430
256,228
332,508
210,407
416,506
238,441
459,444
82,16
401,507
255,224
329,467
94,237
241,196
277,270
222,422
426,517
443,417
134,295
120,274
377,319
12,109
413,372
76,18
422,482
353,294
10,87
373,486
230,433
285,463
362,444
54,180
58,187
186,372
332,507
43,165
481,474
494,496
70,20
181,63
199,101
200,392
203,110
535,527
350,292
459,527
318,504
85,14
68,202
512,534
414,474
415,488
329,468
366,484
263,243
268,254
52,179
325,507
73,18
56,182
326,507
295,290
352,439
392,515
10,94
451,429
130,289
257,228
409,366
174,355
339,288
431,398
380,486
535,516
38,36
259,236
261,240
389,459
390,459
265,245
502,506
341,509
401,501
277,272
122,12
525,533
258,447
82,219
10,89
173,48
286,465
217,417
495,496
334,509
108,256
198,390
382,457
20,129
185,70
294,480
534,527
43,32
375,314
274,449
261,447
463,450
182,366
350,511
98,12
354,441
245,203
408,471
144,305
272,262
329,288
337,288
466,529
32,44
31,44
162,333
397,348
225,427
460,444
262,240
48,172
417,377
239,190
281,282
390,515
178,361
511,533
24,52
426,392
227,162
49,28
287,467
288,467
399,351
340,431
531,510
435,405
112,262
40,35
423,513
174,50
364,484
183,367
405,358
190,82
156,326
212,411
433,402
336,509
373,451
84,221
503,533
147,311
190,379
410,494
129,14
277,451
477,470
479,470
279,277
448,426
304,495
488,486
395,463
435,523
147,21
76,213
420,477
80,16
160,333
16,66
401,354
221,151
475,529
386,332
371,310
209,122
432,402
216,415
126,12
454,434
153,24
505,506
18,124
419,381
495,531
22,129
157,28
365,484
405,360
214,413
469,454
108,10
275,267
223,156
278,276
423,387
497,498
334,433
10,100
427,395
20,61
102,12
139,18
410,496
412,492
14,72
72,207
184,371
383,486
371,486
34,151
235,183
533,516
201,107
219,145
397,465
151,23
191,379
344,290
292,479
367,304
222,152
331,435
64,22
46,170
122,276
412,491
92,233
278,452
119,271
363,300
201,108
128,284
58,24
280,455
175,53
285,287
469,456
52,26
166,38
24,134
465,527
395,491
382,515
237,185
491,488
349,437
422,512
133,14
100,247
175,50
158,30
327,456
149,313
356,296
429,398
215,413
171,46
66,197
430,520
220,420
148,313
455,437
213,131
419,486
132,290
281,457
373,312
193,383
104,249
482,529
142,304
471,458
327,449
37,38
187,76
154,322
373,515
312,288
276,270
320,288
193,86
233,175
220,419
365,304
96,241
352,294
455,434
464,527
12,74
90,12
399,497
168,344
421,511
529,510
34,42
110,257
220,148
475,465
327,446
114,265
64,195
84,14
253,220
473,529
150,314
358,441
72,18
167,40
26,50
159,329
70,203
397,494
399,510
493,495
282,459
102,248
283,459
430,398
216,417
251,447
451,432
308,497
327,439
372,515
393,341
363,483
168,40
150,317
26,138
407,364
126,283
187,373
206,403
299,489
466,452
302,493
125,12
254,447
327,287
115,10
80,216
106,254
20,127
185,371
369,513
389,334
65,197
196,387
238,439
315,503
467,454
339,509
414,489
94,235
241,194
497,533
153,321
215,135
454,526
22,56
243,198
228,431
56,24
332,509
416,507
70,18
264,244
343,474
401,506
255,227
329,466
222,423
98,241
443,416
134,292
120,275
377,318
267,254
413,371
54,26
422,483
478,529
10,84
177,58
362,445
54,181
94,12
186,373
253,224
181,62
199,100
200,393
535,526
369,310
42,161
318,505
68,203
512,535
161,34
414,475
146,310
401,499
151,317
425,515
263,242
450,525
56,183
117,269
10,95
451,428
531,531
128,14
40,160
480,529
409,365
174,352
382,455
347,291
38,37
535,519
135,15
265,244
194,383
375,316
416,376
401,500
74,210
367,486
169,43
422,386
334,288
233,435
485,482
378,454
312,499
510,506
403,467
27,50
173,47
304,290
195,94
307,290
266,447
108,257
198,391
185,69
294,481
342,509
217,143
169,44
451,525
182,367
245,202
374,486
269,447
144,306
311,499
296,483
320,505
338,431
14,109
397,347
35,40
363,445
48,173
217,144
417,376
418,476
281,281
178,358
486,482
385,331
24,53
351,511
227,165
409,471
288,468
399,350
77,16
435,404
491,531
112,263
40,36
202,393
295,483
138,298
32,147
71,18
436,523
74,207
355,295
156,327
302,290
310,290
476,529
385,332
84,222
55,26
183,65
410,495
231,174
86,226
269,258
344,509
273,266
131,289
132,14
170,345
477,469
279,276
396,464
235,184
147,20
420,478
214,411
16,67
487,486
401,353
38,158
221,150
423,389
136,295
290,474
130,285
467,529
14,70
18,125
419,380
197,100
396,463
36,38
234,436
473,463
275,266
330,470
349,474
423,386
499,501
10,101
427,394
20,62
403,357
410,497
233,178
412,493
14,73
179,59
235,182
533,515
201,106
219,144
93,12
461,446
473,464
151,22
282,284
527,508
87,14
52,28
363,513
37,155
331,434
335,474
46,171
122,277
73,207
92,234
278,453
450,428
128,285
418,507
280,456
248,210
447,425
175,52
285,286
327,466
336,474
120,12
434,404
52,27
293,479
24,135
386,457
127,13
356,512
395,490
197,95
288,288
396,513
237,184
436,408
491,491
422,513
205,399
471,460
474,464
327,459
78,214
429,397
303,290
513,506
311,290
96,12
244,444
430,521
220,421
455,436
368,486
154,26
227,429
12,76
213,130
158,328
132,291
101,247
249,214
104,250
142,305
327,448
59,24
61,191
154,323
389,338
360,478
125,279
180,361
415,376
474,529
312,289
438,523
244,443
335,433
233,174
412,497
414,501
365,303
367,447
465,451
12,75
90,13
399,496
532,529
168,345
529,509
164,336
475,464
458,440
327,441
188,78
64,196
253,219
514,506
332,288
150,315
152,320
26,51
65,20
465,452
302,491
323,505
397,493
493,494
422,511
102,249
308,498
327,438
420,382
370,513
42,34
390,338
393,340
363,482
26,139
246,445
232,433
49,173
67,199
287,288
126,280
78,16
206,400
207,121
215,137
327,286
55,181
80,217
155,28
446,525
106,255
239,441
246,206
270,448
434,521
224,424
459,441
357,298
361,513
164,36
241,193
188,373
100,12
231,433
215,134
16,115
52,175
454,527
22,57
56,25
54,179
257,232
408,364
210,405
70,19
198,100
237,439
316,503
82,14
318,503
340,509
401,505
255,226
496,531
426,515
134,293
263,244
11,103
377,317
413,370
422,480
80,215
171,349
10,85
177,57
394,513
58,185
248,445
417,507
181,61
199,103
535,521
369,309
259,233
161,33
346,434
146,311
401,498
352,474
387,333
247,445
56,184
10,92
194,90
451,431
531,530
40,161
21,129
113,10
60,188
258,232
409,364
174,353
339,290
347,290
535,518
135,14
69,203
472,529
74,211
169,42
378,455
485,481
269,255
312,500
167,341
173,46
138,16
452,432
60,187
495,498
431,401
198,388
185,68
217,142
330,288
445,422
212,407
182,364
327,507
330,435
354,439
245,201
523,506
144,307
296,484
354,294
247,209
466,527
175,355
358,513
14,114
397,346
492,531
368,513
534,516
400,465
418,477
150,22
281,280
285,288
86,14
178,359
485,531
400,352
36,153
385,330
24,54
260,447
227,164
342,290
288,469
118,270
435,407
315,288
138,299
284,286
32,148
432,521
201,393
509,533
39,36
483,531
355,294
395,345
238,188
405,469
427,517
524,506
84,223
123,12
183,64
189,377
190,377
86,227
269,257
344,510
273,265
418,380
440,412
204,397
477,468
279,279
339,431
396,465
420,479
157,327
16,68
306,290
401,352
38,159
221,149
371,312
423,388
136,296
290,475
219,419
291,475
28,48
212,130
14,71
342,431
18,122
218,418
479,473
197,99
489,487
109,257
36,39
418,486
383,328
124,277
234,437
473,462
275,269
205,116
151,24
499,500
10,98
374,451
232,174
526,508
379,321
403,356
50,28
233,177
412,494
278,451
34,149
179,58
489,488
201,105
219,147
533,514
99,243
226,428
371,515
461,445
448,525
414,374
514,535
367,306
498,533
136,16
46,168
92,235
351,293
250,446
363,302
398,494
130,14
280,457
192,379
447,424
327,461
521,535
407,469
90,230
477,529
24,136
193,90
339,474
430,519
344,474
343,290
326,286
127,12
342,432
413,490
28,140
356,513
197,94
490,488
491,490
463,447
528,508
105,10
69,20
142,303
327,458
349,292
187,73
78,215
429,396
513,535
271,259
294,479
244,445
63,22
356,441
214,134
508,506
521,506
28,139
12,77
103,12
158,329
141,303
396,492
184,68
313,288
249,213
104,251
236,437
381,326
327,451
41,161
187,78
520,535
350,437
389,337
90,232
108,255
180,362
312,290
335,432
502,533
283,285
340,474
412,498
181,64
365,302
243,443
465,450
365,447
519,535
225,159
529,508
34,40
164,337
399,352
475,467
327,440
114,263
64,197
416,488
253,218
191,83
411,473
413,501
240,192
522,506
152,321
319,288
397,492
327,288
112,10
493,493
282,457
308,499
134,14
300,290
45,167
232,434
126,281
182,64
257,447
206,401
207,120
172,46
215,136
518,535
80,218
29,143
284,460
106,252
289,290
366,304
297,290
416,486
270,449
437,523
224,425
459,440
463,527
391,489
357,297
68,199
391,515
18,66
255,228
241,192
188,374
134,291
376,451
267,251
16,116
225,162
243,200
279,453
284,459
30,46
107,255
253,447
91,12
56,26
445,525
359,477
143,305
369,307
42,164
82,15
401,504
222,421
496,532
443,418
300,489
377,316
12,104
422,481
10,82
177,56
488,531
141,18
362,443
186,371
174,351
181,60
199,102
535,520
224,423
369,308
259,232
317,503
135,16
462,527
413,473
161,32
414,473
346,435
146,308
277,276
387,332
377,453
12,103
50,174
358,298
346,290
56,185
244,200
172,349
10,93
377,515
230,431
195,91
361,300
451,430
60,189
265,250
74,208
169,41
485,480
269,254
312,501
224,156
31,147
385,488
483,477
13,74
431,400
198,389
381,486
391,461
217,141
415,475
189,79
445,421
486,531
177,357
182,365
165,38
404,468
245,200
317,288
376,515
241,443
296,485
229,170
247,208
14,115
202,396
95,12
261,239
266,250
400,466
382,326
370,310
354,476
376,486
36,154
385,329
24,55
404,467
288,470
441,415
386,488
118,271
268,447
435,406
170,348
249,445
32,149
239,192
61,22
160,329
395,344
501,533
378,320
74,18
183,67
441,416
269,256
344,511
273,264
204,398
279,278
104,10
200,104
147,22
208,403
406,362
374,515
16,69
38,156
221,148
170,44
62,22
136,297
525,508
411,369
290,472
293,290
28,49
301,290
411,494
18,123
218,419
184,367
419,382
453,434
22,132
117,10
479,472
197,98
235,179
489,486
421,479
44,32
124,278
17,66
473,461
275,268
205,115
223,153
499,503
524,535
210,126
10,99
427,396
379,320
364,302
233,176
89,14
364,445
338,288
533,513
201,104
219,146
402,356
226,429
461,444
470,458
85,225
251,217
404,358
25,52
46,169
122,275
163,335
437,410
455,527
96,239
351,292
250,447
529,533
419,509
351,437
192,380
175,54
327,460
351,474
523,535
90,231
271,261
221,421
24,137
193,89
342,433
142,18
508,508
328,437
93,235
28,141
158,327
395,492
53,179
463,446
249,211
379,486
508,533
380,322
327,453
187,72
81,16
251,215
416,475
163,35
271,258
314,502
392,340
412,500
508,507
75,18
111,261
455,438
521,505
440,523
297,487
12,78
492,492
57,185
249,212
359,299
236,438
381,325
327,450
79,215
154,321
389,336
176,355
140,300
90,233
180,363
191,85
211,129
283,284
412,499
207,117
140,18
399,498
225,158
105,251
34,41
507,533
110,260
164,338
475,466
327,443
140,299
361,479
514,504
380,455
18,62
150,313
390,488
191,82
342,474
126,279
370,486
116,265
206,399
30,146
399,507
493,492
366,447
59,187
306,496
15,70
493,531
42,32
155,323
363,484
387,459
26,137
232,435
377,320
415,505
188,376
425,391
298,488
123,277
71,205
328,288
80,219
336,288
372,486
265,447
284,461
106,253
289,289
456,527
309,499
421,383
480,474
119,11
416,487
224,426
459,443
391,488
357,296
94,238
188,375
425,392
245,445
120,271
48,28
376,452
428,517
267,250
16,117
17,121
143,18
324,505
240,441
347,511
454,525
384,457
225,161
337,431
30,47
164,335
247,207
359,476
199,104
203,109
369,306
42,165
23,133
527,533
496,533
300,490
12,105
52,176
10,83
66,20
257,231
506,533
361,443
535,523
60,22
259,235
146,309
277,275
50,175
453,525
166,340
152,24
82,220
172,350
10,90
195,90
286,466
60,190
156,28
67,20
229,167
234,178
198,387
347,292
275,451
265,249
107,10
217,139
74,209
274,450
169,40
353,475
461,527
388,334
463,449
378,453
181,363
182,363
129,285
292,290
421,386
245,206
116,10
335,509
483,476
505,533
162,334
115,265
152,317
217,140
239,189
353,476
189,78
522,535
445,420
165,37
404,469
372,449
135,295
88,14
296,486
442,525
23,56
63,193
229,169
14,112
57,24
202,397
383,517
478,470
44,165
261,238
503,506
328,507
400,467
418,475
75,211
460,527
389,517
212,408
178,357
36,155
385,328
24,56
227,166
211,407
410,368
375,486
288,471
441,414
393,515
504,506
178,58
170,349
279,280
138,297
355,296
391,339
375,515
160,330
468,454
162,34
472,460
496,498
355,441
40,159
183,66
441,525
334,474
231,171
86,225
382,486
204,399
22,130
372,312
462,446
104,11
230,170
518,504
352,511
208,404
321,286
16,70
487,483
145,19
38,157
510,533
424,513
439,523
423,390
209,126
335,288
262,447
84,224
411,368
525,507
88,227
290,473
28,50
139,17
13,109
345,511
308,290
453,433
184,368
369,449
22,133
443,525
33,42
34,152
197,97
235,178
203,397
189,82
124,279
234,435
145,20
473,460
205,114
223,152
499,502
332,433
10,96
292,476
403,358
46,167
87,227
364,446
529,531
179,60
341,431
533,512
36,40
519,504
422,479
218,144
213,411
251,216
89,229
292,475
124,12
507,508
437,409
148,311
520,504
323,286
529,532
237,188
118,10
100,244
192,381
447,426
33,149
35,153
327,463
194,384
357,441
375,451
415,375
362,513
271,260
171,45
133,291
192,86
193,88
66,198
515,535
127,14
46,32
28,142
12,80
213,134
270,258
397,511
491,492
399,495
274,266
489,531
420,509
100,243
482,530
249,210
341,290
327,452
348,436
187,75
78,213
337,474
251,214
163,34
314,503
412,501
51,175
440,524
439,411
521,504
371,449
12,79
438,410
168,341
95,239
242,196
420,484
209,405
447,525
30,48
359,298
15,115
236,439
110,258
381,324
368,306
327,445
348,435
501,506
392,461
176,356
140,301
359,443
253,223
417,475
457,439
191,84
211,128
358,442
414,504
21,58
369,486
207,116
298,487
399,509
225,157
110,261
19,125
164,339
327,442
333,474
338,474
361,478
514,505
235,437
18,63
457,440
499,533
344,433
116,266
30,147
16,120
421,484
47,30
306,497
476,468
330,507
331,507
42,33
384,517
402,467
381,455
368,447
149,22
121,12
467,453
414,490
328,466
188,377
25,137
207,122
298,489
425,390
211,127
303,493
215,138
343,433
329,437
243,197
479,529
102,247
284,462
528,533
531,512
289,288
421,382
119,10
358,476
224,427
459,442
208,122
412,473
18,64
94,239
296,290
97,12
98,242
353,439
120,272
48,29
376,453
428,518
267,253
413,374
16,118
324,506
240,442
256,447
76,16
424,390
225,160
81,219
30,44
471,529
481,529
355,511
247,206
535,525
203,108
42,162
60,24
484,531
68,200
360,513
309,290
273,449
329,470
259,447
27,139
300,491
263,241
12,106
52,177
399,465
348,511
352,437
380,515
257,230
535,522
38,38
60,23
259,234
265,247
346,433
401,503
367,485
277,274
333,288
387,334
525,535
30,143
166,341
367,513
172,351
82,221
10,91
173,50
177,55
195,93
286,467
255,447
60,191
62,192
482,476
229,166
294,482
320,286
265,248
390,460
197,387
217,138
110,10
274,451
353,474
463,448
421,385
79,16
245,205
408,469
483,479
32,42
431,402
14,110
162,335
397,350
92,12
152,318
393,463
417,379
343,509
239,188
445,419
165,36
347,474
372,450
101,12
121,275
296,487
385,487
229,168
247,210
14,113
202,394
383,457
44,166
261,237
417,380
389,516
156,324
212,409
511,506
183,68
441,413
118,269
393,514
231,173
322,286
362,300
236,184
435,408
368,448
170,346
304,493
329,507
401,467
383,327
156,323
391,338
379,455
160,331
395,346
487,485
38,155
348,474
216,413
286,463
289,471
130,286
153,26
231,170
469,529
91,233
114,10
22,131
104,12
157,30
340,290
199,391
271,449
458,527
208,405
405,362
378,486
487,482
145,18
424,514
209,125
337,509
10,102
84,225
427,393
525,506
88,228
452,525
