159,221
143,183
120,217
212,252
142,174
146,213
115,94
260,256
12,59
177,252
20,75
156,192
158,185
162,164
185,253
31,15
165,239
170,250
192,200
193,254
67,142
213,243
160,171
252,257
59,9
150,160
139,177
35,96
181,193
55,125
209,248
211,236
8,45
193,247
9,50
101,193
125,219
126,219
197,227
62,9
136,139
139,182
72,147
144,187
112,207
187,162
211,245
32,91
141,162
110,83
40,11
172,212
156,190
12,32
196,210
179,186
81,22
139,175
30,89
13,63
86,170
184,158
183,190
209,234
248,262
138,166
144,193
53,9
48,114
124,114
255,263
176,150
160,176
138,222
139,164
175,183
162,200
182,218
114,209
95,49
140,189
33,93
142,226
145,206
146,161
196,177
125,117
198,228
31,91
99,59
210,234
138,168
159,167
145,199
147,218
130,126
114,91
195,211
177,185
142,148
242,247
149,238
27,84
173,205
69,12
196,207
181,189
184,196
130,128
246,262
10,55
250,262
161,161
182,212
169,161
82,24
141,198
18,70
163,169
21,75
193,212
104,68
191,170
150,239
172,184
176,187
222,216
157,189
250,257
161,186
144,158
180,191
186,162
169,170
187,199
235,236
163,174
256,257
166,201
170,203
171,158
173,174
191,211
193,173
76,17
172,183
122,108
108,79
184,210
185,196
162,236
163,198
87,170
236,237
170,178
36,97
245,250
154,244
249,255
123,111
197,178
109,80
186,197
85,167
158,248
164,199
169,148
189,201
262,257
148,232
173,160
176,209
51,9
150,240
172,165
160,234
201,184
185,214
155,148
140,192
89,37
188,212
226,259
11,56
70,144
152,242
220,212
79,19
153,149
172,156
175,241
186,215
25,83
141,146
159,248
108,203
127,121
162,249
111,206
115,212
214,205
14,30
142,211
191,247
174,149
177,215
151,240
172,155
155,245
106,198
160,248
77,18
133,219
50,116
159,225
90,175
109,204
189,212
28,86
215,206
128,121
238,260
199,182
157,147
143,160
190,197
92,178
154,160
113,89
225,221
61,132
150,156
101,61
106,200
162,147
181,245
164,147
116,97
79,159
14,64
182,156
46,10
11,36
142,164
58,9
172,241
12,61
180,192
110,204
159,220
143,182
254,257
188,247
190,247
212,253
142,175
146,210
59,130
98,187
232,259
37,12
132,219
227,223
156,193
162,165
258,263
31,14
159,197
144,221
183,195
170,251
190,254
65,10
192,201
224,218
160,172
139,176
103,195
181,192
218,257
55,124
182,246
186,253
140,145
8,46
177,156
148,160
167,147
171,212
9,49
101,192
176,153
82,162
136,140
72,148
162,183
144,188
32,92
141,161
193,207
230,259
194,247
69,143
214,242
172,213
156,191
12,33
52,120
202,230
98,55
81,21
139,174
13,62
158,147
184,159
210,249
28,16
138,167
144,194
163,181
39,101
170,212
171,181
48,115
29,15
172,204
47,10
176,151
174,205
160,177
175,182
162,201
182,219
95,48
207,193
140,190
159,185
145,205
146,158
192,213
196,178
125,116
243,249
84,165
175,206
56,9
227,224
247,253
31,90
253,257
182,210
99,58
210,235
138,169
159,166
145,198
147,221
130,127
78,18
193,210
195,210
177,184
19,23
149,237
173,204
175,215
15,67
181,188
182,213
169,160
141,197
18,71
163,168
147,226
95,183
244,261
173,180
104,69
176,188
160,198
161,200
222,217
228,224
135,137
84,26
157,188
144,159
35,13
92,42
183,157
169,169
187,198
188,200
167,212
173,173
193,172
77,156
122,109
184,211
10,38
66,139
162,237
91,177
163,201
165,213
188,199
140,162
72,13
236,238
148,226
167,205
170,179
99,190
36,98
154,245
119,101
123,110
109,79
186,194
88,171
89,35
182,190
187,212
188,222
189,200
134,134
145,162
241,246
148,233
173,159
176,210
219,212
172,166
174,251
178,189
160,235
49,115
140,193
89,36
18,24
165,199
96,50
210,198
11,59
213,203
214,203
70,145
152,243
220,213
220,258
105,198
25,82
45,111
49,116
85,168
180,156
127,120
168,241
259,263
251,257
142,208
96,184
174,154
112,88
172,148
137,142
106,199
160,249
180,244
77,17
64,10
50,117
216,256
159,224
109,203
28,87
251,262
167,241
119,216
174,157
177,207
73,14
128,122
242,261
184,246
143,163
190,202
29,88
90,38
92,179
170,158
172,251
112,86
113,88
225,220
184,253
79,158
14,65
144,224
163,147
182,157
152,160
142,165
143,217
146,216
86,29
196,248
226,221
110,205
159,223
143,177
170,241
189,254
214,238
142,172
146,211
47,113
232,260
177,242
17,70
58,128
175,157
182,252
239,261
121,107
106,74
144,222
183,194
168,212
189,247
194,226
224,219
174,185
160,173
139,179
103,194
175,154
121,108
140,146
183,219
8,47
237,260
83,25
156,161
178,242
91,41
201,230
82,163
63,135
136,141
144,189
164,176
187,164
206,192
209,247
32,93
110,81
169,212
193,206
195,254
214,243
26,83
171,204
12,34
52,121
137,221
13,61
86,168
181,209
182,193
210,246
211,252
144,195
145,203
163,180
168,201
255,257
102,193
160,178
198,227
91,39
127,219
221,258
261,257
139,166
253,263
181,218
140,191
159,184
142,224
145,204
215,256
75,15
129,125
192,214
125,115
142,147
200,182
215,241
243,248
9,43
84,166
174,213
88,33
225,259
139,223
144,162
194,174
140,182
141,203
219,257
147,220
78,19
193,209
19,22
149,236
175,214
160,192
15,66
222,215
10,53
102,66
157,162
87,33
162,216
92,44
169,167
82,22
141,196
73,150
163,171
166,212
95,182
170,206
173,179
104,70
218,210
160,199
185,193
45,10
135,136
84,27
157,187
228,225
92,43
169,168
140,164
231,229
240,243
148,228
173,172
194,211
77,155
206,191
158,247
126,118
91,176
187,222
140,163
148,227
167,204
202,186
172,168
263,259
174,241
161,217
184,219
111,85
185,211
223,218
88,172
70,12
57,9
187,215
134,135
262,263
145,161
241,245
148,234
26,17
173,158
37,100
79,20
172,167
178,186
132,130
140,194
96,51
97,187
210,199
11,58
213,202
142,206
166,240
101,191
191,200
220,214
245,261
105,197
161,235
179,244
185,221
42,11
25,81
45,110
211,199
142,209
96,185
153,243
190,168
217,257
257,256
153,156
172,149
137,141
139,145
30,15
161,236
180,245
203,188
216,257
159,227
165,200
166,147
145,148
167,240
170,148
153,244
191,254
177,206
73,13
128,123
19,73
42,106
156,246
180,252
229,259
183,246
190,203
29,87
90,39
170,159
46,112
178,207
16,67
112,87
80,160
13,31
68,142
144,225
165,250
193,225
213,238
142,170
143,216
148,149
173,251
196,249
150,149
179,208
181,252
158,196
159,222
143,176
254,263
189,253
214,239
142,173
146,208
47,112
177,241
15,27
17,69
58,129
103,196
175,156
179,217
162,163
239,260
121,106
106,75
107,75
144,223
143,185
177,153
224,220
167,148
160,174
139,178
157,196
162,186
180,208
195,248
83,24
178,243
91,40
201,229
155,161
139,171
144,190
164,177
206,193
192,170
211,246
141,223
75,16
38,100
43,107
193,205
44,10
171,207
160,188
179,191
56,125
94,46
261,263
86,169
161,147
181,208
38,12
62,134
210,247
144,196
143,148
163,183
145,202
76,153
39,103
168,202
239,241
22,20
154,148
160,179
261,256
246,252
138,221
253,262
95,50
25,18
140,184
142,225
129,124
125,114
217,209
200,183
215,240
131,129
9,42
84,167
88,34
178,156
17,26
184,192
225,258
139,222
144,163
164,174
194,175
140,183
141,202
159,160
147,223
130,125
169,206
173,185
193,208
54,9
149,235
175,209
160,193
246,261
83,165
157,161
140,223
87,32
164,213
169,166
187,195
82,23
141,195
159,169
73,149
163,170
234,234
166,213
22,78
173,178
191,215
218,211
244,249
156,157
185,192
221,215
228,226
13,32
186,161
169,175
216,206
240,244
148,229
39,11
166,204
173,171
77,154
118,100
156,148
263,261
161,199
184,213
23,19
10,36
126,119
159,159
149,149
170,177
117,214
195,203
198,180
202,187
64,136
119,103
263,258
104,196
161,216
235,260
184,220
20,21
111,84
24,80
132,132
88,173
209,197
54,122
237,239
241,244
168,148
195,176
37,99
132,131
163,249
96,52
97,186
259,256
188,215
189,223
190,215
142,207
93,46
191,203
129,219
41,105
185,220
45,109
157,158
159,229
14,29
141,224
149,160
167,250
151,156
190,169
257,263
100,190
155,246
139,144
175,251
179,252
186,221
208,194
159,226
143,164
147,161
168,250
187,253
192,224
71,13
143,213
94,182
151,149
128,124
19,72
42,107
65,139
165,240
142,160
16,68
27,17
13,30
185,247
120,103
68,143
144,226
165,249
192,254
213,237
142,171
143,219
128,219
146,214
97,55
115,93
196,250
34,13
15,29
175,150
158,186
179,211
117,99
138,142
158,197
143,179
74,150
67,141
146,209
148,157
151,160
174,180
252,262
24,18
80,159
74,14
211,235
106,72
159,198
143,184
192,204
121,218
177,152
68,12
16,26
215,239
160,175
62,10
139,181
157,195
158,164
182,245
23,80
183,213
68,11
214,254
238,240
176,156
155,160
30,90
87,31
144,191
164,178
243,261
192,171
50,9
38,101
183,210
122,218
171,206
160,189
179,190
56,126
94,47
133,134
40,103
114,210
62,135
229,227
144,197
145,201
163,182
76,154
39,102
171,182
75,153
154,149
172,207
174,208
160,180
60,130
101,64
246,253
228,259
162,196
25,17
207,194
140,185
146,157
147,217
114,92
217,208
200,184
131,128
9,41
154,156
66,10
173,208
88,35
17,25
204,188
247,254
163,215
164,175
182,209
141,201
146,148
147,222
169,205
188,164
173,184
191,169
177,189
75,151
41,11
149,234
136,220
176,184
175,208
160,194
208,233
83,164
102,64
180,188
164,214
169,165
187,194
63,10
230,228
234,235
14,63
141,194
73,148
143,226
163,173
159,168
235,235
171,157
173,177
191,214
249,256
244,250
156,158
160,217
221,214
135,138
232,230
180,187
163,197
183,158
169,174
216,207
148,230
173,170
191,223
29,16
105,71
118,101
263,260
89,174
184,214
186,198
10,37
91,178
163,202
262,258
212,200
117,213
173,163
48,9
105,72
198,181
64,137
119,102
104,197
240,261
20,22
186,193
24,81
127,119
182,189
205,191
189,197
209,196
54,123
237,238
149,157
37,98
78,156
34,94
55,9
18,23
164,202
111,205
96,53
97,185
115,211
189,222
190,212
210,197
85,29
142,204
36,12
93,45
170,160
190,167
173,149
174,150
177,210
41,104
186,211
159,228
93,181
189,215
190,223
215,205
118,214
100,191
199,181
208,195
147,160
190,198
192,225
212,236
71,12
143,212
81,162
46,111
178,210
107,201
23,79
65,138
135,220
163,239
21,21
188,253
190,201
11,35
90,37
143,221
142,161
176,241
103,67
195,175
196,252
16,69
27,16
157,247
185,246
120,104
143,181
142,168
143,218
146,215
59,129
97,54
98,188
115,92
196,251
15,28
71,147
20,73
94,48
158,187
162,166
186,247
117,98
138,143
143,178
74,151
67,140
69,144
47,114
174,181
51,119
196,226
200,229
24,19
158,162
74,15
207,233
106,73
107,77
8,43
192,205
121,217
194,225
213,254
16,27
160,160
139,180
157,194
162,184
164,180
113,209
165,147
193,202
194,248
214,255
238,241
9,53
83,26
196,208
91,42
185,161
98,56
139,173
180,217
164,179
204,231
192,172
210,250
159,183
110,84
123,219
124,112
22,19
153,160
47,9
160,190
60,132
133,133
246,251
175,181
40,104
114,211
169,177
205,232
229,226
144,198
145,200
44,108
192,210
194,202
75,152
239,243
9,39
175,205
160,181
60,131
233,260
158,158
162,197
99,57
189,167
138,170
140,186
159,165
143,159
147,216
215,242
9,40
154,157
66,11
173,207
196,205
17,24
199,229
204,189
175,187
161,163
163,214
169,163
60,9
194,173
141,200
18,72
146,149
163,167
147,225
21,77
224,258
219,258
188,165
177,188
136,221
160,195
203,231
208,234
102,65
162,215
169,164
230,229
163,172
39,12
166,203
116,212
171,156
173,176
218,209
118,99
248,254
122,110
160,218
108,77
66,140
232,231
162,238
184,191
169,173
188,196
134,136
231,230
216,208
148,231
95,184
170,180
99,189
173,169
105,70
198,179
263,263
176,183
89,173
155,157
126,117
222,258
187,211
188,195
212,201
167,201
100,60
173,162
191,199
195,205
219,211
202,185
178,190
160,232
111,86
233,233
205,190
189,196
70,146
53,122
57,127
149,156
100,59
173,155
191,204
177,216
78,157
178,185
34,95
181,156
108,201
164,203
147,149
85,28
33,14
142,205
36,13
93,44
123,112
160,230
211,200
50,118
93,180
183,253
142,212
171,241
118,215
174,158
178,216
208,196
134,220
67,11
236,260
164,249
8,48
212,237
143,215
81,161
176,251
178,211
130,219
131,219
42,105
101,63
49,9
107,200
23,78
79,157
65,137
163,238
241,261
21,20
43,11
11,34
212,244
142,166
143,220
223,258
80,20
191,224
103,66
86,30
196,253
226,222
157,246
52,9
206,232
120,105
143,180
164,239
120,216
142,169
146,212
97,53
115,95
260,263
227,259
160,147
71,146
20,74
112,208
117,97
159,219
192,247
213,244
142,176
146,207
173,241
174,186
160,170
51,118
124,219
178,252
196,227
175,153
158,163
35,97
180,212
258,256
209,249
107,76
143,186
8,44
194,254
213,253
238,239
9,51
160,161
52,119
185,159
82,164
136,138
157,193
144,186
162,185
180,211
55,123
113,208
187,163
110,82
193,201
177,151
195,253
26,84
9,52
171,203
196,209
179,187
185,160
98,57
139,172
30,88
180,218
181,212
182,194
183,191
210,251
211,251
159,182
144,192
43,108
123,218
195,226
124,113
234,260
215,255
102,194
160,191
133,132
63,136
139,165
169,176
205,231
62,133
140,188
33,94
145,207
168,205
44,109
192,211
194,203
196,176
239,242
243,247
9,38
173,213
174,214
160,182
158,159
189,166
138,171
140,187
159,164
147,219
114,90
169,202
131,130
242,246
27,85
196,206
15,65
199,228
184,195
204,190
10,54
175,186
161,162
169,162
116,95
230,227
141,199
163,166
147,224
21,76
152,149
188,166
193,213
150,238
203,230
157,190
32,14
250,256
161,187
169,171
159,170
234,233
256,256
166,200
22,77
152,156
116,213
170,202
173,175
249,262
194,212
76,16
172,182
248,255
231,259
160,219
161,195
179,156
108,78
185,197
10,56
232,232
161,188
144,148
169,172
187,221
87,171
159,147
236,236
256,263
170,181
99,188
171,148
173,168
245,251
263,262
161,196
197,179
109,81
223,217
164,198
212,202
166,250
100,61
173,161
191,198
195,204
172,164
160,233
201,185
233,232
190,211
247,262
11,57
142,203
53,121
57,126
152,241
61,9
173,154
176,215
172,163
179,243
186,214
141,147
108,202
111,207
85,27
214,204
33,13
142,210
145,158
58,127
171,251
176,206
151,241
160,231
203,187
133,220
159,230
90,174
93,179
147,157
165,203
183,252
28,85
178,217
138,144
157,148
169,241
8,49
143,214
94,181
81,160
119,215
176,252
103,68
113,90
61,133
101,62
161,249
116,96
90,176
169,250
187,247
43,10
212,245
142,167
80,21
12,60
86,31
226,223
34,96
179,207
206,233
120,106
