393,410
318,395
419,497
457,518
468,469
472,475
476,483
439,515
318,336
361,504
513,513
502,524
431,512
440,429
351,313
377,506
313,387
385,427
332,425
386,347
355,431
313,492
320,464
374,328
414,388
293,419
324,401
329,407
492,504
307,488
473,477
385,428
314,378
427,508
362,504
499,513
320,471
287,328
293,428
455,518
295,440
316,328
318,444
326,428
492,503
378,506
523,526
431,485
345,425
404,374
315,494
390,508
484,495
347,356
295,433
460,458
316,327
320,349
450,442
345,331
384,495
308,488
475,479
318,332
320,438
431,482
363,377
370,493
345,332
424,402
380,338
399,365
350,419
520,513
334,409
320,397
392,501
390,351
432,417
417,467
289,390
435,419
314,390
318,454
376,329
358,434
328,428
381,446
383,398
285,333
347,483
365,437
309,488
480,522
417,468
318,457
341,483
378,431
423,504
374,388
360,424
362,436
396,363
493,522
331,499
291,404
369,319
295,452
314,392
318,496
414,466
347,320
424,504
285,351
288,327
422,493
426,407
372,495
430,413
311,490
387,426
336,424
429,486
291,413
389,451
407,377
358,423
341,501
347,345
297,458
299,474
285,344
347,502
331,481
387,403
434,417
478,483
316,394
319,496
395,416
436,422
347,350
425,504
285,337
323,473
486,498
314,323
332,409
494,509
444,516
356,486
287,371
380,508
308,321
367,380
393,453
347,343
367,493
377,444
359,372
452,444
349,361
431,413
417,393
347,319
390,452
342,502
436,514
364,492
419,468
366,504
351,364
371,440
425,490
461,518
301,477
400,365
401,369
452,443
389,406
338,424
287,353
342,414
381,508
357,371
433,514
364,491
369,429
352,483
371,385
526,523
496,509
410,382
379,446
333,481
394,359
287,366
363,425
328,405
346,483
320,356
367,504
351,483
407,461
378,335
364,315
312,380
321,498
342,424
402,369
349,427
522,526
377,495
289,382
366,380
444,432
446,436
514,513
359,489
453,447
382,495
293,432
358,372
419,496
354,484
485,522
468,470
289,375
472,476
511,526
439,514
353,367
318,337
356,313
296,452
385,450
388,508
391,410
286,329
418,394
311,323
443,516
306,321
353,503
483,522
374,431
359,313
380,335
332,426
338,500
355,430
380,446
320,465
374,329
414,389
293,418
368,493
465,520
318,442
448,437
324,402
492,505
323,401
507,515
314,379
357,423
431,479
474,520
386,450
389,508
390,506
291,323
293,427
296,321
295,443
371,506
316,329
318,445
378,392
326,429
423,471
379,507
474,477
368,317
318,330
431,484
345,424
289,395
404,375
321,471
356,421
411,463
347,359
295,432
460,459
320,350
450,443
345,330
370,322
303,321
315,393
318,333
362,491
363,491
289,396
363,376
320,341
415,389
424,403
351,429
446,516
379,393
380,339
471,473
476,479
521,526
320,398
392,502
359,434
417,466
289,389
314,391
317,495
318,455
376,330
285,332
365,436
334,481
427,475
340,500
420,396
319,341
519,513
360,425
430,411
306,486
311,492
330,480
331,498
355,504
434,514
291,407
364,378
314,393
319,461
347,323
383,447
420,395
388,348
285,350
325,498
399,458
335,483
429,485
380,495
291,412
389,450
341,500
472,520
347,344
369,384
297,457
388,347
285,343
289,327
310,321
403,459
373,495
385,402
494,507
387,402
356,504
429,478
316,395
392,353
436,423
383,429
347,337
371,429
300,476
285,336
451,517
486,499
326,498
400,368
356,487
375,389
286,352
287,370
345,415
393,452
347,342
295,323
391,353
525,526
360,374
421,399
362,425
452,445
349,360
357,504
347,318
484,522
364,493
425,489
301,476
400,366
312,384
373,506
331,407
389,405
482,492
393,357
466,520
287,352
342,415
357,370
433,513
324,432
435,514
438,424
371,384
526,520
496,510
410,383
517,513
358,488
287,361
328,406
320,357
322,399
363,313
490,502
353,483
445,435
326,478
336,500
407,460
312,381
384,341
477,520
333,409
338,411
321,497
391,423
320,461
401,458
349,426
289,381
439,516
444,433
446,437
379,335
513,526
441,429
350,362
387,508
448,440
354,485
378,495
468,471
289,374
472,477
510,515
348,426
314,374
353,366
337,500
385,449
414,387
418,395
383,495
371,495
351,315
353,502
406,376
508,515
507,525
348,417
386,345
320,466
356,432
428,408
347,360
293,417
295,445
318,443
448,438
324,403
492,506
314,376
431,478
390,507
428,407
397,363
347,353
293,426
295,442
320,344
285,352
421,502
423,470
379,506
470,472
368,318
318,331
289,394
473,520
498,512
356,422
411,462
515,513
347,358
348,360
295,435
320,351
466,466
345,329
419,495
370,323
433,417
325,430
384,400
481,522
318,370
289,387
357,313
461,459
320,342
464,518
490,522
424,404
351,428
379,392
350,417
320,399
392,503
289,388
314,388
333,424
317,494
318,452
376,331
339,500
285,331
303,481
330,407
352,419
305,486
381,339
327,428
456,449
373,388
427,474
291,401
350,315
420,397
298,468
330,481
291,406
462,518
321,434
377,333
487,522
346,426
347,322
383,446
422,400
297,455
388,349
285,349
419,395
348,483
426,405
377,431
366,316
332,500
318,366
365,380
342,483
347,347
297,456
299,476
285,342
289,326
312,492
403,458
458,454
385,401
408,377
429,477
287,372
381,495
392,354
364,504
347,336
369,440
299,469
451,516
450,516
486,496
400,369
479,521
374,495
333,500
392,410
375,388
291,397
367,382
383,341
295,322
316,370
355,313
463,461
349,502
351,502
409,462
359,374
452,446
332,481
357,487
361,425
362,313
320,360
365,504
351,366
371,442
526,518
304,321
324,473
400,367
312,385
384,344
389,404
320,496
482,493
340,424
412,384
287,355
344,502
495,524
388,425
433,512
438,425
526,521
447,437
496,511
406,460
500,513
467,520
358,489
394,357
287,360
328,407
320,358
504,515
490,503
367,506
425,474
289,379
326,479
446,435
411,383
378,333
312,382
384,342
386,508
320,462
321,496
391,422
398,364
381,396
368,506
348,317
405,375
482,522
319,364
508,526
289,380
511,515
444,434
516,526
440,425
448,441
324,430
396,454
419,498
426,474
289,373
314,375
336,483
449,516
429,411
360,489
385,448
502,515
287,327
293,423
351,314
413,387
406,377
379,495
469,471
507,524
382,396
403,371
389,497
320,467
428,409
293,416
295,444
464,461
318,440
448,439
465,465
360,313
322,400
492,507
420,498
423,472
302,321
314,377
373,431
430,485
335,424
374,326
291,325
347,352
293,425
367,438
295,437
442,430
465,519
320,345
345,327
421,501
355,369
470,473
368,319
353,368
320,434
390,352
523,515
289,393
382,446
498,513
356,423
295,434
466,467
302,480
450,441
345,328
366,438
370,320
392,497
289,386
438,514
318,450
362,376
363,378
297,467
320,343
412,383
420,495
424,405
456,518
310,490
354,368
392,504
373,442
430,510
314,389
318,453
391,497
376,332
393,421
512,515
515,526
297,468
285,330
303,480
489,522
326,404
352,420
422,502
305,485
395,359
456,450
373,387
291,400
318,460
346,416
420,398
365,427
331,500
428,476
506,524
291,409
295,449
347,325
422,401
297,454
388,350
285,348
454,518
453,518
366,317
318,367
291,414
365,379
347,346
297,463
285,341
378,444
289,325
349,483
423,491
354,421
337,411
458,455
385,400
387,404
408,378
429,476
470,520
459,518
478,486
335,411
392,355
383,431
366,493
347,339
316,372
299,468
373,325
322,472
486,497
404,460
479,520
442,516
291,396
488,499
328,498
509,515
316,371
444,431
375,495
452,447
287,357
320,361
344,415
347,417
526,519
525,517
361,375
324,474
487,499
312,386
405,460
384,345
368,382
482,490
412,385
287,354
342,413
492,522
320,352
322,434
489,501
343,502
418,468
371,386
526,526
361,376
325,477
500,514
410,381
432,413
385,508
287,363
320,359
432,512
425,473
426,489
522,514
372,429
288,372
289,378
497,511
407,462
299,321
375,506
312,383
384,343
320,463
398,365
381,395
395,454
376,506
327,479
292,323
476,480
444,435
355,421
388,496
319,438
393,414
290,325
440,426
464,464
390,423
324,431
349,417
354,483
289,372
318,340
357,434
360,490
392,421
391,407
418,393
455,449
293,422
318,438
397,456
372,442
307,487
337,483
524,516
427,507
448,516
331,426
498,524
320,468
483,493
428,410
293,431
295,447
315,325
464,462
318,441
322,401
377,391
290,396
524,515
392,452
315,493
374,327
339,483
381,431
291,324
364,425
293,424
347,355
295,436
442,431
465,518
320,346
343,424
493,507
421,500
355,368
377,392
379,508
349,317
521,513
318,329
427,489
320,435
390,353
431,481
289,392
344,424
370,494
353,430
345,335
346,327
370,321
449,441
471,520
330,498
334,410
318,368
392,498
429,510
289,385
297,321
318,451
393,419
383,397
297,466
345,336
352,430
351,430
379,394
305,483
392,505
427,487
437,514
463,518
318,458
376,333
393,420
376,444
285,329
326,405
421,495
352,421
371,323
361,313
305,484
396,360
451,443
456,451
373,386
427,476
291,403
318,461
346,417
420,399
346,336
518,526
337,424
396,359
366,315
387,425
375,443
361,435
505,515
291,408
368,427
295,448
347,324
497,524
297,453
388,351
299,473
372,324
285,347
518,513
423,493
416,389
457,453
318,364
361,436
434,418
365,378
347,349
297,462
372,323
285,340
329,426
403,460
314,324
327,405
408,379
389,423
340,413
344,483
478,487
317,496
392,356
413,466
415,466
382,340
383,430
347,338
316,373
299,471
462,460
394,417
322,473
451,518
379,431
495,509
481,489
375,390
291,399
293,415
488,500
343,483
369,439
370,319
301,480
324,476
478,520
501,515
389,425
409,381
287,356
439,425
320,362
424,472
486,522
361,374
324,475
312,387
423,401
501,524
379,445
482,491
412,386
287,365
363,436
320,353
301,321
458,518
323,432
500,515
432,414
517,526
354,313
287,362
398,363
491,522
386,402
304,482
490,501
402,370
421,470
425,472
522,515
372,430
289,377
326,477
427,407
516,513
294,432
346,502
381,394
454,448
494,524
504,524
472,473
476,481
498,511
318,338
513,515
388,497
391,409
393,413
440,427
464,465
318,396
293,323
330,479
524,526
318,341
357,433
360,491
367,317
391,406
364,436
293,421
318,439
397,455
307,486
507,526
314,380
524,517
427,506
363,504
387,495
320,469
428,411
395,415
440,516
365,315
293,430
295,446
367,427
464,463
390,406
318,446
326,430
372,386
374,442
377,390
474,478
404,372
315,492
484,493
364,426
347,354
295,439
460,456
316,325
320,347
421,499
349,316
318,334
320,436
427,488
431,480
416,466
404,371
390,497
370,495
352,313
425,405
460,455
376,431
466,465
323,498
345,334
380,336
334,411
318,369
392,499
375,431
429,509
289,384
387,450
318,448
391,506
393,418
512,526
328,426
383,396
297,465
285,335
326,403
305,482
309,490
334,482
392,506
314,387
386,427
318,459
303,482
322,498
324,498
421,494
416,392
396,361
456,452
493,524
428,487
506,515
359,423
431,511
291,402
477,483
388,450
358,313
399,457
313,323
423,503
375,442
361,434
307,321
291,411
368,428
295,451
370,384
328,479
347,327
297,452
299,472
372,325
285,346
310,322
384,448
423,492
416,390
480,488
318,365
355,485
434,419
436,420
347,348
496,524
425,506
297,461
285,339
476,520
314,325
458,453
408,380
335,500
505,524
287,369
478,484
392,357
413,465
382,341
347,341
436,419
424,491
316,374
299,470
462,461
485,495
479,522
372,506
380,394
385,495
336,411
345,483
291,398
347,317
293,414
370,429
479,487
394,454
488,501
347,426
369,438
426,506
301,479
324,477
350,483
503,515
389,424
287,359
320,363
351,363
526,517
327,498
355,432
379,444
441,516
412,387
287,364
388,404
320,354
339,424
322,432
400,458
460,518
526,524
500,524
432,415
364,313
454,447
369,383
338,412
345,502
383,508
376,390
305,321
341,413
346,415
402,371
421,469
438,423
372,431
289,376
330,426
393,411
358,487
454,449
352,502
353,504
468,468
472,474
476,482
318,339
513,514
391,408
393,412
440,428
369,506
318,397
343,415
468,467
313,380
332,424
386,346
300,321
357,432
430,478
293,420
341,424
397,454
491,503
422,470
354,504
510,526
385,429
361,491
314,492
320,470
410,462
395,414
287,329
383,400
293,429
295,441
370,506
318,447
468,520
366,427
406,375
447,516
474,479
428,508
345,426
404,373
388,495
484,494
374,325
375,329
364,427
347,357
369,493
295,438
442,429
460,457
316,326
320,348
394,414
421,498
355,370
360,434
349,315
389,351
318,335
338,483
320,437
431,483
499,524
316,494
345,333
424,401
351,419
380,337
470,471
350,418
392,500
429,508
432,416
289,391
318,449
393,417
340,483
328,427
383,399
353,421
297,464
285,334
398,456
384,508
365,438
519,526
356,370
325,403
309,489
312,323
334,483
382,431
318,456
411,464
387,347
309,321
421,493
360,423
416,393
396,362
456,453
292,414
402,458
493,523
350,428
520,526
317,370
375,444
431,510
291,405
368,438
298,321
347,321
443,431
399,456
423,502
354,430
426,406
430,412
311,491
387,427
317,395
429,487
291,410
437,423
368,429
295,450
389,452
467,467
412,464
341,502
347,326
294,323
297,459
299,475
285,345
310,323
353,313
416,391
480,489
334,500
445,516
352,366
370,440
316,393
321,399
395,417
329,479
436,421
347,351
382,339
509,526
422,399
425,505
315,374
297,460
462,459
285,338
348,502
332,408
350,502
408,462
503,524
494,508
408,381
356,485
287,368
367,381
478,485
393,454
413,464
347,340
295,321
322,471
475,520
332,407
359,373
349,362
480,487
358,504
383,448
339,413
351,365
371,441
425,491
301,478
486,495
374,506
488,522
386,495
287,358
320,364
391,452
357,372
329,498
420,468
351,362
526,522
384,429
514,526
459,455
482,489
394,358
359,504
287,367
469,520
382,508
320,355
322,433
365,493
367,505
376,495
526,525
334,424
360,504
378,334
452,518
364,314
369,382
338,413
319,397
391,421
349,428
421,468
522,513
289,383
385,345
317,329
380,431
