8,217
110,305
99,332
176,5
203,132
155,21
37,358
244,66
13,207
138,236
240,34
50,122
221,64
8,275
6,258
142,33
86,360
80,367
95,343
18,319
241,35
165,192
224,101
45,128
234,66
192,151
82,365
163,194
46,127
35,355
54,118
101,70
149,27
11,290
124,272
208,126
227,97
17,191
18,199
91,80
184,163
144,32
126,266
124,270
257,51
227,71
228,95
5,247
103,322
163,14
7,270
30,346
20,323
27,341
230,93
165,12
215,22
9,214
240,67
71,100
22,329
223,54
207,127
167,10
107,312
254,57
167,189
6,261
41,135
39,361
9,283
242,35
42,132
23,170
162,14
128,46
72,373
131,43
45,368
182,165
192,11
51,121
33,147
119,53
130,44
97,339
136,39
6,236
15,307
38,140
137,38
162,197
257,52
39,137
169,186
231,64
138,37
212,44
127,264
23,330
184,7
249,63
91,79
257,46
7,263
196,144
64,107
68,375
95,77
75,372
105,319
131,253
106,316
26,338
153,23
86,84
253,59
44,129
204,46
213,117
102,326
36,356
87,360
9,284
216,114
191,151
181,6
33,148
18,320
56,115
225,99
6,231
217,62
89,82
170,7
115,292
28,342
145,31
160,17
5,249
170,184
225,69
43,366
44,368
238,34
79,368
168,186
189,154
132,252
159,200
226,60
7,225
69,102
66,104
188,10
231,65
22,175
216,113
208,55
90,354
254,43
144,224
21,325
74,97
247,65
81,90
135,246
16,312
116,292
201,135
79,91
38,361
92,349
117,55
60,374
169,9
225,100
141,231
85,362
211,57
98,335
29,345
221,25
198,140
6,240
94,77
12,296
108,310
44,367
91,353
218,46
13,301
219,47
46,370
215,61
132,251
19,197
40,137
30,156
7,222
161,15
246,37
26,164
118,285
31,153
24,332
250,40
8,219
109,63
222,50
8,271
70,101
99,334
255,43
172,181
203,134
236,33
13,205
116,291
210,44
104,321
113,298
115,58
178,5
8,277
6,256
117,290
201,136
133,249
18,317
63,376
182,7
128,261
97,74
193,148
122,50
223,102
179,169
11,292
212,57
6,235
17,189
12,295
15,308
38,139
172,7
257,49
239,67
173,6
210,122
157,204
5,245
125,269
83,87
244,36
7,264
177,174
121,279
190,153
129,259
85,85
122,276
252,61
144,222
64,376
43,131
76,371
114,58
166,190
16,310
107,314
61,375
161,197
204,49
52,371
217,111
114,296
246,65
206,130
205,52
9,281
100,71
10,286
228,28
58,372
118,54
75,95
47,126
129,45
97,337
206,45
230,30
221,107
234,85
162,195
77,93
180,169
34,354
32,350
169,184
248,64
111,303
17,200
222,26
142,229
154,215
248,38
121,280
147,218
224,57
230,74
14,205
129,260
249,39
105,317
10,213
107,65
152,24
131,255
136,242
106,314
19,320
20,178
176,174
251,41
211,121
231,74
44,131
140,232
228,61
102,324
217,112
218,110
219,64
205,45
179,6
233,78
210,56
206,18
230,63
207,128
222,104
98,74
79,92
15,203
83,365
206,52
181,167
81,367
124,50
93,348
94,346
115,294
156,208
36,143
150,26
6,255
139,35
256,56
37,142
55,116
175,6
59,113
183,163
156,206
65,106
69,374
208,19
249,40
104,68
30,155
7,227
65,376
229,95
73,97
22,173
14,307
188,157
110,306
48,125
119,285
252,41
255,44
16,314
46,128
8,272
17,315
233,89
203,16
218,24
88,83
92,351
147,28
18,185
237,67
82,366
163,193
141,229
249,64
29,343
17,186
18,200
12,298
199,139
151,24
109,309
140,35
56,372
165,190
148,218
224,55
221,49
141,34
16,202
239,34
163,13
19,199
7,269
105,67
26,162
230,94
24,334
80,91
243,66
8,221
10,289
106,65
61,110
166,12
119,282
22,330
112,301
223,53
220,64
215,115
139,234
254,58
149,218
212,119
8,279
6,262
17,316
157,19
117,288
233,66
143,32
242,36
128,263
23,169
99,72
152,216
226,99
234,78
182,166
238,67
90,80
158,18
11,294
175,177
256,54
6,233
15,310
207,45
213,58
53,118
196,143
57,115
5,243
125,267
232,30
197,142
120,280
7,266
21,176
233,31
121,277
177,172
178,171
75,371
27,160
63,107
28,159
49,371
100,329
68,102
24,167
29,158
82,88
225,27
25,166
202,134
204,51
96,75
209,56
95,344
255,56
206,128
12,208
134,246
223,67
48,371
49,123
78,93
217,23
15,204
32,150
153,215
80,368
232,89
205,131
221,105
123,50
219,25
234,83
196,13
34,352
84,362
41,363
103,69
194,13
186,158
218,62
219,63
5,252
198,15
213,45
211,21
183,164
62,108
31,349
225,58
40,363
10,211
88,357
130,257
7,228
123,272
19,322
190,11
77,370
31,151
74,372
227,60
140,234
226,27
151,216
233,76
229,62
12,207
135,245
110,63
49,124
100,72
96,340
202,16
111,62
217,24
153,216
235,66
168,9
137,240
146,221
224,67
93,346
94,344
41,364
33,351
220,25
125,49
156,210
6,253
94,78
199,140
37,140
161,16
143,224
127,47
13,304
223,26
67,104
186,8
126,48
246,38
173,179
118,286
87,83
14,305
84,87
191,11
110,304
99,333
166,11
203,133
231,91
37,359
253,42
200,138
160,199
156,21
138,239
215,116
115,57
178,6
8,274
142,32
207,18
191,152
221,65
11,210
18,318
120,53
102,69
18,183
45,129
192,150
163,195
186,160
42,365
101,71
208,125
11,291
66,375
217,45
76,95
180,167
232,76
184,162
109,307
214,60
103,323
7,271
214,22
230,92
112,61
165,13
215,23
9,215
63,108
158,203
171,182
100,332
22,328
223,55
167,11
89,355
107,313
139,236
101,328
6,260
246,66
34,147
116,57
23,171
128,45
219,108
45,369
205,17
47,125
182,164
35,144
136,38
234,86
6,239
162,196
18,193
257,53
134,41
155,212
138,36
127,265
5,241
23,331
256,46
120,282
257,47
250,63
60,111
64,106
245,37
25,335
93,78
251,62
27,162
9,216
10,214
19,180
100,331
187,9
24,169
200,15
29,156
72,99
253,60
242,67
89,356
108,64
154,23
167,187
204,45
212,120
213,118
9,285
201,16
180,6
232,91
181,7
164,193
229,29
33,149
52,119
132,42
159,18
193,12
234,81
115,293
28,341
197,14
160,16
5,250
47,370
43,367
185,8
209,123
229,72
79,369
189,155
25,336
213,21
159,201
145,221
7,230
123,274
188,9
22,174
87,84
208,54
254,42
209,55
21,326
74,96
87,358
231,92
214,117
96,342
194,147
38,360
73,372
211,120
146,219
225,101
185,160
148,28
141,232
98,334
111,304
221,26
175,175
108,309
143,226
209,124
13,302
214,59
103,324
132,250
19,194
40,136
50,371
7,223
117,287
187,158
20,325
162,15
220,47
8,218
10,290
106,66
70,100
176,6
172,180
37,357
236,32
13,206
116,290
138,237
104,320
50,123
62,375
113,299
8,276
6,259
240,35
86,361
95,342
133,250
134,248
201,137
128,260
23,172
224,102
71,374
97,75
183,7
148,27
170,8
35,354
174,177
149,26
193,149
208,127
11,293
223,103
227,96
6,234
17,190
15,309
38,138
172,6
126,267
257,50
124,271
157,205
227,70
5,246
23,332
125,270
170,183
7,265
30,347
78,369
27,340
178,172
85,86
130,255
158,201
252,60
222,52
21,328
75,96
76,370
161,198
113,300
204,48
167,188
200,16
41,134
34,145
9,282
42,133
219,110
131,42
47,127
192,12
51,120
97,338
234,84
6,237
180,168
77,94
137,37
32,349
169,185
155,214
234,87
228,71
184,8
17,201
142,228
234,80
154,214
224,56
147,219
104,319
196,145
95,76
14,204
241,67
105,318
10,212
19,182
152,23
130,258
136,241
106,317
19,321
20,177
26,339
86,85
253,58
231,75
44,130
204,47
222,65
102,327
226,28
217,113
36,357
111,61
91,351
33,352
59,374
56,116
236,67
133,41
207,54
217,61
124,49
89,81
93,349
144,31
228,96
115,295
28,343
145,30
36,142
5,248
6,254
135,39
108,312
92,79
55,117
146,29
174,6
225,68
156,205
67,103
168,187
69,375
53,371
132,253
104,67
21,175
7,224
30,154
66,105
69,101
73,98
22,172
209,19
14,306
90,355
189,10
188,156
48,124
235,32
255,45
247,64
81,89
16,313
11,209
203,17
88,82
92,350
52,120
102,70
18,184
147,29
121,51
169,8
141,230
85,361
195,146
42,366
216,45
211,56
29,344
58,113
198,141
66,376
6,241
17,187
12,297
108,311
226,69
151,25
91,352
140,34
13,300
165,191
127,263
219,46
16,201
215,60
19,196
209,20
164,13
26,165
108,63
31,152
24,333
80,90
8,220
171,181
10,288
119,283
113,59
243,67
188,155
155,22
112,300
222,51
177,5
104,322
113,297
139,235
8,278
6,257
17,317
157,20
117,289
133,248
9,279
232,75
128,262
99,73
204,17
57,372
121,52
226,98
35,356
122,51
54,117
11,295
171,7
212,58
227,98
6,232
17,188
18,194
227,61
213,59
126,265
53,119
257,48
210,123
157,203
5,244
125,268
197,143
142,227
7,267
21,177
30,345
121,278
244,37
177,173
251,61
129,258
234,31
122,277
27,161
178,170
28,158
113,60
144,223
190,154
20,180
114,59
245,66
16,311
25,167
61,374
204,50
39,362
114,297
255,57
205,51
9,280
160,200
48,370
117,56
10,287
78,92
58,373
228,29
32,149
118,55
129,44
51,122
119,54
130,43
97,336
221,106
159,17
234,82
231,30
211,44
194,12
39,138
32,351
111,302
135,40
198,14
54,372
199,15
248,39
214,45
212,21
225,59
40,362
131,254
88,356
107,64
130,256
136,243
7,229
106,315
19,323
20,179
26,337
123,273
190,10
234,32
251,40
140,233
176,175
102,325
151,217
228,62
218,111
233,77
229,63
110,62
137,239
96,339
101,327
222,105
235,67
194,148
233,87
83,364
63,375
137,241
70,374
146,220
181,166
206,53
81,366
93,347
41,365
156,209
228,72
6,252
17,192
12,300
67,375
37,141
143,225
59,112
31,347
223,27
238,33
156,207
65,105
173,180
226,59
7,226
187,157
229,94
14,304
84,86
90,353
110,307
119,284
252,42
200,137
135,243
160,198
156,20
138,238
28,160
8,273
17,314
207,19
233,88
11,211
120,52
98,336
18,182
71,373
192,149
174,178
217,46
17,185
12,299
76,94
184,161
199,138
109,308
221,48
141,33
16,203
46,369
19,198
7,268
59,111
105,66
78,370
26,163
27,339
31,154
24,335
55,372
8,222
112,60
158,202
171,183
61,109
222,49
209,44
223,52
112,302
215,114
101,329
149,217
150,217
6,263
38,359
237,33
34,146
116,56
233,65
42,134
219,109
234,79
204,132
205,18
90,81
158,19
179,170
35,145
175,176
256,55
6,238
207,44
18,192
84,364
257,54
134,40
155,213
57,114
5,242
243,36
232,31
256,45
54,371
83,88
120,281
250,62
60,110
93,79
122,275
9,217
190,152
19,181
215,45
71,99
68,103
24,168
43,132
29,157
72,98
82,89
100,330
25,165
224,27
154,22
166,189
202,135
213,119
96,76
114,295
222,66
206,129
12,209
134,247
216,23
227,28
223,66
10,285
220,108
232,90
32,151
164,192
204,131
132,41
205,130
230,29
59,373
195,13
219,24
216,61
207,53
223,104
196,14
34,353
84,363
103,68
186,159
218,63
156,212
5,251
213,44
146,30
211,20
62,109
31,348
229,73
230,73
25,337
225,57
213,22
88,358
211,122
145,222
7,231
123,275
21,327
87,359
135,244
214,116
96,341
51,371
98,73
194,146
232,65
73,373
220,107
168,10
185,161
224,68
94,345
195,145
125,48
58,114
156,211
198,142
150,25
226,70
126,47
139,36
220,48
143,227
127,46
13,303
209,125
230,64
186,9
36,144
173,178
19,195
40,135
247,38
20,324
118,287
210,20
208,44
