106,69
43,136
81,93
136,75
135,237
121,70
103,313
38,354
146,92
34,153
29,163
88,86
140,214
60,371
127,70
93,338
159,136
142,208
160,148
33,154
98,328
48,130
15,298
66,372
84,359
39,144
22,200
160,138
47,367
152,105
40,142
133,73
134,73
69,106
117,281
104,311
118,278
145,200
80,94
156,119
12,281
63,111
105,310
13,284
19,313
26,331
82,92
145,89
14,291
127,254
17,305
76,99
86,355
137,225
99,77
156,168
143,203
138,219
158,158
114,286
10,227
41,359
22,195
103,73
109,299
130,70
158,160
93,83
9,245
155,114
43,361
136,234
118,69
157,120
130,249
132,245
49,368
62,114
22,320
16,299
107,305
20,313
139,228
152,179
153,178
21,316
123,70
100,76
58,369
142,85
73,370
156,167
122,70
135,235
51,126
35,152
70,371
158,129
157,166
10,234
159,132
150,187
53,124
54,122
41,360
155,172
23,323
15,294
9,254
35,349
131,71
11,268
22,181
85,89
107,68
144,202
64,372
24,177
11,226
20,191
24,325
87,87
77,367
95,80
149,98
87,353
144,89
13,212
100,75
10,258
137,78
11,222
133,240
96,333
45,133
149,189
140,82
142,207
137,223
115,65
38,144
90,345
126,257
59,116
116,67
65,109
148,97
120,271
37,147
50,368
121,270
122,269
27,169
136,77
86,88
46,133
62,372
103,315
138,79
32,157
36,350
124,70
159,138
143,204
42,360
160,150
98,326
29,338
143,87
108,301
10,230
21,200
124,264
160,140
117,68
111,294
78,96
16,207
9,242
19,202
152,107
105,70
65,372
11,272
79,364
104,313
118,276
55,368
157,125
105,308
131,246
13,282
75,99
26,329
27,333
106,307
14,289
20,316
108,68
113,291
18,308
134,240
137,231
156,170
91,345
138,217
128,70
159,153
22,193
97,331
57,118
124,263
114,65
23,324
89,349
125,262
9,251
83,92
34,348
155,116
145,199
150,101
130,247
147,192
72,102
16,301
87,88
20,315
108,67
110,299
152,181
70,105
153,176
77,98
74,100
9,258
137,232
138,230
146,197
28,168
11,219
63,372
157,164
126,70
154,175
10,232
88,350
159,134
150,185
33,345
28,336
79,96
67,372
9,252
20,202
153,109
28,334
11,270
36,149
14,212
94,82
49,367
68,106
24,327
74,369
129,250
106,70
158,127
48,367
138,225
50,127
101,321
28,167
103,316
15,208
34,154
29,166
80,364
91,343
149,187
93,341
160,145
137,221
15,297
108,304
116,281
120,273
21,183
134,74
78,365
148,192
156,116
122,267
27,171
135,74
100,322
13,287
110,66
26,332
151,103
31,161
23,179
10,267
47,130
111,66
12,217
92,342
71,371
72,370
32,159
82,361
143,206
29,336
101,318
108,303
139,81
9,238
10,228
91,84
102,317
160,142
9,240
155,113
19,204
141,210
31,340
11,274
26,173
68,372
25,329
84,91
147,94
12,277
154,111
119,275
157,123
112,292
44,134
113,289
63,113
139,227
148,190
21,319
41,139
39,357
18,306
142,86
45,364
94,335
51,125
101,75
35,151
59,370
158,130
159,155
85,356
94,337
22,199
97,329
155,171
141,84
15,293
17,206
9,249
125,260
34,346
55,121
21,185
119,69
11,267
64,111
22,182
14,211
68,371
49,128
148,95
66,109
11,225
20,188
147,194
25,175
110,297
17,302
99,324
41,140
36,352
114,289
9,256
13,215
42,139
115,284
138,228
146,195
10,263
51,368
151,182
11,221
52,124
56,119
139,79
154,173
89,86
32,343
128,252
58,117
90,346
44,364
126,258
116,284
53,368
154,113
30,338
20,187
25,176
30,163
95,334
43,137
81,94
151,104
158,125
23,180
15,210
34,152
29,164
140,213
60,370
93,339
159,137
160,147
33,155
48,129
112,65
84,358
44,363
159,151
127,256
116,283
40,141
61,114
156,118
12,280
105,311
119,276
131,245
96,80
13,285
19,310
26,330
37,352
76,368
106,308
14,290
145,90
117,280
10,265
52,368
17,306
76,98
127,255
86,354
12,219
97,78
33,156
138,218
139,216
10,226
159,156
109,300
22,194
158,163
9,246
54,368
83,91
155,115
136,233
118,68
31,342
141,208
26,171
150,102
40,358
12,279
88,352
157,121
130,248
132,244
112,294
76,367
16,298
14,293
61,371
152,178
21,317
146,198
142,84
83,360
102,73
157,167
143,88
158,128
81,362
10,237
159,133
150,186
22,197
155,173
15,295
9,255
11,269
16,208
85,90
132,243
107,69
144,201
24,176
20,190
24,324
95,81
25,173
149,99
99,326
123,264
144,88
134,239
13,213
42,137
115,286
138,226
10,261
11,223
133,241
139,214
96,332
45,134
140,81
159,130
142,206
128,254
18,205
21,192
59,117
56,369
116,66
65,110
46,365
148,96
37,148
104,72
78,366
121,271
73,101
122,268
30,161
136,76
135,236
46,132
121,69
111,65
38,355
146,93
138,78
88,87
32,156
82,362
90,85
143,205
160,149
102,318
21,201
160,139
60,116
129,70
111,295
16,206
47,366
9,243
19,203
40,143
105,71
133,72
69,105
152,106
11,273
79,365
104,312
80,95
147,93
118,279
12,282
105,309
131,247
71,103
13,283
19,312
106,306
82,93
14,288
17,304
137,224
99,76
156,169
138,216
59,369
158,159
114,287
159,158
94,338
41,358
103,72
13,288
57,119
60,115
114,64
130,71
124,262
93,82
89,350
9,244
158,161
136,235
150,100
22,321
147,193
16,300
107,304
20,314
152,180
110,298
70,104
96,79
99,323
153,177
120,69
137,233
146,196
49,127
98,77
151,181
73,369
157,165
154,174
10,235
159,135
150,184
53,123
54,123
33,346
58,118
23,322
9,253
35,348
20,201
153,110
11,271
36,148
144,203
24,178
77,366
24,326
74,368
149,97
129,251
123,266
95,333
87,352
158,126
50,126
10,259
28,166
15,209
137,77
80,363
149,188
140,83
160,144
137,222
38,145
132,71
67,108
120,272
37,146
121,269
129,252
122,266
27,168
135,75
71,104
100,321
19,309
86,89
135,238
103,314
10,266
47,131
38,353
146,91
12,216
92,341
32,158
36,351
82,360
154,176
42,361
160,151
98,327
29,337
143,86
101,319
108,302
9,239
10,231
91,85
102,316
32,344
160,141
117,67
78,97
89,347
9,241
141,211
31,341
11,275
26,172
118,277
75,368
84,90
147,95
12,276
154,110
157,124
112,291
27,332
113,290
148,189
12,215
18,309
22,319
137,230
45,365
91,344
83,359
102,74
92,84
159,152
85,357
94,336
22,198
97,330
125,261
89,348
9,250
43,362
153,107
21,186
145,198
64,110
14,210
49,129
12,275
62,113
66,108
72,103
147,195
16,302
107,306
110,296
17,303
99,325
39,355
41,141
74,101
77,97
9,257
114,288
42,138
115,285
10,262
79,95
151,183
157,163
10,233
92,83
88,351
32,342
33,344
54,121
137,219
35,350
153,108
28,335
36,150
46,366
154,112
68,107
20,186
129,249
109,67
30,162
95,335
87,354
151,105
23,181
101,320
47,132
29,165
140,212
57,369
93,340
160,146
137,220
115,66
112,64
15,296
84,357
44,362
127,257
116,282
120,274
61,115
30,340
25,327
156,117
27,170
100,323
13,286
19,311
37,353
110,67
31,160
145,91
23,178
44,136
151,102
10,264
12,218
92,343
71,370
97,79
140,211
139,80
9,237
10,229
159,157
39,143
109,301
132,72
160,143
158,162
9,247
141,209
21,191
25,328
40,357
12,278
157,122
119,274
22,322
75,100
112,293
27,334
14,292
44,135
61,372
63,112
139,226
148,191
39,356
21,318
86,356
18,307
98,78
151,184
125,70
101,74
35,150
113,64
81,363
10,236
159,154
22,196
97,328
155,170
111,296
141,83
125,259
17,205
9,248
34,347
55,120
21,184
22,183
132,242
117,279
144,200
11,224
20,189
149,100
25,174
123,265
134,238
13,214
138,229
10,260
11,220
133,242
52,125
139,215
96,331
56,120
89,85
159,131
128,253
38,146
90,347
18,204
126,259
21,193
56,368
67,107
69,371
94,81
104,71
30,339
73,102
31,159
156,120
