171,176
160,123
220,68
235,36
163,150
128,49
150,196
151,206
157,23
181,10
203,21
143,36
146,213
147,33
179,129
215,109
169,12
121,55
161,191
170,130
170,11
211,60
213,62
164,186
199,132
218,43
209,118
132,67
222,45
246,62
251,56
162,158
231,83
151,96
166,184
156,109
212,114
204,55
146,87
156,178
151,94
169,142
146,204
240,63
117,59
223,71
222,99
121,56
193,16
180,129
142,219
215,64
143,82
168,135
224,72
170,177
139,40
162,191
173,164
199,18
154,201
155,104
161,125
144,211
159,195
200,48
187,131
227,56
178,128
188,132
176,9
226,31
155,25
202,20
231,60
155,182
123,55
161,163
139,75
220,29
203,127
125,53
158,171
171,129
205,125
244,40
223,30
248,43
230,79
186,12
201,44
227,91
148,90
152,29
202,43
190,14
163,141
172,160
251,44
191,15
228,58
202,53
153,187
163,147
229,59
253,46
136,70
159,117
156,25
221,69
150,195
220,101
207,22
224,96
169,130
206,57
161,164
208,121
225,94
159,171
172,129
196,134
238,37
162,18
212,24
225,48
171,156
141,219
172,159
147,204
221,45
230,88
147,87
162,133
154,102
228,33
153,188
163,152
231,84
167,15
254,52
237,36
181,129
236,63
120,56
169,139
149,198
219,104
205,21
244,62
165,185
145,35
228,89
225,73
171,149
204,125
153,99
118,64
147,213
162,156
232,34
177,128
233,35
164,17
203,54
208,59
230,34
151,193
146,85
182,129
169,140
130,48
157,177
142,80
151,191
142,217
143,213
158,23
132,46
155,179
208,119
168,137
192,134
159,22
170,149
207,40
134,44
210,117
157,197
243,40
162,189
173,162
153,100
250,58
229,76
148,212
168,181
175,128
215,41
155,106
246,41
200,50
224,31
163,134
188,13
216,108
201,51
234,35
222,70
216,27
125,66
195,134
160,164
182,11
221,100
219,28
161,161
173,129
174,170
239,63
222,29
211,24
224,48
148,211
230,77
239,37
171,153
145,210
163,143
214,25
147,201
172,162
201,52
152,188
160,120
235,35
153,185
163,149
218,105
136,72
236,36
159,119
254,51
149,209
220,103
168,14
143,219
146,214
183,11
148,31
118,58
140,76
170,12
154,182
183,130
149,30
150,29
172,10
222,46
173,174
141,217
226,53
223,47
229,88
206,122
162,131
232,61
158,197
144,217
217,66
163,154
144,82
234,63
240,38
142,37
241,39
129,48
169,137
117,62
149,196
142,79
127,66
224,95
160,168
198,133
143,81
168,132
243,63
226,93
144,36
248,59
227,75
228,91
170,178
249,58
162,160
171,151
173,167
204,127
174,128
154,202
155,200
163,189
216,65
189,132
162,154
172,174
227,55
149,92
200,19
158,115
131,47
154,184
143,215
192,15
155,181
136,43
170,147
133,45
124,53
137,42
195,16
135,43
184,11
161,128
185,131
146,33
134,68
200,46
202,44
218,66
163,136
153,27
253,55
166,183
150,93
202,129
157,110
189,14
167,182
204,42
213,113
166,16
231,34
200,131
160,192
201,130
137,73
122,66
160,166
152,204
174,168
216,41
138,40
160,21
141,77
226,73
151,29
186,131
140,38
119,66
156,200
245,41
225,51
171,155
190,133
152,97
145,208
172,156
147,203
153,28
210,23
152,190
162,134
154,27
160,122
254,47
171,177
163,151
180,10
254,49
151,207
157,24
143,37
204,21
169,13
153,203
194,134
211,61
122,55
212,62
213,63
199,133
175,9
218,42
209,119
156,199
213,25
173,172
226,51
127,50
224,47
247,60
251,57
162,129
233,62
231,80
203,53
210,40
161,192
156,108
212,113
204,54
217,106
146,86
156,177
151,95
205,55
169,143
146,207
117,60
222,98
153,204
148,32
241,63
124,66
119,58
223,98
130,47
157,174
128,67
159,21
168,134
211,40
210,118
117,64
135,44
243,39
162,190
173,165
199,19
214,41
148,201
230,87
171,175
155,105
161,126
144,210
211,116
203,42
145,83
149,90
165,16
156,107
150,209
158,113
231,61
170,145
220,28
228,76
222,30
248,42
230,78
201,45
249,43
148,89
152,28
202,42
163,138
214,26
253,53
145,84
251,45
228,57
252,46
202,52
219,68
163,144
205,41
179,10
253,47
218,106
160,194
156,24
206,22
150,194
169,131
214,111
206,56
152,206
183,129
208,120
158,173
150,30
217,42
139,39
228,75
164,188
159,168
225,95
197,17
141,37
208,23
225,49
155,103
152,99
226,54
250,43
172,158
162,132
228,32
220,69
209,40
163,153
231,85
159,115
128,50
237,37
203,20
169,132
147,32
149,199
237,63
207,58
205,22
198,134
206,123
226,94
164,187
165,186
145,207
162,159
135,70
161,123
231,82
208,58
212,115
209,59
138,73
156,179
169,141
146,205
223,70
142,216
158,22
168,136
170,148
207,41
210,116
157,198
146,34
173,163
153,101
229,77
230,85
168,180
161,124
144,212
159,194
163,135
224,30
200,49
216,107
178,129
150,94
225,31
202,130
209,60
216,26
214,112
219,103
217,27
182,10
221,101
123,54
161,162
139,74
125,52
226,74
213,41
205,124
161,19
119,65
148,210
186,13
157,112
190,134
207,122
133,68
163,140
172,161
247,42
227,32
210,24
191,14
208,40
153,186
203,128
163,146
218,104
229,58
136,71
121,66
159,116
254,50
149,210
220,102
224,97
168,13
218,27
224,71
174,172
149,31
174,9
161,20
159,170
129,67
162,19
212,25
197,134
126,52
141,218
226,52
229,89
148,199
221,44
215,26
162,130
154,103
158,196
144,216
166,15
167,14
234,62
254,53
235,63
129,49
120,57
242,39
169,138
117,63
215,110
149,197
142,78
127,67
142,215
119,57
223,97
226,92
144,35
244,63
165,184
145,34
245,62
225,72
249,59
228,90
204,126
246,61
173,168
118,65
155,201
147,212
216,64
230,80
189,133
206,124
162,157
232,35
211,115
164,18
151,192
123,66
158,114
201,19
157,176
143,212
136,42
193,15
133,46
170,146
193,134
134,45
195,17
200,45
131,67
168,182
187,13
226,32
145,216
163,137
187,132
216,109
201,50
150,92
202,128
157,111
204,41
167,183
219,67
155,26
179,9
177,9
201,20
230,60
201,131
150,207
145,215
160,165
161,160
139,76
173,128
174,171
238,63
171,11
221,29
160,20
141,78
158,174
171,130
196,17
185,12
227,92
219,43
126,51
171,152
152,96
220,44
250,44
163,142
145,209
152,189
154,26
160,121
158,195
163,148
159,118
254,48
178,9
143,218
146,215
207,57
118,59
140,77
154,183
212,61
172,11
169,179
173,10
156,198
214,63
198,18
173,173
220,43
127,51
223,46
247,61
147,88
162,128
163,18
135,69
154,101
144,218
232,62
217,65
231,81
229,33
144,83
191,134
217,107
241,38
205,56
138,74
146,206
117,61
170,143
242,63
206,41
157,175
143,80
168,133
211,41
169,180
248,60
227,74
170,179
171,150
173,166
154,203
163,188
148,200
230,86
162,155
160,119
161,127
252,56
172,175
227,54
149,91
165,17
156,106
230,33
150,208
151,194
176,128
120,66
158,112
210,60
230,59
222,100
131,46
154,185
194,16
143,214
155,180
170,144
126,66
124,54
137,41
130,67
212,41
184,12
185,130
134,69
250,57
200,47
148,88
207,121
252,55
218,67
163,139
247,41
253,54
145,85
157,109
189,13
228,56
252,45
222,69
213,112
163,145
200,132
160,193
137,72
218,28
160,167
214,110
152,205
174,169
216,42
138,41
214,64
158,172
174,10
159,169
140,39
132,68
197,18
245,40
141,38
208,22
239,38
225,50
171,154
152,98
184,130
209,23
172,157
147,202
152,191
