349,294
345,267
370,310
364,320
347,280
380,296
366,314
387,284
372,307
353,327
373,306
347,291
362,265
360,324
358,329
348,292
345,273
349,297
376,271
351,314
351,311
382,293
353,322
384,289
388,284
349,306
358,327
362,266
358,330
345,268
378,297
349,300
385,275
351,313
372,271
380,295
378,275
366,317
382,294
381,294
356,330
381,275
374,304
363,320
362,321
345,271
378,298
349,303
347,284
351,316
386,285
366,318
382,291
388,283
387,277
353,328
389,282
375,271
376,301
345,277
368,312
349,293
362,322
345,266
370,311
368,267
386,275
347,283
351,307
386,286
379,275
366,315
355,265
353,326
353,265
354,332
356,332
361,324
347,290
353,331
351,320
385,288
360,325
346,280
345,272
349,296
370,312
359,326
376,272
386,276
351,310
352,265
353,321
384,290
357,265
349,305
347,289
362,267
384,275
345,275
349,299
374,302
351,312
379,296
351,309
380,275
356,331
356,265
355,332
354,265
353,332
374,305
390,277
377,300
345,270
390,280
378,299
349,302
347,287
382,275
351,319
365,267
372,269
370,269
374,271
376,302
374,306
364,318
345,276
390,278
368,313
349,292
362,323
345,265
378,300
359,265
366,267
368,268
347,282
370,308
377,273
351,306
386,287
353,325
353,330
360,326
345,279
358,265
349,295
363,267
362,324
376,273
383,275
386,277
347,281
383,290
372,306
353,320
349,304
347,288
357,330
358,328
345,274
349,298
374,303
346,265
367,267
351,315
375,302
378,273
351,308
382,292
347,265
371,308
367,314
353,323
384,288
358,326
345,280
345,269
390,281
378,296
369,312
349,301
364,267
347,286
371,269
369,269
351,318
350,306
372,270
380,294
378,274
366,316
373,271
351,265
349,265
372,308
361,265
386,288
364,319
390,279
389,277
368,314
365,318
362,320
370,309
390,282
368,269
347,285
351,317
352,320
386,284
350,265
382,290
348,265
353,324
360,265
388,282
347,292
353,329
376,300
388,277
345,278
