126,27
104,109
103,15
77,24
40,22
119,6
15,112
22,117
26,120
60,132
8,107
111,10
5,84
119,112
100,17
22,48
111,97
12,69
119,110
84,69
124,101
130,50
20,116
94,23
60,131
16,60
57,7
129,47
95,22
17,57
80,25
29,121
59,9
5,93
36,29
116,87
64,117
115,115
112,95
5,103
125,22
114,93
53,7
68,97
65,12
115,6
11,72
68,15
97,70
128,37
20,115
24,118
57,8
75,82
128,91
76,78
131,54
60,9
65,114
7,80
5,96
61,131
122,10
27,31
69,92
127,35
67,100
39,23
131,71
19,53
93,70
117,114
24,40
66,104
63,123
14,65
103,16
125,99
46,11
104,14
98,71
126,97
83,28
72,87
69,17
115,91
78,77
131,63
132,56
130,88
28,121
32,124
109,11
92,69
6,105
131,76
64,121
131,82
99,19
21,48
120,108
76,23
55,7
11,70
104,111
27,32
46,133
59,133
128,41
109,115
70,17
113,74
123,17
35,125
38,26
68,94
10,73
17,114
95,70
37,127
121,107
107,72
105,104
43,131
122,105
64,12
111,73
23,45
66,14
42,130
130,48
100,71
129,45
88,69
131,51
33,124
5,91
81,26
64,119
124,17
5,101
48,10
127,36
110,100
131,64
39,24
121,108
24,35
74,21
89,27
25,34
102,16
44,131
67,14
63,124
107,103
113,8
56,134
109,101
128,39
128,93
18,55
131,56
6,82
39,128
96,21
116,88
117,86
65,112
61,10
113,94
7,82
122,8
118,82
131,73
67,102
24,42
11,109
9,77
16,112
26,32
13,111
104,106
42,15
40,19
43,14
93,24
41,18
107,114
47,133
25,119
45,12
102,71
45,131
85,28
74,83
132,58
130,86
114,115
111,9
5,87
9,108
131,78
8,78
62,129
64,123
34,124
118,79
131,84
75,22
82,71
120,110
126,31
70,91
87,68
13,66
14,112
41,130
42,16
108,101
112,96
16,57
129,42
95,21
48,134
120,6
10,109
129,91
31,122
121,7
124,20
38,24
72,18
110,99
125,25
116,114
73,19
114,94
55,135
106,72
112,8
22,46
105,112
116,6
75,81
34,31
38,128
35,30
131,53
5,89
90,69
62,10
117,75
37,28
121,8
124,19
5,99
131,66
49,9
73,20
67,99
80,73
123,14
24,37
71,89
9,74
66,109
30,31
109,73
63,126
92,24
106,103
44,12
126,98
84,28
112,116
18,53
127,94
107,12
132,61
116,90
117,84
112,74
51,135
118,80
131,75
15,60
67,104
7,106
50,9
20,50
131,81
90,25
126,26
113,7
104,108
38,127
40,21
41,16
14,111
118,6
73,83
22,116
19,114
77,77
101,71
57,134
58,133
5,85
110,116
79,24
12,110
118,77
10,74
131,86
126,29
70,89
12,68
119,111
122,106
123,104
108,73
124,100
73,84
79,74
94,22
113,116
16,59
130,47
115,74
29,122
5,94
36,28
129,89
64,116
124,22
125,23
114,92
12,67
68,96
81,72
65,13
115,7
32,31
97,71
128,36
26,119
131,55
103,71
65,115
37,26
7,81
91,69
5,97
122,13
127,32
69,93
131,68
67,101
28,31
49,134
24,39
83,70
40,129
111,116
118,113
66,107
123,102
85,68
54,135
14,64
125,100
43,13
46,10
126,96
72,86
108,115
78,76
86,28
132,63
114,116
63,10
28,120
65,116
97,20
32,123
14,63
6,104
98,19
131,77
15,62
62,130
64,120
65,110
78,24
104,72
131,83
75,21
21,49
76,22
11,71
104,110
77,23
46,132
99,71
109,116
128,40
8,108
10,72
100,18
12,70
105,105
122,104
64,11
127,96
124,102
130,51
56,7
106,113
129,46
71,18
17,56
80,26
35,29
59,8
76,80
5,92
81,27
103,72
64,118
5,102
48,9
105,72
131,65
123,13
52,7
74,20
68,98
110,73
25,35
66,110
67,15
63,125
23,43
128,38
128,92
78,75
76,79
18,54
23,118
108,12
82,27
65,113
117,87
113,95
61,130
122,11
127,34
69,91
131,70
67,103
39,22
117,113
19,52
7,105
24,41
66,105
90,26
81,71
104,105
96,70
125,98
43,15
41,19
107,115
104,15
105,14
69,16
45,132
106,13
115,90
74,82
6,84
132,57
108,11
130,89
87,27
58,134
109,10
92,70
5,104
131,79
8,77
62,128
64,122
118,78
131,85
99,18
82,70
54,7
120,109
126,30
70,90
127,31
87,69
13,67
47,10
59,132
128,42
79,73
129,43
21,116
48,133
89,69
10,108
116,75
123,16
31,123
68,95
110,98
125,26
17,113
37,126
121,106
111,98
105,111
101,17
43,130
105,113
23,44
130,49
129,44
34,30
5,90
117,76
94,70
124,18
5,100
131,67
123,15
88,27
80,72
24,36
89,26
83,69
9,75
50,134
25,33
66,108
102,17
31,31
63,127
107,102
109,100
68,16
17,55
128,94
127,95
107,13
6,83
110,10
116,89
117,85
132,60
87,28
61,9
112,73
98,20
122,9
118,83
131,72
52,135
15,61
52,8
7,107
24,43
50,8
20,49
71,87
9,76
16,113
26,33
13,110
104,107
40,20
114,7
86,68
93,23
41,17
25,118
45,11
115,92
19,115
27,120
77,78
132,59
130,87
5,86
8,79
114,74
34,125
79,25
118,76
126,28
18,114
53,135
108,72
13,65
106,104
41,129
73,85
108,102
106,114
112,97
79,75
16,58
71,17
115,75
5,95
120,7
129,90
35,126
124,21
38,25
72,19
125,24
116,115
55,134
112,9
91,25
22,47
23,46
66,13
117,6
33,31
75,80
131,52
5,88
23,117
82,28
37,27
5,98
122,12
127,33
51,8
69,94
67,98
30,122
131,69
19,51
24,38
29,31
40,128
71,88
118,112
66,106
123,103
85,69
92,25
44,13
72,85
58,8
106,14
63,128
132,62
117,83
63,11
97,21
7,79
51,134
14,62
118,81
131,74
65,111
11,110
20,51
131,80
36,126
