26,47
63,102
106,69
12,78
9,84
38,124
14,108
111,70
108,105
45,128
17,64
117,92
128,77
48,130
58,130
92,66
124,34
60,123
116,72
119,90
123,31
65,96
20,58
8,87
99,22
82,66
121,101
65,17
27,39
101,20
40,29
120,87
87,65
32,35
107,108
21,112
128,68
126,89
18,62
127,85
122,25
66,93
67,89
94,67
38,31
119,73
8,94
39,30
62,114
119,103
23,50
66,17
123,96
92,28
43,23
15,70
67,18
72,80
86,32
15,108
113,70
26,116
120,16
16,66
117,72
51,131
59,127
118,92
17,110
64,98
88,31
42,126
89,30
90,29
21,55
120,101
27,43
123,95
86,65
120,75
13,75
14,107
113,101
35,34
128,60
75,75
125,93
119,11
128,82
105,17
110,14
57,130
8,102
128,72
121,22
126,45
124,37
60,126
52,131
125,40
110,112
19,58
80,67
74,25
61,118
79,28
68,87
71,83
118,73
26,45
14,72
73,78
20,111
113,112
101,68
106,17
128,79
122,28
114,70
31,120
34,121
8,89
22,54
63,105
18,110
10,83
119,104
53,131
28,34
121,77
107,110
97,67
112,101
85,32
27,117
124,93
17,63
128,70
59,11
127,87
60,12
66,91
72,23
62,110
118,91
30,119
49,130
41,125
83,66
62,112
112,13
91,29
54,131
44,18
118,9
95,25
119,12
65,94
76,72
120,18
16,68
8,97
23,113
63,14
121,19
98,23
51,12
49,12
64,100
115,96
104,68
111,113
120,103
76,26
85,65
14,71
77,27
116,10
13,73
128,62
125,91
122,79
99,67
108,110
128,84
117,95
128,74
121,20
119,89
125,38
19,60
24,49
61,116
36,122
100,22
120,84
28,37
41,27
128,53
46,16
47,130
107,107
84,32
77,72
71,22
128,65
112,70
126,90
33,121
122,26
96,25
12,107
68,88
69,86
105,68
8,91
39,29
117,108
22,52
63,107
10,81
66,18
110,69
121,83
84,65
122,81
15,69
20,112
94,27
24,115
57,11
124,95
80,29
29,117
78,71
108,16
82,31
62,108
75,26
90,30
81,67
121,84
115,10
128,57
35,33
74,76
45,17
69,20
119,14
58,11
79,68
76,74
62,13
8,99
108,15
123,33
87,31
126,46
109,14
9,105
125,43
64,102
115,98
93,66
126,48
61,121
127,53
116,110
26,46
63,103
12,77
9,85
122,99
117,9
46,15
98,67
83,32
42,23
47,14
122,77
36,33
59,128
45,129
17,65
117,93
128,76
28,117
124,33
89,65
60,122
123,28
65,97
34,122
20,57
61,114
127,50
8,86
99,23
63,108
111,102
101,21
40,28
39,124
120,86
32,34
41,25
128,55
11,80
107,109
33,35
100,68
70,21
21,113
128,67
126,88
107,16
122,24
66,92
115,112
94,66
38,30
69,84
8,93
37,123
23,51
123,97
121,81
44,128
113,11
42,25
56,131
34,35
15,71
43,20
67,19
100,67
109,104
15,109
114,99
78,69
81,30
120,15
61,13
98,24
51,11
110,104
64,97
88,30
50,12
107,69
102,20
44,127
11,78
113,12
27,40
118,107
114,11
120,74
93,27
128,59
68,19
128,81
19,111
104,19
127,88
105,18
57,131
8,101
121,23
126,44
124,36
60,125
125,41
19,59
52,11
74,24
61,119
79,29
68,86
118,72
25,47
121,99
26,44
13,107
122,97
73,79
47,129
108,106
113,113
71,21
106,16
115,71
128,78
124,35
123,30
35,122
25,48
8,88
82,67
121,100
65,16
27,38
10,82
23,52
110,70
119,105
120,88
128,69
18,63
127,84
10,105
66,90
67,88
97,24
37,31
72,22
118,90
110,103
8,95
30,118
73,23
55,131
49,131
41,126
75,25
112,12
30,34
43,22
113,99
44,17
72,81
119,13
65,95
112,113
62,14
120,17
16,67
8,96
116,95
63,15
40,125
17,109
73,24
64,99
49,13
115,97
42,127
11,106
50,131
21,54
120,102
109,69
103,19
27,42
118,105
116,9
13,74
128,61
113,100
83,31
75,74
47,13
122,78
125,92
119,10
22,113
128,83
8,103
128,73
121,21
124,38
60,127
125,39
110,113
19,61
80,68
24,48
61,117
71,82
127,49
64,16
100,21
14,73
73,77
28,36
121,75
37,32
128,64
58,129
96,24
114,71
115,111
12,106
105,69
16,109
8,90
21,56
117,109
63,104
18,111
10,80
28,35
121,76
108,69
29,34
122,80
112,102
44,20
27,116
24,114
94,26
124,94
128,71
78,70
29,118
18,61
127,86
60,13
67,90
62,111
119,74
70,84
62,113
54,11
91,28
103,20
128,56
44,19
71,81
119,15
108,112
65,93
79,69
26,115
76,73
120,19
8,98
32,120
109,15
116,71
125,44
64,101
31,119
116,109
55,11
12,76
27,44
77,26
122,98
46,129
31,34
46,14
128,63
75,76
36,32
102,68
108,111
59,129
110,13
17,66
117,94
114,112
128,75
89,66
60,121
119,88
123,29
78,28
24,50
20,56
61,115
127,51
8,85
36,123
111,103
12,75
40,27
39,125
120,85
28,38
41,26
128,54
107,106
109,112
70,20
77,71
88,65
128,66
126,91
33,120
122,27
69,85
8,92
117,107
95,67
37,124
22,53
63,106
70,83
64,15
121,82
43,127
84,66
42,24
34,34
15,68
43,21
56,11
109,105
114,98
80,30
59,12
81,31
90,66
103,68
91,66
48,13
62,109
9,103
11,105
116,96
11,79
96,67
9,83
27,41
118,106
72,79
114,10
93,28
128,58
74,77
25,115
45,16
69,19
95,26
119,9
128,80
104,18
86,31
23,114
8,100
123,32
111,13
126,47
122,23
9,104
60,124
125,42
78,27
126,49
61,120
53,11
127,52
116,111
