18,128
87,229
127,18
10,170
116,21
231,90
200,139
54,58
16,130
201,138
79,38
181,10
10,180
84,36
10,158
28,209
30,213
143,194
22,111
41,74
18,199
64,229
219,34
211,129
198,16
32,87
223,40
227,45
107,223
34,85
188,151
56,58
128,18
82,231
136,201
167,10
26,208
45,223
121,214
233,71
66,48
114,22
84,35
139,197
157,179
221,115
19,122
20,116
85,34
68,46
10,153
157,10
161,176
56,227
205,135
147,12
145,12
70,44
119,216
81,36
96,28
229,100
173,164
145,193
199,18
83,229
34,215
177,161
98,227
139,14
147,190
66,230
203,136
233,72
10,166
229,50
36,80
60,53
119,20
36,217
151,186
94,30
131,16
109,222
231,60
233,82
86,32
124,211
155,182
14,138
233,78
42,74
74,42
150,187
223,112
165,173
12,184
175,161
55,227
28,98
17,195
44,68
90,229
217,32
20,200
42,221
186,12
171,167
68,231
187,152
213,126
217,123
18,124
10,161
231,95
178,10
20,122
207,22
127,208
22,112
149,189
47,225
10,149
193,147
12,183
60,229
231,96
197,16
12,141
58,227
159,177
144,193
62,229
225,42
10,168
16,132
58,55
179,157
65,48
49,225
10,178
156,181
158,10
24,205
10,156
24,106
28,211
144,12
205,21
183,153
63,50
14,190
70,43
80,36
18,197
42,70
175,10
44,223
50,63
113,219
51,62
221,38
227,47
34,83
165,10
190,149
53,60
153,12
112,22
102,25
154,11
55,58
233,69
139,199
20,118
40,75
110,24
137,201
205,133
73,42
106,24
46,225
223,111
142,195
174,163
149,12
136,15
33,86
98,28
47,66
137,14
113,220
83,231
129,207
100,26
96,227
143,14
130,17
122,213
50,227
10,164
92,30
229,48
39,76
36,82
177,10
206,133
215,125
127,207
36,219
202,18
94,28
231,62
233,80
14,136
42,72
74,40
223,114
165,171
12,186
175,163
44,70
76,38
211,24
184,153
12,144
158,179
32,214
190,12
223,38
215,28
181,156
153,185
217,121
18,122
10,175
231,89
64,48
230,54
95,227
231,55
233,89
195,143
125,210
149,187
193,145
143,193
121,20
26,103
172,10
199,139
122,19
163,174
231,98
212,26
12,143
219,33
213,27
19,199
46,68
159,179
162,10
209,130
225,40
34,86
52,60
115,22
152,12
167,170
61,229
16,134
75,231
117,20
179,159
38,221
233,66
10,176
115,219
24,207
40,221
10,154
24,108
66,47
105,24
31,213
110,23
144,14
183,155
14,188
80,38
111,22
18,195
146,12
148,12
131,204
22,204
196,143
229,103
82,36
16,193
197,142
79,231
199,17
34,216
99,26
136,16
221,36
123,212
140,14
147,189
36,79
228,48
48,65
220,117
233,75
229,53
38,77
201,18
178,159
207,133
159,10
151,185
232,89
128,207
155,181
138,199
227,106
14,135
193,14
26,105
185,153
164,173
225,110
110,221
98,26
185,10
42,222
125,18
129,205
32,88
187,12
172,165
90,30
59,54
10,162
50,225
101,227
105,224
233,76
219,120
191,147
61,52
232,64
231,56
233,86
10,150
186,153
120,20
169,167
229,105
171,10
30,90
117,219
199,140
141,196
211,26
114,219
189,150
12,146
58,228
46,67
161,10
224,40
93,229
106,223
215,30
81,231
231,91
10,173
116,20
64,50
71,231
78,38
16,129
180,10
201,139
203,18
22,116
28,95
104,24
170,10
30,212
62,52
143,195
169,168
30,93
22,110
14,187
26,101
18,198
22,203
32,86
33,215
63,229
34,84
52,62
56,57
227,48
54,60
23,205
102,26
154,12
219,118
121,215
233,64
74,231
84,34
49,64
156,10
157,180
161,177
221,116
68,45
10,152
24,110
119,217
229,101
89,229
16,195
150,12
173,165
41,221
138,14
221,34
135,202
67,231
218,121
92,229
147,191
130,18
203,137
103,24
233,73
229,51
60,52
191,148
151,187
109,223
231,61
233,83
95,28
155,183
227,108
223,113
197,14
28,97
59,229
32,90
187,153
37,78
152,185
35,82
27,209
77,231
189,12
191,12
213,127
18,127
10,160
101,225
179,10
231,92
206,22
26,207
50,64
20,121
99,227
207,23
217,30
231,58
90,32
233,84
224,111
127,209
22,115
14,140
169,10
226,109
27,100
10,148
51,227
11,181
30,211
62,51
195,144
12,182
117,217
118,217
122,20
163,173
231,97
43,223
12,140
88,229
93,227
225,43
167,169
203,135
10,171
116,22
54,59
16,131
58,54
201,137
180,157
10,181
155,10
203,20
10,159
28,210
205,22
16,191
70,42
18,196
131,203
21,201
22,201
85,229
211,128
50,62
73,231
164,10
187,151
35,217
227,44
225,44
34,82
123,211
129,18
102,24
26,209
154,10
121,213
39,221
233,70
38,78
20,117
29,94
204,135
40,74
72,42
13,187
205,134
126,209
227,105
135,16
46,224
26,106
194,14
229,99
136,14
28,100
109,24
173,163
113,221
145,192
177,160
53,227
142,14
188,12
66,231
58,56
130,16
176,10
50,226
10,167
182,155
229,49
233,79
36,81
60,54
140,197
36,218
89,32
109,221
231,63
233,81
86,33
182,10
195,14
14,139
223,115
165,172
208,131
12,185
28,99
44,69
211,25
11,148
20,201
84,229
171,166
222,38
211,127
32,213
223,39
231,64
133,203
134,203
166,171
191,14
210,24
215,29
181,157
86,229
213,125
217,122
18,125
10,174
231,94
215,123
194,145
125,211
22,113
149,188
192,147
193,146
198,141
30,94
26,102
122,18
163,175
231,99
12,142
163,10
69,231
78,231
112,221
213,28
209,131
225,41
167,171
10,169
16,133
219,117
38,220
17,128
233,67
10,179
83,36
160,177
24,206
10,157
24,107
66,46
134,16
144,13
110,22
137,199
205,20
21,116
14,191
46,223
80,37
131,205
42,71
108,24
168,169
16,192
197,143
151,12
221,37
227,46
135,201
123,213
57,56
102,225
36,78
148,189
48,64
113,22
200,18
100,227
233,68
229,54
38,76
88,32
67,46
139,198
20,119
52,227
40,76
29,211
192,14
69,44
137,200
227,107
31,90
14,134
161,175
26,104
225,111
71,42
184,10
43,70
76,40
116,219
124,18
185,11
83,230
94,227
45,68
129,206
15,191
209,24
101,26
105,223
66,229
126,18
80,231
153,183
118,20
10,165
233,77
70,231
105,225
93,30
207,131
215,124
219,121
94,29
231,57
233,87
222,115
14,137
42,73
74,41
132,203
13,140
12,187
175,162
170,167
76,39
199,141
141,197
185,12
145,191
77,38
23,110
189,151
12,145
160,10
162,175
46,66
32,215
97,227
181,155
153,184
166,10
18,123
10,172
64,49
16,128
120,215
37,219
38,219
231,54
233,88
203,19
125,209
204,20
228,105
28,94
133,16
183,10
154,183
169,169
230,99
30,92
26,100
107,24
22,202
173,10
54,227
219,32
213,26
159,178
216,123
209,129
52,61
56,56
226,44
91,229
146,191
179,158
219,119
207,24
233,65
10,177
104,225
157,181
221,117
108,223
68,44
10,155
24,109
183,154
14,189
22,205
75,40
229,102
123,18
16,194
197,141
220,34
20,199
199,16
34,217
221,35
135,203
57,227
208,24
210,129
141,14
76,231
212,127
48,66
177,159
233,74
229,52
111,221
214,125
25,207
207,132
191,149
25,106
86,34
103,225
227,109
225,109
119,215
196,14
65,229
197,15
97,28
28,96
98,27
42,223
12,148
171,165
32,89
90,31
176,161
191,13
91,30
18,126
10,163
101,226
231,93
216,30
20,120
217,31
231,59
233,85
168,10
132,16
22,114
87,32
10,151
62,50
195,145
229,104
12,181
30,91
174,10
117,218
141,195
218,32
189,149
12,147
48,225
15,134
58,229
130,205
72,231
214,28
93,228
202,137
