190,21
39,92
223,94
25,195
194,135
17,165
27,122
224,91
56,220
46,216
70,53
144,183
193,136
174,154
114,211
145,182
218,43
212,37
116,209
130,196
110,214
58,65
222,55
188,141
148,178
180,18
19,148
79,47
122,204
59,61
181,19
25,125
61,220
192,21
25,196
222,99
17,158
224,82
194,23
136,190
86,41
76,222
63,57
17,176
99,218
175,17
210,119
93,220
165,164
171,17
41,85
140,186
184,144
77,48
188,21
30,113
25,129
82,222
146,180
45,216
142,184
182,19
214,115
120,205
85,43
176,152
147,21
221,102
170,158
29,114
17,169
47,216
29,201
95,37
124,201
155,172
160,17
225,69
226,77
172,17
33,105
224,62
197,23
34,103
143,21
21,138
73,222
218,107
63,222
48,216
191,21
86,222
183,19
131,25
38,93
51,71
49,75
40,212
17,162
100,218
150,178
144,21
53,69
208,121
192,136
80,45
69,222
220,50
71,53
186,142
196,134
218,46
221,51
168,161
219,47
66,222
126,25
163,17
59,64
140,21
182,148
104,216
112,31
206,30
212,117
19,145
113,30
207,31
66,55
114,29
132,25
25,193
17,155
27,124
224,93
62,59
23,133
93,39
104,33
132,196
164,164
108,31
204,125
110,212
83,222
125,27
166,164
222,53
115,29
19,176
33,206
164,17
152,174
27,196
222,95
19,150
122,202
59,63
20,145
177,17
31,202
222,97
89,222
61,61
17,156
224,84
156,170
79,222
194,21
63,59
97,37
29,119
132,195
186,144
69,55
44,214
175,154
35,98
184,146
21,187
103,33
224,57
103,216
107,214
215,41
223,57
57,66
138,23
105,216
106,214
45,214
95,220
21,143
218,110
64,57
178,152
200,129
23,189
214,113
178,17
89,39
220,104
85,41
176,154
195,134
149,178
17,175
224,65
195,23
31,110
158,169
226,75
47,75
209,120
137,190
214,39
37,97
43,82
138,189
59,220
141,186
39,210
32,204
182,147
179,150
27,200
89,40
220,103
202,29
115,210
51,73
49,73
55,220
194,136
17,160
26,125
27,121
150,176
224,88
198,130
192,138
169,17
49,218
146,21
114,212
218,44
101,35
35,207
82,45
171,158
21,183
41,214
166,163
45,81
106,216
206,122
208,32
21,145
147,180
37,94
19,147
157,19
18,176
91,39
219,106
17,153
128,200
160,168
23,135
93,37
106,31
185,144
174,17
164,166
170,17
210,120
139,188
46,79
125,25
36,97
57,220
19,178
152,19
143,184
33,204
187,142
152,176
117,29
27,198
19,152
72,222
123,202
177,152
83,44
62,222
119,27
61,59
27,119
224,86
67,55
53,220
29,117
111,31
50,218
55,67
72,51
69,53
73,50
144,184
35,100
68,222
41,89
226,78
47,76
21,185
224,59
136,23
216,110
21,141
218,108
200,26
96,219
178,150
201,27
23,191
37,209
90,221
180,148
220,106
203,29
128,198
160,166
17,173
154,173
224,67
149,19
216,41
226,73
33,109
185,19
214,37
85,222
56,67
43,84
129,198
198,24
172,156
51,218
179,17
202,27
39,93
65,222
88,222
194,134
17,166
27,123
224,90
78,222
120,27
23,136
150,19
144,182
49,216
211,35
114,210
101,33
212,36
186,19
116,208
190,140
41,212
134,193
45,79
139,22
222,54
188,140
180,17
19,149
176,17
25,126
61,221
39,90
60,61
119,28
222,98
133,24
17,159
224,81
102,217
194,22
96,37
134,23
199,130
55,68
174,156
105,32
151,19
202,127
210,118
212,35
102,33
35,97
32,109
41,86
118,207
187,19
77,49
24,131
188,20
214,41
25,130
222,57
19,180
52,218
210,35
22,137
214,114
26,196
50,73
120,204
222,101
183,146
53,218
159,18
29,115
17,170
29,202
124,200
94,220
31,109
158,170
226,76
35,102
117,208
33,106
47,78
91,220
224,61
188,19
43,81
138,190
216,112
21,139
218,106
65,56
201,128
151,176
180,150
17,163
224,69
205,29
53,70
168,17
216,43
208,120
226,71
159,168
220,49
196,133
168,160
31,112
190,139
220,47
172,158
35,208
59,65
129,25
97,218
148,180
212,116
121,204
113,31
25,194
17,164
27,125
224,92
75,222
125,200
28,119
225,80
118,208
28,200
174,155
71,51
116,210
130,197
140,188
109,31
204,124
222,52
19,177
81,222
209,33
116,29
71,222
78,47
188,142
148,179
27,197
130,25
19,151
79,46
180,19
222,94
83,43
31,203
222,96
17,157
224,83
136,191
23,131
132,194
35,99
140,187
184,145
21,188
77,47
84,222
25,128
19,182
211,118
146,181
34,206
57,67
133,194
210,33
98,218
181,148
45,215
213,116
142,185
200,128
214,112
84,43
120,206
90,222
85,42
90,39
64,222
176,153
24,192
147,20
170,159
29,113
17,168
154,174
226,80
224,64
29,200
203,126
124,202
31,111
158,168
226,74
33,104
42,85
119,206
173,156
163,166
205,124
196,23
214,38
224,63
43,83
138,188
207,122
21,137
39,211
182,146
167,17
89,41
220,102
202,28
109,214
49,74
17,161
208,122
192,137
170,160
226,69
131,196
220,51
71,52
186,143
218,47
75,49
123,27
168,162
60,220
199,25
189,140
134,194
166,162
139,21
222,51
37,95
215,112
212,118
18,153
65,55
206,31
113,29
39,89
31,204
25,192
52,71
17,154
224,94
92,39
102,218
156,172
23,132
93,38
198,132
97,35
164,165
107,31
43,214
44,81
76,49
110,213
112,212
124,27
204,126
198,23
42,214
125,26
213,37
206,124
19,179
33,205
153,19
152,175
27,199
19,153
122,203
153,174
59,62
83,45
118,29
217,110
222,102
193,21
61,60
224,85
156,171
157,170
63,58
87,41
29,118
97,36
68,55
159,17
98,35
69,54
73,51
35,101
47,77
21,186
224,58
58,220
189,21
137,23
57,65
106,215
202,128
154,19
191,138
21,142
39,212
200,25
96,218
200,130
23,188
37,210
90,220
220,105
30,202
77,222
54,220
204,29
133,23
17,174
154,172
224,66
40,89
169,160
74,222
99,35
226,72
161,17
113,212
173,17
37,96
43,85
128,25
80,222
136,192
155,19
70,222
51,72
17,167
27,120
224,89
150,177
23,137
198,131
145,21
121,27
49,217
100,35
33,103
81,45
218,45
101,34
35,206
162,17
197,132
130,198
162,166
21,182
41,213
134,192
45,80
206,123
139,23
208,33
21,144
127,25
37,93
141,21
156,19
206,29
87,222
19,146
38,210
48,75
79,45
25,127
61,222
39,91
111,212
119,29
126,200
36,208
133,25
224,80
101,218
102,216
105,31
158,19
23,134
135,23
55,69
122,27
105,33
202,126
67,222
41,87
118,206
214,40
22,188
25,131
222,56
167,162
19,181
146,182
20,182
210,34
165,17
142,186
222,100
108,214
224,87
110,31
147,19
53,219
159,19
29,116
17,171
73,49
226,79
35,103
41,88
33,107
47,79
21,184
224,60
135,192
208,31
216,111
23,192
21,140
166,17
218,109
200,27
96,220
88,41
178,151
23,190
214,116
127,200
65,57
37,208
180,149
54,69
128,199
160,167
161,166
17,172
94,37
148,19
224,68
53,71
216,42
184,19
226,70
217,43
33,108
74,49
220,48
92,220
196,132
31,113
198,25
190,138
142,21
172,157
