215,357
91,238
242,78
171,86
120,217
34,153
309,273
311,248
242,161
153,317
33,154
38,149
58,130
311,105
165,286
38,228
297,353
171,62
242,73
171,79
154,13
194,337
309,282
311,241
242,216
151,189
160,171
305,56
311,102
26,313
20,193
204,294
171,55
105,319
239,369
131,280
242,64
171,68
122,215
177,288
56,132
311,206
169,126
95,248
242,211
99,253
16,172
35,152
311,127
258,361
149,315
26,256
282,355
14,172
108,319
171,44
249,42
122,280
93,233
96,248
242,123
81,319
68,118
311,199
242,202
280,30
267,357
13,174
88,81
124,317
311,116
167,286
98,54
189,290
172,286
92,69
36,317
60,126
171,37
159,177
164,12
165,154
311,175
242,114
311,220
293,38
242,197
10,178
36,213
311,77
206,349
120,30
12,174
14,190
205,347
226,365
105,274
124,26
311,164
97,248
242,109
134,317
212,354
198,341
130,22
311,213
242,252
182,290
311,74
116,34
155,179
161,168
311,268
222,292
22,266
266,357
270,357
93,244
311,189
242,100
50,137
34,207
309,327
311,210
242,247
175,325
311,261
24,306
22,269
159,172
184,290
94,229
311,186
242,159
258,34
192,290
177,325
309,320
242,238
208,349
117,317
153,185
298,44
303,349
240,275
38,218
311,88
138,203
139,203
267,30
311,258
105,261
311,179
242,150
309,329
242,233
135,317
38,221
203,293
311,81
261,359
242,62
22,287
135,20
105,270
307,61
309,289
311,136
242,145
150,14
242,224
136,205
29,158
36,240
228,290
140,201
143,315
311,272
96,58
24,263
22,278
115,317
242,57
309,298
165,160
311,129
168,145
242,136
78,105
83,94
210,353
85,319
254,36
274,30
43,144
261,361
103,257
286,355
307,337
24,195
22,297
171,116
30,313
305,347
90,76
144,18
309,307
311,158
242,131
117,219
232,288
36,151
93,66
31,156
106,223
291,35
19,166
82,100
307,342
241,272
169,134
22,288
171,109
32,154
309,316
220,361
111,319
311,151
169,23
242,186
288,355
164,286
242,269
259,34
117,282
36,237
40,147
222,362
24,162
82,95
169,143
25,197
171,98
311,236
169,24
242,181
119,217
87,319
94,66
242,260
172,325
300,351
191,333
242,93
171,91
27,254
195,337
74,319
147,18
311,229
242,172
25,260
244,47
63,319
248,42
20,164
242,84
171,80
309,279
110,39
311,226
166,286
149,190
188,290
242,167
283,30
50,319
213,294
216,357
107,278
38,226
171,56
194,292
242,79
171,73
311,251
95,245
242,222
16,191
311,104
174,288
38,229
113,36
297,352
171,49
135,207
49,138
224,363
259,361
242,70
171,78
255,363
309,281
311,240
242,217
151,188
13,187
124,213
182,327
94,62
311,97
20,194
113,221
171,54
136,20
147,193
242,65
171,71
113,319
183,329
169,125
167,147
242,208
99,252
311,201
232,369
311,126
26,257
12,185
106,44
14,173
171,47
229,290
102,48
122,281
93,232
242,120
152,187
248,367
32,203
68,119
72,114
311,198
242,203
266,30
88,82
89,319
127,211
311,119
186,329
98,55
206,347
12,176
231,369
92,70
39,148
60,127
171,36
64,122
159,176
165,153
311,174
242,115
198,339
253,38
92,319
311,223
293,37
242,194
10,179
155,12
192,333
268,357
292,355
311,76
65,319
12,175
14,191
162,284
105,273
311,167
242,106
28,158
212,355
123,213
123,280
33,205
311,212
242,253
100,227
68,319
142,317
18,170
311,69
306,58
311,271
22,267
150,316
250,367
107,42
163,163
93,243
311,188
242,101
246,46
290,34
309,326
129,317
203,345
242,244
153,183
105,225
44,319
207,294
311,260
24,307
122,317
159,175
311,181
258,35
242,156
160,284
309,335
242,239
208,350
153,184
303,348
240,276
38,219
311,91
139,202
125,317
105,260
309,295
37,317
311,178
275,30
242,151
178,325
70,319
217,294
309,328
165,14
242,230
203,292
311,80
228,292
159,12
108,223
143,317
242,63
22,284
171,121
121,28
105,269
307,60
309,288
311,139
242,142
150,15
100,48
209,351
304,347
139,282
125,24
309,337
242,225
86,86
107,319
38,213
228,291
184,329
96,59
24,264
22,279
242,54
117,32
45,142
309,297
311,128
242,137
123,317
34,208
262,32
254,37
54,134
81,100
261,360
299,45
103,256
24,196
42,146
22,302
171,119
282,30
212,294
305,346
90,77
143,197
309,306
311,153
242,128
243,50
117,218
232,289
166,322
62,126
287,33
15,172
291,34
169,133
22,289
171,108
32,155
109,280
309,315
311,150
169,22
150,16
242,187
160,319
52,136
35,240
242,266
117,281
107,223
200,341
36,238
40,148
222,363
275,357
153,14
46,142
169,142
171,101
311,239
242,178
289,355
149,284
242,261
154,284
121,282
242,90
115,280
26,197
171,90
304,52
311,228
97,56
242,173
29,201
196,292
34,244
248,43
37,234
38,232
276,355
118,282
214,356
91,235
201,292
20,165
242,85
170,323
171,83
226,292
309,278
311,253
149,189
242,164
269,30
130,209
208,294
26,309
216,358
38,227
58,319
171,59
252,38
167,15
23,266
188,331
171,72
152,284
242,76
47,319
255,365
309,287
311,250
95,244
242,223
58,128
311,107
91,72
113,219
171,48
135,206
92,233
224,364
242,71
25,160
171,65
309,280
311,243
169,123
167,149
242,214
217,359
94,63
40,317
311,96
137,280
20,195
113,220
171,41
147,192
242,126
171,70
63,124
311,200
169,124
167,146
206,294
242,209
210,294
301,50
305,55
127,213
148,16
311,121
12,186
92,72
169,286
171,46
165,159
93,231
242,121
80,100
32,204
72,115
311,193
242,200
100,254
266,31
88,83
311,118
98,52
125,280
92,71
97,319
171,39
64,123
311,169
22,164
97,229
242,112
119,282
249,367
311,222
293,36
242,195
10,176
192,334
157,319
218,360
311,79
60,128
100,319
283,355
14,188
99,52
105,272
73,319
311,166
242,107
27,160
28,159
265,32
311,215
277,355
242,250
293,355
311,68
155,181
76,319
311,270
150,317
145,197
163,162
93,242
311,191
242,98
213,355
34,205
309,325
242,245
101,227
105,224
235,286
76,108
311,93
189,331
137,317
161,167
271,357
241,369
311,263
24,308
48,138
251,367
52,319
159,174
311,180
242,157
159,319
309,334
242,236
208,351
240,277
38,216
311,90
22,282
105,267
163,285
309,294
311,141
242,148
165,13
242,231
152,14
191,290
141,20
311,83
77,108
78,319
143,316
256,363
169,145
22,285
242,60
171,120
301,351
105,268
198,292
309,303
311,138
223,292
242,143
151,317
100,49
120,282
309,336
157,284
86,87
147,282
242,369
109,223
54,319
236,284
96,60
24,265
22,276
115,319
171,113
242,55
104,44
142,199
309,296
311,131
242,134
210,351
34,209
108,40
238,369
129,280
61,126
262,33
87,84
144,315
41,319
299,44
103,259
307,339
169,131
24,197
22,303
171,118
305,345
268,30
90,74
309,305
311,152
242,129
117,217
118,217
232,290
32,244
166,323
242,272
287,32
126,24
82,98
180,288
309,68
94,319
169,132
22,294
171,111
230,368
32,156
109,279
309,314
311,145
169,21
242,184
28,200
30,252
36,152
131,209
242,267
117,280
200,342
36,239
275,356
287,355
308,337
169,141
171,100
141,282
146,282
113,280
311,238
169,30
242,179
28,199
11,185
33,244
94,64
149,283
242,258
135,280
263,359
104,319
252,367
255,36
242,91
22,304
23,162
171,93
295,39
311,231
242,170
120,317
168,286
248,44
107,275
38,233
80,319
214,357
252,40
91,234
74,110
20,166
167,17
242,82
171,82
309,277
311,252
242,165
221,292
257,363
311,109
244,48
227,367
176,325
216,359
112,221
38,224
186,290
277,30
171,58
252,39
167,14
242,77
44,142
171,75
156,317
255,364
309,286
311,245
95,247
242,220
245,369
58,129
311,106
171,51
133,317
84,90
224,365
242,68
171,64
27,199
311,242
167,148
132,317
242,215
94,60
40,318
311,99
26,260
273,357
171,40
285,32
219,292
242,127
234,286
311,203
95,229
242,206
99,254
301,49
30,202
305,54
18,191
127,212
218,359
148,17
311,120
12,187
106,42
257,36
21,195
171,33
165,158
93,230
22,162
80,101
97,227
260,361
242,118
32,205
72,116
311,192
242,201
10,182
28,313
88,84
311,113
98,53
146,18
171,38
64,124
161,12
311,168
114,36
97,228
242,113
68,120
69,118
311,217
223,363
242,192
10,177
192,335
104,225
218,361
311,78
134,22
14,189
18,192
150,315
171,31
145,195
290,355
311,161
242,104
261,34
123,215
148,191
311,214
242,251
10,184
18,168
240,280
293,354
311,71
155,180
174,325
103,225
179,327
311,265
101,256
126,280
145,196
163,165
93,241
311,190
242,99
246,44
84,319
309,324
132,280
242,242
101,226
302,349
178,288
76,109
311,92
243,369
311,262
24,309
48,139
311,183
242,154
30,158
250,42
35,209
309,333
60,319
242,237
86,90
240,278
38,217
311,85
156,12
211,353
22,283
190,290
105,266
158,284
163,284
309,293
311,140
242,149
283,32
103,46
32,315
165,12
274,357
242,228
203,294
311,82
157,179
216,294
169,144
22,274
242,61
171,123
301,350
86,319
307,62
309,302
311,133
242,140
100,50
28,252
106,274
86,84
109,222
236,285
24,266
22,277
115,318
171,112
242,52
104,45
309,311
311,130
242,135
78,108
62,319
303,51
108,41
196,337
54,132
103,258
307,338
169,130
42,144
22,300
171,105
49,319
305,344
90,75
143,199
309,304
57,130
311,155
169,19
242,190
29,252
30,250
32,245
276,30
62,124
218,294
291,36
166,14
82,99
262,359
74,114
309,67
166,153
169,139
22,295
171,110
230,369
109,278
309,313
311,144
169,20
242,185
28,201
122,28
102,319
131,208
242,264
66,122
67,120
200,343
222,361
46,140
176,288
70,118
169,140
295,41
171,103
311,233
169,29
242,176
264,359
94,65
149,282
242,259
214,355
112,319
296,353
242,88
22,305
295,38
171,92
311,230
242,171
34,242
107,274
253,367
247,369
91,237
74,111
310,68
167,16
242,83
44,144
171,85
88,319
34,154
309,276
311,255
295,353
242,162
31,315
182,328
38,150
257,362
311,108
244,49
123,26
233,288
38,225
171,61
84,92
139,20
91,319
242,74
44,143
154,14
171,74
156,318
181,290
309,285
311,244
115,34
95,246
242,221
64,319
238,284
311,101
228,367
309,63
150,284
171,50
260,34
155,284
84,91
34,317
242,69
80,104
171,67
67,319
141,317
311,205
167,151
242,212
94,61
40,319
311,98
140,317
110,221
171,43
91,240
237,369
96,229
242,124
234,287
202,292
311,202
242,207
43,319
301,48
30,203
88,78
305,53
148,18
311,123
121,317
106,43
114,219
204,345
171,32
142,20
165,157
148,315
93,229
22,163
80,102
242,119
311,195
242,198
170,123
10,183
311,112
14,187
226,366
102,46
265,359
144,197
92,240
94,244
311,171
242,110
35,317
53,134
73,114
311,216
242,193
101,255
36,209
311,73
207,349
161,171
18,193
240,369
171,30
65,122
302,50
175,288
145,194
311,160
242,105
45,319
123,214
50,138
106,319
199,341
311,209
242,248
10,185
193,335
18,169
240,281
293,353
311,70
137,205
155,183
17,170
311,264
22,270
141,201
109,319
163,164
93,240
311,185
242,96
170,286
137,20
246,45
309,323
202,344
242,243
82,319
101,225
240,272
76,110
131,22
311,95
180,327
311,257
173,288
48,140
311,182
242,155
230,290
309,332
242,234
278,355
279,30
136,280
110,280
240,279
38,222
311,84
29,313
108,278
22,280
105,265
309,292
311,143
242,146
100,52
32,316
235,369
242,229
165,321
119,30
157,178
162,319
24,260
22,275
242,58
171,122
280,355
301,349
215,294
309,301
311,132
242,141
78,106
100,51
28,253
32,248
86,85
294,38
103,260
109,221
236,286
187,290
22,298
242,53
171,115
104,46
30,314
309,310
311,157
242,132
279,355
303,50
108,42
196,338
54,133
118,317
299,46
307,341
169,129
42,145
22,301
171,104
90,72
143,198
309,319
311,154
224,292
169,18
25,309
242,191
30,251
32,246
112,36
57,319
166,321
242,270
171,323
62,125
161,284
287,34
82,96
190,332
46,319
309,66
169,138
22,292
26,254
171,97
194,335
309,312
311,147
169,27
242,182
199,292
129,211
242,265
231,290
110,319
46,141
242,94
295,40
171,102
311,232
169,28
242,177
181,327
167,323
242,256
101,48
140,282
15,191
201,343
21,164
71,116
242,89
171,95
119,317
311,225
242,168
244,369
118,32
11,176
34,243
107,277
253,366
19,193
247,368
263,32
163,321
91,236
242,80
171,84
28,160
254,365
309,275
311,254
242,163
171,286
154,183
182,329
238,282
257,361
96,319
311,111
244,50
163,12
272,357
38,230
171,60
84,93
242,75
171,77
156,319
181,289
128,211
128,280
309,284
311,247
271,30
167,153
242,218
99,319
305,58
311,100
131,207
170,30
72,319
309,62
171,53
289,34
129,22
242,66
171,66
121,217
284,355
56,130
311,204
167,150
242,213
99,251
16,170
126,213
75,319
311,125
26,258
14,174
171,42
48,319
122,282
211,294
142,18
242,125
297,43
311,197
242,204
301,47
88,79
305,52
311,122
186,330
98,56
104,260
51,319
197,292
204,346
171,35
158,319
145,282
165,156
311,173
242,116
80,103
278,30
297,44
311,194
242,199
10,180
311,115
120,28
17,191
92,66
297,351
226,367
102,47
265,358
124,24
311,170
114,34
97,250
242,111
173,325
202,343
311,219
242,254
153,284
118,30
101,254
36,210
310,273
311,72
116,32
134,20
137,203
214,294
161,170
164,161
239,282
22,195
95,60
145,193
311,163
242,102
98,227
195,292
220,292
311,208
242,249
18,166
53,319
37,213
240,282
41,146
114,319
155,182
137,204
311,267
22,271
133,280
138,280
141,200
163,167
311,184
258,36
242,97
98,250
309,322
273,30
202,345
242,240
153,187
240,273
311,94
139,201
90,319
311,256
168,18
149,16
173,287
105,263
51,136
159,171
291,355
311,177
242,152
30,156
250,40
178,326
162,12
143,18
309,331
242,235
86,88
93,319
38,223
311,87
22,281
105,264
307,59
163,286
309,291
311,142
242,147
139,281
32,317
242,226
154,317
142,282
38,214
157,177
69,319
96,56
24,261
22,272
242,59
309,300
219,361
311,135
242,138
78,107
28,254
303,52
247,44
266,32
200,292
254,38
130,317
242,50
22,299
171,114
281,355
30,315
90,78
309,309
311,156
242,133
52,134
95,319
193,291
196,339
128,24
247,367
307,340
169,128
22,290
152,317
171,107
269,357
90,73
126,317
309,318
311,149
242,188
30,248
32,247
159,284
112,37
38,317
242,271
193,292
71,319
218,292
24,160
82,97
155,317
190,333
270,30
74,112
309,65
169,137
22,293
115,219
26,255
171,96
229,367
305,343
128,317
311,146
169,26
242,183
122,26
308,62
129,210
242,262
66,120
288,34
36,234
128,22
246,369
70,116
162,320
131,317
242,95
26,198
171,89
311,235
294,353
242,174
31,248
242,257
147,315
133,207
143,282
148,282
242,86
171,94
237,284
311,224
242,169
133,22
105,44
124,280
34,240
127,317
26,310
158,177
107,276
253,365
109,40
144,282
37,150
130,280
39,317
91,239
292,36
167,18
242,81
171,87
34,152
234,288
309,274
110,40
311,249
59,128
242,160
238,283
38,148
311,110
161,319
162,167
38,231
26,160
171,63
135,205
264,32
84,94
236,369
127,24
75,110
242,72
171,76
154,12
121,215
47,140
194,336
181,288
309,283
311,246
167,152
242,219
305,57
185,329
311,103
26,312
171,52
147,191
242,67
171,69
121,216
56,131
311,207
169,127
167,145
151,187
99,250
242,210
16,171
311,124
114,280
132,207
26,259
171,45
245,46
83,319
85,90
142,19
272,30
242,122
116,317
23,195
297,42
285,355
56,319
146,193
311,196
242,205
99,227
301,46
30,201
88,80
125,213
111,38
311,117
186,331
150,189
92,68
204,347
225,365
171,34
27,313
165,155
311,172
59,319
242,117
140,20
311,221
242,196
10,181
233,369
36,212
311,114
206,348
120,29
92,67
265,357
124,25
311,165
114,35
97,249
242,108
151,284
156,284
212,353
198,340
311,218
242,255
118,31
227,292
156,179
31,203
158,12
36,211
311,75
116,33
134,21
161,169
311,269
298,351
163,161
183,290
311,162
205,294
242,103
50,136
34,206
311,211
168,323
242,246
18,167
311,266
24,305
22,268
61,319
159,173
141,199
163,166
311,187
242,158
286,32
234,369
309,321
242,241
153,186
179,288
164,321
240,274
311,89
281,30
311,259
173,286
105,262
111,280
311,176
242,153
23,305
98,319
116,280
30,157
250,41
178,327
309,330
242,232
303,347
86,89
38,220
221,361
311,86
112,280
22,286
101,319
105,271
307,58
146,315
309,290
311,137
242,144
134,280
139,280
55,132
242,227
102,225
38,215
311,273
96,57
24,262
22,273
242,56
89,78
309,299
165,161
311,134
77,319
242,139
78,104
116,219
210,352
262,34
138,20
105,223
251,40
242,51
132,22
22,296
171,117
138,317
309,308
311,159
242,130
102,256
52,135
127,280
36,150
185,290
193,290
225,292
190,331
103,319
307,343
169,135
22,291
171,106
309,317
311,148
242,189
79,104
30,249
112,38
242,268
299,351
197,339
218,293
36,236
40,146
275,355
24,161
82,94
74,113
309,64
169,136
169,323
79,319
171,99
157,12
311,237
169,25
242,180
122,27
129,209
242,263
151,14
172,324
136,317
66,121
284,32
33,317
36,235
128,23
66,319
70,117
162,321
111,221
187,331
242,92
295,42
26,199
171,88
230,367
306,343
55,319
311,234
242,175
139,317
256,36
244,46
172,323
38,234
296,42
145,315
91,233
42,319
242,87
171,81
209,294
300,46
110,38
311,227
149,191
242,166
283,31
34,241
145,18
26,311
160,12
171,57
134,207
