267,39
116,289
45,230
302,122
302,304
160,148
31,292
162,53
131,200
100,281
84,232
85,230
302,163
249,175
110,214
134,198
105,310
87,226
97,220
152,172
98,271
302,125
97,77
249,199
302,315
31,301
162,76
164,312
249,176
302,170
186,297
146,180
25,171
45,216
115,44
249,200
302,322
31,298
162,71
132,200
172,295
63,133
119,40
249,185
302,173
88,249
36,310
84,109
252,49
92,253
69,128
249,209
302,325
162,94
235,297
75,310
258,352
150,178
100,310
249,66
302,180
108,310
91,93
41,206
89,103
142,27
27,169
130,31
97,80
277,348
249,218
302,332
162,89
101,68
249,75
302,191
214,301
197,299
298,341
85,107
250,359
140,189
25,190
98,275
298,58
249,227
162,80
126,204
235,295
137,310
249,76
302,198
158,156
239,292
115,289
226,356
249,61
52,310
90,97
258,43
27,167
192,299
103,63
249,228
31,270
162,107
211,343
29,292
138,192
302,201
103,285
249,85
251,252
145,184
193,325
249,237
33,262
162,98
78,310
81,114
249,94
302,208
216,348
152,291
302,67
215,301
184,297
102,284
249,261
55,142
202,334
208,340
249,246
104,218
162,125
110,287
249,103
139,192
302,219
187,297
302,74
51,147
151,291
249,270
302,256
85,310
266,39
162,116
93,310
221,353
43,155
261,352
249,104
302,226
121,38
47,223
302,77
144,27
94,222
117,210
249,279
302,267
106,286
162,28
249,128
114,289
242,362
249,113
302,229
140,192
94,310
117,42
47,228
302,84
219,352
128,289
111,310
280,39
302,274
162,23
168,295
249,137
231,297
162,134
200,301
254,47
41,245
296,54
262,352
156,21
302,236
249,122
99,69
302,95
118,210
302,277
268,349
160,137
162,46
93,91
135,289
191,324
104,310
302,132
249,146
87,104
162,129
93,257
276,348
97,265
29,282
302,247
131,310
23,171
99,74
247,279
302,102
128,202
220,352
302,284
162,41
259,43
63,310
249,155
302,143
71,310
218,301
19,180
147,308
169,314
29,275
302,254
292,48
119,289
302,105
163,293
128,310
188,299
302,295
31,305
35,255
127,310
162,32
221,301
172,316
227,356
249,156
302,150
252,356
39,251
96,221
45,236
156,292
67,131
302,112
151,174
245,362
302,302
162,59
245,283
249,165
302,153
133,310
287,348
148,291
259,352
45,229
156,291
302,123
255,354
97,75
133,29
302,305
50,310
160,149
31,295
162,50
150,174
100,282
84,233
302,160
249,174
253,356
285,41
145,308
219,301
112,289
292,45
80,117
152,173
98,268
234,297
110,49
97,76
249,198
302,312
31,300
162,77
142,289
95,259
84,240
302,171
249,183
257,45
26,169
135,196
264,41
236,362
146,181
291,346
20,177
224,354
260,352
25,170
154,21
45,215
248,360
47,151
123,206
156,160
302,323
249,207
178,318
89,310
162,68
249,184
302,178
88,250
39,159
133,289
92,254
95,83
166,314
132,289
249,208
29,167
302,330
162,95
235,296
258,353
155,164
249,65
302,181
123,37
41,205
43,209
225,355
229,299
89,102
27,168
249,360
32,194
117,289
249,217
302,333
162,86
126,202
101,67
249,74
174,316
302,188
158,154
270,37
92,93
225,356
249,59
140,190
158,293
107,53
175,295
59,310
25,189
98,272
84,310
198,330
290,43
92,310
298,59
192,324
249,226
162,81
249,83
302,199
250,252
158,157
165,314
43,207
249,60
103,62
159,311
249,235
31,265
162,104
40,202
211,342
29,291
138,193
302,206
249,84
251,255
253,49
129,310
154,310
193,324
249,236
233,362
33,261
269,39
162,99
294,49
81,113
44,310
249,93
302,209
143,308
61,310
271,37
102,285
286,41
159,293
249,245
162,122
167,314
249,102
302,216
125,310
302,75
51,146
93,222
62,310
283,39
302,257
249,269
70,310
168,314
262,41
162,117
54,143
221,352
130,289
43,154
246,360
249,111
302,227
108,214
121,37
47,222
302,82
126,310
249,278
302,264
106,287
162,29
235,362
249,135
41,243
249,112
302,234
117,41
302,85
109,287
77,310
223,299
150,25
302,275
160,312
249,136
302,130
179,318
162,135
275,348
41,244
296,55
247,360
249,121
302,237
23,173
247,281
212,301
302,92
251,257
83,111
302,282
268,350
160,138
125,35
162,47
199,299
93,90
185,297
249,145
302,133
87,107
96,81
29,281
103,310
302,244
111,214
100,69
302,103
237,295
154,166
302,285
162,38
249,154
302,140
251,49
109,51
19,183
153,23
29,274
302,255
292,49
302,110
88,310
302,292
31,304
35,254
162,33
292,346
249,163
302,151
33,308
252,357
39,250
286,348
141,188
86,228
96,222
187,322
45,235
156,293
67,130
47,310
302,113
55,310
154,168
100,218
302,303
162,56
228,358
300,334
302,158
249,164
91,224
201,301
119,310
157,21
302,120
302,310
160,150
31,294
162,51
40,310
150,175
151,23
100,283
84,234
302,161
249,173
257,43
43,237
134,196
86,246
292,46
239,362
188,322
152,174
98,269
195,327
249,197
302,313
31,303
162,74
58,139
121,310
84,241
302,168
249,182
126,33
201,334
257,44
92,224
95,85
25,169
170,316
45,214
47,150
156,161
302,320
249,206
162,69
36,161
63,135
249,191
302,179
160,19
88,251
39,158
41,203
282,39
92,255
22,173
95,82
170,295
32,263
181,319
56,141
249,215
29,166
302,331
33,163
162,92
60,137
150,176
249,64
302,186
123,36
91,95
114,212
41,204
43,208
225,354
150,291
229,298
122,289
89,101
73,310
183,297
98,278
81,310
106,310
249,216
29,191
124,310
162,87
126,203
182,297
207,339
101,66
249,73
302,189
158,155
249,58
140,191
107,52
294,346
25,188
98,273
213,346
113,289
298,56
249,225
162,110
111,49
120,39
249,82
302,196
90,252
143,289
165,313
205,338
43,206
265,41
159,310
95,222
249,234
33,259
31,264
162,105
116,43
249,91
29,290
302,207
251,254
76,310
222,301
150,308
243,287
27,190
102,283
34,196
253,48
249,243
233,361
33,260
141,27
269,38
162,96
131,29
189,324
249,92
302,214
241,362
302,65
175,317
249,267
249,244
31,163
162,123
249,101
302,217
108,216
115,310
138,310
302,72
249,268
302,262
203,335
96,259
191,299
162,114
274,37
41,310
246,361
66,131
302,224
249,110
162,312
108,215
256,354
46,229
47,217
302,83
224,299
223,301
120,289
249,277
302,265
35,197
162,26
249,134
218,350
147,291
155,291
228,299
46,310
302,235
249,119
54,310
302,90
210,342
302,272
267,350
162,21
64,133
249,143
302,131
162,132
110,310
118,310
249,120
29,287
302,242
176,296
34,257
23,172
99,71
300,60
247,280
302,93
251,256
126,289
146,291
79,117
118,208
83,110
302,283
232,297
160,139
125,34
162,44
93,89
249,144
302,138
87,106
287,41
19,177
29,280
302,245
215,347
71,125
300,59
302,100
237,294
57,141
154,167
120,310
302,290
162,39
61,137
249,153
302,141
109,50
19,182
24,171
243,289
153,22
155,310
263,41
29,273
302,252
86,226
131,289
302,111
254,356
171,295
100,220
119,208
302,293
31,307
87,310
162,62
227,358
300,336
249,162
302,148
88,224
252,358
21,175
194,299
86,229
255,45
23,187
45,234
302,118
100,219
302,300
160,144
162,57
151,25
300,335
84,236
302,159
249,171
72,310
80,310
289,43
127,31
129,31
152,168
157,20
302,121
132,310
102,218
302,311
213,301
196,299
249,195
162,48
84,235
302,166
249,172
161,136
89,224
112,212
21,177
39,310
134,197
86,247
146,184
292,47
148,308
94,258
98,266
195,326
249,196
302,318
31,302
162,75
84,242
302,169
249,181
201,333
21,186
44,237
102,63
158,310
145,291
95,84
45,213
293,49
98,75
156,162
302,321
249,205
124,289
162,66
242,289
63,134
249,190
302,176
160,20
90,224
113,212
41,202
26,190
136,29
211,301
89,99
20,186
114,45
34,161
35,309
181,318
113,310
183,320
223,354
298,55
249,214
29,165
302,328
31,193
33,162
157,293
162,93
150,177
249,71
302,187
89,251
91,94
229,297
89,100
98,279
30,165
129,289
249,223
29,190
162,84
207,338
101,65
249,72
302,194
231,360
158,152
249,57
107,55
265,39
213,345
33,195
69,127
298,57
249,224
232,360
178,297
162,111
111,48
65,310
249,81
302,197
159,19
90,253
90,310
165,312
205,337
248,279
127,33
261,43
279,348
265,40
284,348
195,299
33,196
73,125
249,233
33,258
31,267
162,102
36,198
77,121
211,344
29,289
302,204
249,90
250,261
37,161
198,299
203,336
136,194
155,21
249,242
233,360
31,165
269,37
162,97
189,323
249,99
302,215
46,216
302,70
175,316
159,150
249,266
285,348
123,289
250,53
288,346
60,310
249,251
162,120
249,100
302,222
302,73
249,275
302,263
217,301
274,348
203,334
96,260
249,252
217,350
162,115
82,113
249,109
302,225
216,301
152,308
47,216
302,80
86,310
223,300
209,342
249,276
302,270
106,285
35,196
162,27
249,133
107,310
130,310
190,324
283,348
302,232
249,118
47,225
302,91
78,119
302,273
105,59
94,87
138,27
302,128
249,142
107,216
288,41
162,133
37,253
39,201
249,127
302,243
29,286
157,158
176,297
70,127
42,155
99,70
300,61
247,283
302,98
251,259
163,312
57,139
118,209
83,113
302,280
160,140
125,33
162,45
93,88
38,310
276,37
249,151
302,139
291,45
42,243
262,350
29,279
302,250
215,346
75,121
230,360
302,101
254,354
237,293
57,140
99,220
154,164
102,310
302,291
124,204
52,145
162,36
61,136
136,289
249,152
302,146
251,51
144,289
109,49
19,185
40,157
243,288
153,21
46,151
302,253
176,295
86,227
44,153
226,299
302,108
30,273
59,137
149,178
302,298
31,306
162,63
38,159
149,291
100,279
245,287
300,337
84,230
302,149
121,289
106,55
88,225
249,161
113,47
21,174
43,241
180,318
271,348
112,310
23,186
45,233
28,167
302,119
29,192
139,310
160,145
302,301
125,204
162,54
185,322
151,24
84,237
302,156
249,170
197,330
200,332
65,133
147,180
152,169
28,190
67,310
157,19
302,126
35,257
249,194
302,308
162,49
127,289
132,198
249,179
302,167
174,295
233,297
112,213
21,176
43,239
86,244
272,37
94,259
98,267
56,310
219,351
115,43
64,310
210,301
156,164
302,319
30,192
249,203
31,297
162,72
186,322
84,243
302,174
249,180
144,184
201,332
34,308
87,247
241,291
95,87
45,212
142,188
156,163
302,326
249,204
162,67
301,65
302,177
140,308
160,21
249,189
173,316
89,98
237,362
212,344
268,39
35,308
249,213
302,329
31,192
33,161
162,90
148,25
207,340
249,70
302,184
158,150
204,336
114,210
43,210
297,344
62,135
298,342
249,55
22,186
98,276
50,147
249,222
162,85
101,64
249,79
302,195
158,153
97,310
249,56
122,310
107,54
294,344
213,344
33,194
141,289
53,143
73,123
154,291
227,299
249,231
157,310
31,269
162,108
249,80
302,202
140,289
205,336
44,210
298,344
173,295
48,149
127,32
261,42
103,59
73,124
249,232
33,257
31,266
162,103
77,120
249,89
29,288
302,205
125,289
108,287
37,160
295,344
278,37
137,29
264,350
53,145
199,331
55,141
166,293
136,195
82,310
156,158
249,241
31,164
35,161
162,126
41,157
131,31
189,322
299,59
249,98
302,212
45,153
302,71
124,35
251,358
116,210
249,265
288,347
249,250
162,121
249,107
302,223
236,295
302,78
146,308
249,274
302,260
108,51
129,200
96,261
152,23
135,310
193,299
249,131
217,349
162,112
38,200
282,348
249,108
302,230
47,219
302,81
151,308
209,341
302,271
162,24
57,310
279,37
249,132
296,51
167,293
249,117
302,233
109,214
229,359
47,224
302,88
153,291
302,278
105,58
130,200
249,141
302,129
288,42
144,308
162,130
37,252
39,200
249,126
29,285
302,240
215,348
295,51
99,73
300,62
138,289
247,282
302,99
30,292
251,258
79,119
83,112
302,281
160,141
162,42
93,87
249,150
302,136
91,97
19,179
262,351
29,278
302,251
180,297
71,127
42,310
194,326
302,106
254,355
244,362
118,41
154,165
302,288
31,308
124,205
162,37
145,27
61,135
249,159
302,147
251,50
144,290
19,184
68,129
23,188
120,208
302,109
153,310
302,299
162,60
181,320
281,39
245,286
300,338
263,350
84,231
302,154
88,226
249,160
113,46
21,173
39,247
169,295
43,240
65,131
255,47
45,232
302,116
32,163
99,310
302,306
160,146
162,55
293,346
185,321
84,238
302,157
249,169
197,329
161,312
204,301
65,132
49,149
152,170
121,208
122,206
302,127
177,297
35,256
97,79
101,218
249,193
302,309
158,19
162,78
182,320
257,354
96,310
149,308
132,199
249,178
302,164
272,348
112,214
277,37
43,238
86,245
146,182
156,310
195,328
142,186
219,350
249,202
302,316
31,296
162,73
164,293
189,299
249,187
302,175
104,285
51,310
88,247
144,185
241,290
95,86
45,211
122,208
249,211
302,327
31,273
162,64
258,354
119,39
249,188
85,243
140,309
302,182
146,25
273,348
48,310
89,97
140,27
249,212
302,334
162,91
134,29
137,194
249,69
302,185
158,151
114,211
298,343
249,54
85,109
98,277
72,125
290,44
220,301
148,178
249,221
31,263
162,82
53,310
76,121
249,78
302,192
158,158
249,63
294,345
134,310
103,61
273,37
117,310
249,230
31,268
162,109
243,362
138,194
302,203
249,87
90,251
239,291
261,41
137,27
249,239
162,100
127,202
41,155
77,119
114,310
294,50
246,283
249,88
302,210
135,29
161,21
92,222
137,28
249,263
159,312
53,144
199,330
92,256
96,264
136,196
156,159
104,216
249,240
162,127
37,199
41,156
131,30
81,117
249,97
302,213
69,310
162,293
149,25
45,152
302,68
175,318
51,145
249,264
302,258
288,348
143,27
238,362
249,249
162,118
110,288
43,153
225,299
249,106
302,220
190,299
47,221
302,79
249,273
302,261
32,308
162,30
96,262
95,310
249,130
105,216
217,348
162,113
36,253
249,115
302,231
47,218
302,86
171,316
280,37
209,340
302,268
160,293
35,198
162,25
168,293
249,139
162,136
200,299
41,247
296,52
249,116
302,238
115,210
300,64
229,358
47,227
301,334
302,89
302,279
105,57
123,310
93,93
249,140
302,134
284,40
106,216
288,43
162,131
128,31
37,251
38,251
249,125
29,284
302,241
99,72
300,63
49,310
302,96
251,261
74,310
128,200
79,118
302,286
160,142
162,43
249,149
302,137
284,39
87,103
91,96
19,178
133,198
29,277
302,248
71,126
74,123
75,123
229,360
302,107
188,297
122,37
302,289
124,206
35,253
145,26
162,34
101,63
300,340
302,144
103,218
196,328
251,53
107,287
144,291
249,158
39,249
67,129
177,318
302,114
147,25
59,139
153,309
302,296
162,61
40,247
245,285
300,339
249,167
302,155
113,45
43,243
49,147
266,350
255,46
297,55
45,231
302,117
302,307
160,147
31,293
162,52
185,320
100,280
84,239
302,162
249,168
197,328
37,159
24,188
49,148
86,243
152,171
98,270
122,207
302,124
97,78
249,192
302,314
139,289
162,79
249,177
302,165
83,310
91,310
290,346
146,183
143,186
94,257
296,344
91,253
116,310
98,220
280,348
98,265
47,149
142,187
181,297
115,45
249,201
302,317
31,299
162,70
238,293
206,338
119,41
249,186
302,172
88,248
144,186
39,157
260,43
241,289
95,81
45,210
69,129
141,308
253,47
249,210
302,324
31,272
162,65
249,67
302,183
123,35
140,310
269,348
281,348
35,310
202,301
148,180
97,81
43,310
206,301
249,219
68,310
31,194
142,308
162,88
111,47
101,69
249,68
302,190
42,206
298,340
101,283
249,53
85,108
250,358
140,188
107,51
205,301
98,274
290,45
148,179
278,348
153,168
249,220
162,83
249,77
302,193
239,293
249,62
103,60
249,229
31,271
162,106
249,86
302,200
251,253
240,362
165,293
250,360
105,285
37,310
45,310
230,297
199,332
193,326
249,238
33,263
162,101
203,301
294,51
81,115
207,301
137,289
249,95
302,211
101,310
104,59
302,66
109,310
92,223
134,289
249,262
92,257
55,143
96,265
249,247
104,217
179,297
162,124
37,198
81,116
249,96
302,218
184,320
45,151
302,69
111,289
275,37
98,310
249,271
302,259
249,248
162,119
110,289
221,354
118,289
246,362
249,105
302,221
121,39
47,220
302,76
249,272
302,266
234,362
162,31
289,346
96,263
249,129
86,107
37,200
249,114
176,318
302,228
214,346
117,43
47,229
302,87
99,279
280,38
244,287
302,269
105,55
162,22
112,47
168,294
249,138
200,300
222,354
41,246
296,53
249,123
302,239
132,29
79,310
300,65
47,226
302,94
83,109
302,276
105,56
268,348
160,136
93,92
136,310
249,147
302,135
284,41
87,105
162,128
39,202
249,124
29,283
302,246
99,75
302,97
251,260
128,201
302,287
88,103
160,143
162,40
256,45
299,340
249,148
302,142
19,181
169,315
29,276
302,249
75,122
209,301
302,104
270,348
188,298
302,294
162,35
145,25
208,301
227,357
249,157
302,145
251,52
19,186
58,310
39,248
240,291
169,316
66,310
265,350
139,27
86,230
96,220
45,237
302,115
59,138
153,308
302,297
162,58
245,284
249,166
302,152
161,293
43,242
