44,117
47,152
103,134
13,207
63,197
94,10
41,158
75,78
42,157
56,127
5,195
79,76
47,119
57,133
76,167
105,131
45,154
95,144
80,34
67,181
77,166
93,41
9,204
111,123
79,27
77,55
23,95
102,136
37,113
8,192
27,172
54,144
48,119
84,69
89,54
79,47
72,67
93,8
63,83
51,121
105,132
65,71
82,9
79,115
26,109
47,90
21,211
96,28
110,124
30,111
97,25
10,205
55,125
89,115
96,114
59,102
60,104
64,107
22,178
70,81
60,70
25,92
43,156
49,120
94,145
50,70
99,114
29,88
79,165
72,80
65,193
83,158
66,186
95,31
80,16
76,78
42,74
21,99
97,18
48,150
18,211
87,154
60,103
89,151
57,69
36,113
46,152
57,204
85,67
90,7
56,139
86,65
72,174
61,200
95,143
80,23
78,77
55,85
53,69
54,125
57,130
47,207
7,192
69,69
23,106
75,62
57,100
65,109
89,152
75,169
43,73
91,115
111,124
79,28
41,208
60,84
53,144
82,73
41,115
62,70
24,94
38,114
31,167
37,80
23,177
50,120
100,114
26,92
32,167
92,8
84,157
75,64
33,166
23,175
28,90
87,59
24,106
28,211
104,132
64,193
81,15
93,39
54,205
80,36
79,116
67,183
58,101
67,82
28,110
98,140
84,115
21,178
34,83
41,116
61,105
30,169
88,57
9,190
89,52
105,114
62,83
10,189
92,7
38,79
90,51
54,85
95,10
6,200
13,186
16,183
112,123
17,182
54,97
52,145
34,112
19,211
55,127
42,208
69,81
48,70
47,150
91,148
73,66
36,82
95,115
25,211
78,166
6,195
48,92
83,160
66,184
68,180
109,127
50,94
80,18
49,207
53,122
66,82
21,97
97,16
80,40
35,113
76,60
100,138
89,6
71,114
68,112
72,115
103,133
56,141
49,119
107,114
77,117
52,121
68,179
91,46
5,198
87,60
50,206
69,178
92,41
22,211
84,7
22,104
31,87
85,6
70,175
90,115
43,208
66,71
71,174
67,111
76,59
79,30
77,58
68,81
82,71
55,142
58,203
27,171
59,203
65,191
109,113
107,129
113,118
81,13
64,195
57,137
93,37
82,10
80,38
51,147
83,115
47,89
96,25
97,141
47,71
57,85
26,173
63,107
69,112
93,147
81,74
73,117
88,59
78,50
54,142
43,155
11,206
90,49
56,129
94,146
76,117
25,107
29,210
40,77
31,210
49,93
64,83
81,161
27,109
56,205
44,208
21,102
86,156
87,6
44,73
101,136
87,153
33,84
92,115
102,135
58,84
96,143
8,203
99,138
60,201
40,159
24,174
66,109
48,207
43,117
94,115
78,53
79,48
91,150
12,207
39,78
86,66
52,86
44,155
28,170
6,193
38,161
37,209
25,108
108,113
36,163
112,116
40,209
113,122
80,20
94,36
37,162
92,44
82,161
95,33
97,22
46,208
80,42
108,128
80,163
96,13
23,105
76,62
111,115
61,83
62,200
13,208
103,135
104,114
15,210
75,79
106,131
42,156
86,63
50,87
5,196
87,62
77,77
69,176
92,43
81,10
57,134
21,104
54,206
95,145
64,71
56,100
77,167
32,112
41,75
20,211
80,33
58,102
67,81
17,210
32,86
79,24
77,56
37,114
34,84
49,148
88,153
97,114
50,147
65,189
80,115
84,68
26,211
35,164
89,55
61,70
79,44
27,90
10,190
90,52
54,86
93,9
85,156
36,209
113,116
82,8
22,97
55,205
80,24
26,108
41,76
47,91
96,27
54,98
74,171
30,110
86,155
10,204
55,98
71,68
59,103
45,72
19,180
70,80
25,93
31,168
89,56
51,206
92,148
29,89
83,159
66,189
80,31
76,77
94,35
33,112
11,188
21,100
46,207
48,149
87,155
7,200
34,209
14,209
80,75
15,184
99,140
83,70
98,114
90,151
68,111
39,114
25,173
35,82
85,68
79,50
39,209
34,165
90,6
62,199
56,138
45,117
92,147
86,64
107,113
6,199
72,173
29,169
61,201
79,163
101,114
91,45
65,82
80,22
113,120
78,76
54,124
16,184
57,131
30,88
97,20
80,44
98,19
53,96
7,193
69,70
75,63
57,101
56,69
97,14
79,29
71,80
53,145
82,72
55,141
58,204
24,93
73,79
63,196
37,81
48,87
32,166
41,157
75,65
74,117
106,129
52,69
18,181
28,89
83,8
28,210
47,118
57,132
93,40
45,153
14,185
80,35
67,180
28,109
46,72
70,69
21,179
77,54
79,26
23,94
93,115
30,168
59,70
88,56
84,70
9,191
89,53
38,209
70,113
79,46
11,205
72,68
95,11
24,211
102,114
49,70
90,50
103,114
13,187
108,127
112,122
17,183
96,29
110,125
97,24
32,111
62,105
64,108
86,115
42,116
66,110
78,54
47,151
91,149
73,67
36,81
91,48
48,91
6,194
74,65
79,164
65,192
95,30
66,187
80,17
94,33
42,75
53,123
54,123
21,98
31,111
30,87
97,17
39,159
7,202
16,210
100,137
59,84
88,6
46,153
85,66
27,211
45,208
71,115
56,140
15,209
81,115
39,160
68,178
91,47
87,61
84,6
67,70
78,116
66,70
71,175
65,108
75,168
46,71
77,59
33,210
58,69
62,71
50,148
63,198
23,176
35,163
50,121
94,9
84,158
95,12
33,165
109,114
80,15
113,119
24,107
104,133
64,194
81,14
57,138
93,38
80,37
67,182
97,142
98,141
26,172
23,211
61,104
69,113
20,180
88,58
91,7
90,48
56,128
40,76
53,86
49,94
64,82
81,162
56,204
51,96
52,146
86,6
12,188
21,103
22,95
34,113
44,72
85,115
101,137
55,126
33,85
56,85
68,70
34,210
96,142
22,177
8,202
99,139
40,158
20,179
78,52
79,49
12,206
39,79
95,114
44,154
50,69
48,93
38,160
8,191
74,79
73,171
66,185
49,87
109,126
36,162
112,115
40,208
50,95
80,19
46,118
82,160
88,115
12,187
97,23
80,41
80,162
98,20
96,12
76,61
61,84
75,118
72,116
77,116
74,118
38,80
73,172
106,130
52,122
18,182
50,86
5,197
87,63
50,207
69,177
83,7
81,11
92,42
57,135
52,96
22,105
14,186
31,86
56,99
80,32
67,110
87,115
75,170
17,211
32,85
43,74
79,25
77,57
49,149
59,202
88,152
59,69
65,190
70,114
26,91
27,91
79,45
85,157
106,114
107,128
113,117
79,75
81,12
64,196
57,136
22,96
80,39
67,184
51,146
55,69
47,88
96,26
74,170
110,126
55,99
40,115
47,70
71,69
62,106
57,84
63,106
19,181
93,146
81,73
73,116
78,51
54,143
82,115
56,130
51,86
48,88
76,118
74,66
40,78
95,29
66,188
80,30
94,34
11,189
21,101
29,110
70,176
7,201
14,208
80,74
15,185
60,202
83,71
90,150
32,210
24,175
39,115
25,174
43,116
35,83
34,164
52,206
62,198
45,118
51,95
72,79
63,71
28,171
6,198
72,172
78,165
29,170
54,69
51,69
80,21
113,121
94,37
92,45
37,161
30,210
95,32
76,168
53,206
97,21
80,43
98,18
53,97
96,14
110,114
97,15
9,203
111,114
35,209
