45,204
32,207
50,153
68,115
84,62
49,116
83,35
61,195
93,15
109,117
91,35
67,175
60,132
58,125
67,74
78,120
28,207
97,137
110,117
80,56
91,118
10,194
101,131
46,75
57,81
82,66
63,111
69,116
26,208
35,167
50,117
85,56
83,40
84,154
11,202
82,118
51,83
76,121
94,23
60,131
25,103
63,182
27,105
40,111
56,201
69,73
56,82
75,165
44,77
71,71
102,131
58,72
96,139
99,134
59,197
83,64
31,171
43,113
105,117
92,28
39,82
44,159
28,174
78,160
107,123
83,23
25,104
90,38
73,166
53,82
84,16
108,117
36,167
37,166
46,115
51,100
31,108
46,204
46,85
81,55
53,102
59,127
66,78
82,52
22,181
60,196
70,72
94,118
79,61
105,126
12,202
88,43
93,26
89,42
38,164
83,28
74,75
75,75
85,151
59,140
56,122
109,122
24,99
82,156
52,101
54,202
78,119
35,110
68,73
82,47
87,118
44,89
60,195
59,106
67,115
34,88
88,149
89,9
61,80
50,151
83,63
72,120
56,146
27,207
61,74
83,37
43,160
61,193
38,84
54,82
84,38
93,13
94,18
50,203
77,74
55,82
84,12
14,190
26,96
55,72
47,95
69,78
64,112
48,154
16,207
43,78
80,58
40,112
71,72
45,76
23,208
64,179
100,132
33,206
60,73
31,172
65,178
80,118
70,118
27,95
83,42
75,121
86,53
85,153
106,126
87,48
29,93
94,21
77,67
83,155
84,11
31,91
78,65
85,10
51,150
83,118
40,81
98,135
62,110
36,110
14,205
15,188
59,199
83,66
19,185
98,118
48,96
73,120
57,201
94,141
40,163
92,30
34,169
72,76
68,174
107,125
72,169
89,39
32,171
83,25
29,173
90,36
63,185
33,170
101,118
84,18
78,72
54,120
44,205
65,112
29,106
47,75
81,53
26,177
82,50
58,81
44,92
9,198
90,146
24,179
53,149
39,111
25,178
35,87
79,63
45,114
37,85
52,83
93,24
88,45
89,40
83,30
38,83
39,163
51,73
49,73
18,185
59,142
28,93
81,157
60,137
24,101
16,187
58,126
53,202
45,157
62,191
76,164
17,186
67,176
67,73
110,118
57,106
56,72
80,69
84,118
44,91
10,199
21,183
71,77
44,113
48,116
103,130
13,203
73,76
84,58
48,74
11,201
31,207
106,117
79,72
94,16
92,32
25,98
47,115
103,118
13,191
84,14
76,163
67,78
56,105
79,118
58,142
77,162
80,159
53,118
42,205
110,121
80,60
87,9
41,80
54,148
64,181
100,134
49,97
37,206
91,145
83,44
93,141
72,71
36,85
87,50
77,65
74,69
108,122
26,105
42,79
54,103
51,99
58,106
10,201
55,121
61,134
96,118
46,86
64,111
22,182
89,146
9,195
59,80
45,93
49,154
58,199
71,119
99,118
85,55
69,173
83,27
74,76
39,164
63,187
92,143
59,139
76,74
86,151
35,109
33,109
87,150
70,170
42,80
90,118
47,85
66,74
68,78
82,48
37,111
9,196
81,68
45,86
46,156
88,9
50,99
32,206
50,152
88,47
23,180
49,117
91,10
84,61
83,32
92,13
66,177
59,128
95,139
91,32
41,161
24,103
60,139
104,129
58,124
62,189
65,79
55,146
80,71
33,88
101,132
60,80
54,147
61,108
62,74
69,117
90,10
63,74
85,57
83,41
84,153
75,68
86,54
63,80
94,22
60,130
25,96
63,183
42,161
57,143
51,118
54,72
52,150
56,81
28,106
98,136
44,76
85,119
92,118
102,130
96,138
99,135
83,65
30,173
20,183
105,118
74,121
83,46
11,192
39,83
95,118
52,73
44,158
50,73
15,206
83,20
73,167
57,144
49,83
36,166
55,202
46,114
47,96
57,122
12,191
66,113
26,178
32,90
42,113
79,159
38,205
105,127
73,70
93,27
26,207
89,43
40,205
77,120
69,171
83,29
73,168
49,84
18,186
59,141
56,121
95,140
76,68
24,98
88,118
52,100
47,204
46,95
82,46
87,119
44,88
27,176
59,107
88,148
89,10
47,155
72,119
12,192
56,145
103,129
36,206
63,79
26,95
83,34
61,194
81,118
84,37
93,14
91,34
67,174
76,67
60,133
54,119
97,136
86,9
71,170
80,57
16,206
17,208
44,87
55,103
82,67
27,175
63,110
65,179
51,203
83,43
86,52
87,49
94,20
74,70
53,72
78,64
87,47
85,11
51,151
29,207
43,205
75,164
44,78
19,208
58,73
14,204
34,109
15,189
34,206
38,111
73,121
48,204
94,140
40,162
92,29
34,168
43,159
68,173
28,175
72,168
78,161
32,170
83,22
29,174
90,39
84,17
37,165
44,204
65,113
29,107
18,208
87,149
81,54
53,101
59,126
66,79
26,176
9,199
60,197
70,73
20,184
25,179
47,156
79,60
12,203
88,44
52,82
93,25
89,41
38,165
83,31
75,74
30,207
109,121
81,158
60,136
24,100
53,203
45,158
62,190
65,74
17,187
20,208
41,205
74,165
44,90
55,104
67,114
48,115
83,62
13,204
48,73
104,118
61,73
83,36
61,192
86,51
84,39
50,83
91,36
94,19
77,73
60,135
51,117
84,13
56,104
79,119
77,163
80,158
53,119
110,120
69,77
30,107
48,155
80,59
41,81
10,193
60,108
45,75
97,118
64,180
100,133
65,177
35,168
49,98
62,80
27,94
83,45
93,142
85,152
87,51
29,92
15,205
77,66
83,19
83,154
31,90
55,201
26,104
27,106
42,78
85,9
40,82
21,208
54,102
17,207
10,200
61,135
60,107
66,114
89,147
59,198
19,184
48,97
59,81
45,94
57,200
38,206
92,31
62,192
92,144
107,124
83,24
90,37
63,184
33,169
92,142
84,19
78,73
64,79
86,150
47,74
81,52
82,51
89,148
9,197
24,180
81,69
53,148
45,87
78,63
35,86
50,98
79,62
39,205
52,203
88,46
37,84
23,181
93,23
100,118
91,11
107,117
48,84
84,60
83,33
92,12
66,176
59,129
91,33
28,94
81,156
41,162
60,138
24,102
104,128
82,155
22,208
16,188
62,188
30,92
110,119
57,105
35,206
71,169
55,147
84,119
80,70
33,89
21,182
71,76
82,68
34,87
58,200
44,114
41,112
93,118
61,109
84,59
94,15
85,58
92,11
75,69
24,208
94,17
60,129
25,97
13,190
42,160
84,15
14,189
58,143
77,161
52,149
32,108
81,56
96,137
30,172
64,182
104,127
70,117
91,144
11,193
36,86
52,72
102,118
84,40
106,125
83,21
57,145
52,118
108,123
49,203
57,123
64,74
55,120
61,133
89,118
62,109
86,119
9,194
42,112
32,89
45,92
49,153
71,118
59,73
68,116
73,71
25,208
93,28
85,54
77,121
69,172
83,26
79,160
63,186
79,71
49,204
57,124
62,187
31,107
30,91
33,108
46,94
70,171
47,84
74,166
82,49
37,110
90,145
70,77
57,72
46,157
