100,106
46,42
53,53
62,64
114,140
125,126
119,145
182,150
86,90
95,101
34,52
171,193
75,78
40,60
271,154
42,62
89,94
104,130
133,133
135,161
193,150
43,63
195,150
64,88
105,131
218,150
209,203
265,201
24,14
25,15
134,172
149,140
138,163
96,123
68,92
60,81
172,148
128,153
70,94
81,86
100,127
55,56
141,138
18,10
59,61
132,157
60,62
49,71
41,34
22,12
106,112
61,63
273,189
248,207
136,190
36,55
10,14
238,207
35,26
277,178
25,16
120,146
92,119
89,115
121,147
68,91
134,185
179,195
127,153
159,195
244,207
204,201
279,164
80,107
198,199
131,131
273,156
48,68
261,202
132,132
16,29
72,74
155,144
52,74
79,82
130,130
18,31
174,194
34,26
142,196
10,19
15,10
168,148
115,120
261,152
151,142
275,185
264,201
111,137
134,176
84,109
85,89
138,191
24,40
275,159
70,72
267,197
51,48
119,124
86,111
252,150
125,128
32,49
22,36
253,151
177,150
27,43
74,97
28,44
202,150
140,195
63,65
107,112
130,157
136,172
224,205
77,81
132,183
14,26
45,40
187,197
229,150
11,19
182,195
277,174
90,117
12,20
146,140
278,173
175,148
251,207
138,166
150,142
29,22
96,102
225,207
60,84
255,205
123,126
115,141
220,205
52,50
94,121
53,51
173,193
208,203
47,45
30,47
142,138
28,43
274,185
17,10
76,102
176,150
30,49
247,207
273,186
110,136
89,92
266,199
159,144
12,19
208,150
278,164
270,193
56,77
83,87
248,150
133,183
71,72
60,83
187,150
58,79
128,155
212,150
20,34
257,205
118,122
57,57
47,42
30,22
21,35
81,84
235,150
99,105
270,154
31,23
141,136
266,154
272,156
154,144
132,159
219,150
129,130
116,141
264,152
144,138
244,150
33,26
183,150
103,109
145,139
35,28
277,176
38,59
136,134
142,195
66,91
67,91
37,30
138,168
191,199
133,176
102,129
215,150
269,196
86,112
153,142
71,95
218,205
279,166
157,144
199,201
22,35
48,70
232,207
172,193
74,100
124,126
101,108
129,155
146,197
197,199
184,196
18,29
147,140
145,140
36,56
138,192
210,203
44,40
133,159
88,114
10,17
39,59
271,190
108,134
277,163
27,17
109,135
58,81
84,111
127,128
267,199
51,50
73,97
32,51
97,123
118,145
61,85
263,152
256,205
73,75
179,150
99,125
107,114
130,155
75,77
106,133
51,73
101,127
224,207
153,197
163,193
110,135
14,24
132,177
158,144
211,150
79,105
91,95
173,148
55,77
90,115
12,22
206,203
117,121
175,150
13,23
121,126
138,164
180,195
91,117
242,150
29,20
154,195
124,150
93,119
26,43
125,151
229,207
193,199
30,45
73,76
265,154
207,150
198,201
112,138
81,107
113,139
272,189
41,61
113,118
221,205
23,12
235,207
136,187
65,66
122,149
159,146
12,13
135,187
137,168
134,160
56,79
71,74
126,153
134,186
91,96
98,125
105,110
75,101
72,97
156,144
279,171
271,193
20,10
105,112
77,103
186,197
21,11
116,143
41,38
190,199
18,32
33,24
136,162
54,77
169,148
43,40
152,197
35,30
162,193
212,203
14,12
38,57
177,195
66,89
198,150
157,195
115,119
78,105
253,207
275,180
145,197
269,194
126,128
120,124
24,37
165,148
122,126
209,150
87,90
93,99
234,150
222,205
74,98
82,109
178,150
101,106
242,207
74,76
136,169
241,150
112,116
132,180
14,23
205,150
114,118
44,64
277,161
189,150
127,130
46,67
111,115
137,134
25,41
237,150
53,54
125,127
29,45
75,79
40,59
165,193
106,131
43,38
192,150
271,155
132,179
214,205
104,129
133,134
228,207
161,146
44,63
216,205
206,201
134,175
149,141
121,124
224,150
29,18
96,122
144,197
188,150
26,41
190,150
243,207
279,172
19,10
265,152
100,126
251,150
59,58
40,34
88,92
32,24
41,35
201,150
113,116
35,53
220,150
23,14
90,94
136,189
36,54
122,147
35,27
185,150
277,179
14,11
120,145
247,150
233,150
92,118
134,184
80,84
197,150
94,100
91,98
98,123
82,86
279,165
80,106
58,58
181,150
273,157
55,54
48,67
62,87
261,203
16,28
166,148
52,73
41,36
50,73
190,197
79,83
18,30
164,193
148,140
39,32
65,89
256,152
10,18
207,203
271,189
253,205
275,182
184,150
69,93
155,195
241,207
250,207
45,65
85,90
231,207
24,39
111,116
51,49
165,146
219,205
31,24
97,102
253,152
216,150
82,107
140,194
107,113
130,156
180,150
136,171
237,207
246,207
271,156
37,57
77,82
132,182
243,150
45,41
49,46
64,66
67,68
265,199
277,175
90,116
69,70
175,149
92,98
46,65
119,122
57,79
148,197
19,33
274,158
94,120
104,110
53,52
114,141
16,10
30,46
95,100
103,129
34,53
118,143
150,197
76,101
40,61
30,48
231,150
273,187
42,63
89,93
104,131
133,132
178,195
64,89
265,200
203,201
159,145
25,14
134,173
71,73
68,93
60,82
128,154
169,193
84,88
20,33
70,95
57,58
47,43
81,85
183,195
217,205
131,157
141,137
59,60
132,158
196,199
273,188
107,133
61,62
79,84
42,38
269,154
38,32
136,191
10,15
170,148
11,14
35,29
76,80
230,150
277,177
38,58
36,30
69,72
66,90
13,12
37,31
120,147
275,179
214,150
47,67
102,128
269,197
152,142
159,194
153,143
279,167
261,201
131,130
210,150
48,69
225,150
62,85
227,150
262,201
250,150
259,203
52,75
50,71
191,150
194,150
184,195
249,207
174,195
258,152
189,197
39,34
64,87
239,207
142,197
123,149
88,113
10,16
135,172
268,154
134,159
201,201
271,191
108,133
50,48
221,150
223,150
277,164
275,184
276,179
137,191
58,80
84,110
85,88
127,129
24,41
140,136
153,144
275,158
245,207
168,193
94,119
32,50
22,37
118,144
192,199
253,150
163,146
33,51
223,205
95,121
28,45
102,108
63,64
106,132
224,206
78,82
77,80
132,176
14,27
234,207
255,152
67,70
277,173
12,21
206,202
117,122
87,113
138,167
29,21
143,138
222,150
60,85
124,149
276,160
268,197
26,42
257,203
53,50
114,139
206,150
47,44
95,102
34,51
198,200
112,137
185,197
76,103
72,95
139,193
109,114
63,87
37,32
149,197
273,185
42,61
23,13
110,137
217,150
215,205
188,197
15,27
65,67
122,148
176,195
12,12
186,150
156,195
200,201
56,78
252,207
171,148
262,152
83,86
226,207
195,199
249,150
126,152
138,136
91,97
98,124
20,35
70,93
105,111
213,150
57,56
72,96
279,168
257,204
99,104
31,22
97,104
59,62
21,12
116,142
190,198
167,148
257,152
117,143
33,25
103,108
54,76
145,138
136,161
245,150
65,68
267,154
49,48
78,104
275,181
68,70
116,120
139,136
269,195
86,113
59,81
87,91
93,100
131,132
48,71
74,101
23,37
82,108
101,107
17,29
184,197
240,150
174,193
136,168
36,57
138,193
153,195
204,150
254,152
263,201
227,207
88,115
167,193
108,135
277,162
27,16
134,183
170,193
260,152
275,160
46,66
236,150
254,205
137,135
267,198
233,207
158,195
98,104
73,74
63,66
75,76
43,39
153,196
132,178
14,25
214,204
160,146
91,94
83,109
174,148
12,23
66,68
117,120
134,174
149,142
28,18
121,125
85,111
138,165
29,19
96,121
137,136
124,151
126,151
56,56
47,46
279,173
161,193
211,203
265,153
100,125
260,203
112,139
151,197
59,59
200,150
135,134
175,195
102,127
31,49
113,117
53,75
36,53
54,75
136,188
202,201
14,10
12,14
246,150
232,150
134,161
166,193
78,103
181,195
83,88
92,117
196,150
240,207
134,187
279,169
230,207
159,193
194,199
279,170
54,54
87,92
80,105
99,106
273,158
55,55
61,64
62,86
203,150
271,192
16,27
226,150
21,10
228,150
41,37
50,72
18,33
75,80
103,110
136,163
236,207
39,33
134,134
115,118
253,206
26,16
199,150
275,183
259,152
269,193
239,150
162,146
24,38
164,146
258,203
165,147
147,197
93,98
97,103
74,99
160,193
140,193
136,170
108,114
213,203
132,181
48,46
214,203
143,197
45,42
205,201
49,47
67,69
44,65
277,160
141,195
27,18
69,71
110,114
137,163
111,114
119,123
128,130
238,150
