262,196
153,190
81,93
21,28
250,157
272,163
179,155
17,20
100,112
22,19
107,119
61,76
104,115
130,150
191,155
135,139
268,183
148,145
144,145
38,40
103,122
228,200
158,151
211,155
44,56
223,155
187,190
139,184
198,155
207,196
89,106
121,138
111,123
159,188
195,194
240,202
58,65
139,158
255,200
84,95
138,141
91,108
127,144
230,202
256,199
142,143
54,61
265,159
93,110
125,142
118,129
29,37
35,46
61,69
104,122
180,155
73,91
272,176
247,202
78,89
75,93
103,115
108,126
270,160
266,192
76,87
77,95
24,21
139,177
264,194
26,23
50,56
140,186
199,155
111,128
96,114
248,155
116,125
84,102
46,52
70,81
266,189
118,127
95,107
138,158
270,159
105,117
143,163
40,42
73,92
95,113
215,198
142,162
169,153
209,197
192,155
203,196
204,155
136,139
139,182
126,135
152,148
260,157
140,143
224,155
141,162
29,29
71,90
213,155
177,188
236,155
47,62
115,132
80,98
233,202
262,195
98,109
141,188
143,168
59,75
272,174
197,194
17,17
251,157
242,202
79,91
18,22
156,190
245,155
36,37
101,113
268,186
270,178
41,54
65,81
170,153
74,85
133,154
43,56
139,175
65,75
122,140
26,25
183,190
56,70
51,57
126,144
193,193
62,70
27,32
132,138
21,26
250,155
211,198
272,165
131,151
63,78
141,143
104,117
225,155
18,17
119,137
166,153
34,44
102,120
116,134
106,119
129,137
148,147
117,135
270,181
74,92
248,202
263,194
238,202
158,149
161,151
88,100
110,123
67,82
139,186
78,96
90,102
52,57
229,202
91,110
127,146
46,51
62,73
143,190
198,194
143,164
226,155
102,115
201,155
130,137
221,200
43,54
108,120
175,188
112,123
185,155
44,49
24,23
139,179
261,157
149,147
233,155
111,130
116,127
128,146
84,96
94,107
91,103
162,151
46,58
164,151
173,188
257,198
147,192
128,136
178,190
125,133
105,123
40,44
142,190
272,169
260,196
99,116
264,159
107,125
42,46
72,82
51,64
43,47
101,118
109,127
108,119
224,200
24,30
136,141
186,155
25,31
66,82
79,96
122,131
83,101
150,147
173,155
66,76
126,133
168,188
56,65
28,26
120,129
85,103
250,202
251,200
141,160
115,134
26,32
100,111
141,186
105,124
143,170
22,28
142,171
36,39
270,176
41,52
113,125
74,83
243,155
133,152
53,67
103,121
39,48
230,155
123,131
109,128
136,154
239,155
214,155
89,101
58,66
148,192
80,91
52,60
138,142
27,34
60,76
21,24
54,62
272,167
129,149
261,196
32,32
31,40
55,63
35,45
36,46
101,120
106,117
37,47
78,90
214,198
183,155
39,41
45,57
110,121
49,62
67,84
252,200
69,86
215,155
52,59
93,112
125,144
190,155
46,49
141,172
229,200
266,190
208,196
166,188
19,17
157,149
232,202
143,166
196,194
34,37
102,113
106,124
38,39
135,154
112,125
48,54
49,55
64,73
139,181
28,29
94,105
92,105
98,116
71,89
96,108
137,157
25,32
47,61
30,31
86,104
19,22
98,110
20,17
227,155
77,96
256,200
269,182
272,171
260,198
99,118
267,188
40,52
54,68
51,66
170,154
42,54
150,191
38,48
256,157
187,192
202,196
79,98
253,200
140,173
216,198
184,155
123,140
68,78
69,88
146,145
145,190
196,155
120,131
250,200
171,155
231,202
164,152
153,149
68,84
57,73
47,58
86,99
152,190
20,24
163,151
216,155
217,198
82,100
228,155
250,156
129,146
17,21
272,162
61,77
203,155
33,42
73,83
237,202
268,182
179,190
270,182
234,202
39,50
158,150
159,151
187,191
165,188
139,185
120,138
89,107
121,139
172,155
139,159
80,93
87,104
91,109
97,114
127,145
256,198
27,36
124,142
82,95
93,111
125,143
118,128
22,21
31,42
29,38
266,159
154,149
52,66
49,64
63,80
78,88
240,155
217,155
155,190
229,155
188,192
76,86
55,68
201,194
264,193
262,159
89,108
111,129
121,140
69,84
249,155
70,80
266,188
60,69
124,133
137,154
142,145
97,109
222,200
40,41
81,98
113,130
34,35
32,31
257,157
218,155
209,198
37,48
267,159
193,155
169,188
205,155
139,183
64,75
114,125
126,134
189,155
152,147
127,135
177,189
57,70
30,29
115,133
19,24
237,155
131,137
262,194
141,189
20,19
143,169
263,159
272,173
17,18
41,45
31,38
50,64
185,190
23,28
156,189
268,185
189,192
239,202
65,82
74,84
110,128
26,24
164,188
123,142
246,155
206,196
242,155
225,200
245,202
86,97
199,194
193,194
27,33
132,137
223,200
21,27
272,164
100,113
63,79
104,116
23,21
148,146
270,180
106,118
78,87
184,190
38,41
235,202
67,77
134,139
174,155
88,99
69,79
110,122
67,83
247,155
143,145
222,155
137,141
87,106
46,50
53,61
62,72
114,132
156,149
206,155
82,93
202,155
167,188
29,36
143,165
177,155
33,33
73,90
102,114
190,192
149,192
75,92
43,55
270,161
64,80
44,48
77,94
24,22
55,70
213,198
88,106
25,23
139,176
175,155
162,188
50,57
262,157
226,200
145,192
27,25
116,126
87,99
94,106
92,110
46,53
194,194
99,111
207,155
192,192
253,157
143,162
182,155
40,43
272,168
95,112
178,155
34,33
99,117
181,190
75,85
72,81
236,202
51,65
101,119
246,202
209,196
268,188
151,147
44,47
77,87
136,140
79,97
259,157
139,143
56,64
28,25
152,149
212,155
141,161
258,198
187,155
171,188
141,187
143,171
59,74
235,155
272,175
150,192
244,155
35,37
23,30
36,38
219,155
268,187
270,179
41,53
65,80
37,39
109,121
231,155
180,190
254,157
133,153
53,68
139,174
39,49
200,194
85,97
165,153
188,155
193,192
243,202
62,71
27,35
59,67
132,139
21,25
272,166
28,36
129,150
131,150
31,41
63,73
119,136
161,188
220,155
117,134
269,159
145,145
160,151
195,155
140,160
48,62
45,58
88,101
49,63
158,188
90,103
69,87
52,58
229,201
141,173
62,78
47,53
143,167
119,129
132,152
200,155
34,36
151,190
75,94
133,139
108,121
112,124
48,53
139,178
134,154
232,155
170,188
271,176
221,155
50,55
83,95
241,202
28,28
84,97
92,104
244,202
96,107
204,196
137,158
57,65
30,30
128,137
19,23
219,200
31,31
105,122
40,45
272,170
95,114
155,149
260,197
107,124
117,136
42,47
72,83
176,155
186,190
109,126
150,190
255,157
25,30
115,125
144,190
83,100
123,141
68,77
145,191
66,77
117,127
208,155
120,130
28,27
197,155
85,102
92,103
121,131
70,79
57,74
47,59
86,98
181,155
59,76
176,188
272,161
217,199
129,147
17,22
32,42
100,118
118,136
61,78
33,43
72,90
160,188
157,188
270,177
53,66
103,120
139,160
39,51
76,94
212,198
205,196
58,67
128,135
87,105
52,61
80,92
138,143
97,115
234,155
70,88
62,69
238,155
220,200
217,200
82,94
54,63
209,155
129,148
32,33
22,20
131,152
35,44
33,44
119,138
167,153
37,46
78,91
154,190
241,155
76,85
55,69
45,56
201,195
264,192
85,104
262,158
90,101
163,188
69,85
58,74
56,63
97,116
141,171
266,191
60,68
124,132
137,155
142,144
252,157
93,105
210,155
112,130
81,99
113,131
259,198
34,34
194,155
182,190
249,202
174,188
258,157
48,55
227,200
45,49
268,159
139,180
64,74
201,196
191,192
90,108
71,88
96,109
60,67
57,71
47,60
124,131
137,156
177,190
218,200
94,112
254,200
98,111
20,18
141,190
172,188
81,100
21,19
30,38
113,132
146,192
17,19
272,172
31,39
107,126
42,45
23,29
147,145
156,188
268,184
210,198
170,155
139,173
39,52
168,153
265,192
83,102
68,79
66,75
250,201
271,161
164,153
71,81
57,72
