91,23
38,199
105,97
14,108
46,12
87,195
13,169
31,195
76,201
18,180
10,158
92,189
82,14
105,131
20,75
105,62
36,22
105,165
22,65
24,52
81,197
103,46
18,86
24,189
16,106
75,11
105,64
22,187
76,12
105,106
64,10
28,32
14,119
32,25
70,10
10,153
83,14
105,132
20,82
101,41
12,129
105,73
16,97
19,183
79,14
12,124
89,21
105,83
63,203
48,203
57,203
105,117
77,199
40,199
74,201
84,16
15,108
12,162
94,187
105,141
69,203
105,151
14,172
20,71
51,10
12,123
105,84
103,173
105,126
10,161
40,17
93,26
10,139
93,189
10,149
105,152
19,84
20,78
105,59
105,162
99,180
24,47
103,51
18,93
105,93
25,46
85,197
103,170
26,45
22,63
105,103
14,114
37,199
80,14
50,203
10,156
16,176
105,129
78,199
72,10
105,60
12,132
24,54
105,70
18,84
16,108
22,185
105,104
28,34
14,117
105,114
32,27
83,16
30,194
12,165
105,138
89,192
28,192
98,34
96,30
56,203
102,175
12,131
97,31
14,171
105,79
16,99
12,126
105,81
84,197
54,10
31,28
105,123
40,201
10,142
71,10
34,24
69,201
105,149
61,10
67,203
101,179
38,20
49,12
50,11
80,199
103,52
18,96
105,90
20,185
103,175
89,191
22,58
105,124
42,15
43,14
93,24
10,137
93,187
47,12
45,12
97,184
10,147
105,158
20,72
47,201
105,57
105,160
22,66
99,182
24,49
103,45
18,91
105,67
85,195
26,43
58,203
22,61
59,203
105,101
32,195
28,37
14,112
42,16
91,190
10,154
65,203
16,178
12,168
97,34
87,19
105,135
17,179
101,44
43,201
12,134
22,69
95,186
24,56
105,68
79,13
105,110
105,112
56,10
33,24
12,167
105,136
62,10
105,146
14,169
46,201
48,12
38,19
21,185
105,77
16,101
105,87
33,197
30,31
26,39
105,121
92,24
69,10
36,197
44,12
10,140
61,203
95,27
34,22
85,17
10,150
99,34
105,155
101,177
105,54
41,201
26,191
99,179
103,54
18,94
105,88
71,201
103,169
26,46
55,10
105,98
41,16
14,111
18,183
10,145
105,156
87,20
20,74
104,167
105,63
36,21
105,166
22,64
24,51
81,198
103,47
18,89
24,188
16,105
100,179
105,65
22,186
26,41
105,107
32,197
23,58
14,118
97,183
32,24
10,152
83,15
11,161
105,133
97,32
20,81
68,203
101,42
12,128
24,58
105,74
16,96
89,22
105,108
20,183
70,201
48,202
91,24
14,121
105,118
66,10
77,200
95,28
12,161
105,142
105,144
14,175
20,70
16,103
35,197
50,12
60,203
12,122
105,85
30,29
105,95
105,127
10,160
40,16
36,199
44,14
10,138
10,148
44,201
99,36
63,10
105,153
20,77
101,38
17,96
26,189
105,163
99,181
24,46
53,10
18,92
103,48
105,94
103,171
15,175
26,44
22,62
91,22
105,96
14,109
87,194
18,181
91,189
10,159
96,185
105,130
20,84
105,61
105,164
22,70
95,185
102,44
24,53
105,71
18,87
16,107
75,10
39,199
27,38
73,201
83,197
105,105
28,33
65,10
14,116
105,115
51,203
32,26
12,164
105,139
89,193
20,83
42,201
101,40
12,130
14,170
74,10
82,197
105,72
16,98
78,12
89,20
12,125
105,82
105,116
40,200
95,30
12,163
105,140
69,202
60,10
105,150
14,173
50,10
103,53
105,91
20,184
103,172
72,201
90,191
105,125
42,14
40,18
23,187
93,25
10,136
93,188
97,185
10,146
29,193
64,203
86,18
99,38
53,203
54,203
88,193
20,79
105,159
105,58
105,161
99,183
24,48
103,50
18,90
105,92
85,196
26,42
22,60
45,201
105,102
28,36
14,115
18,179
91,191
10,157
81,14
16,177
105,128
35,22
12,133
22,68
37,20
73,10
95,187
24,55
105,69
18,85
75,12
88,20
25,189
105,111
90,22
28,35
14,122
105,113
32,28
86,195
94,26
30,195
75,201
12,166
105,137
59,10
101,175
28,193
79,199
105,147
97,30
38,18
105,78
16,100
66,203
12,127
105,80
30,30
26,38
105,122
68,10
30,32
10,143
16,175
58,10
85,18
99,35
105,148
104,54
101,178
105,55
26,190
27,191
105,89
103,174
22,59
105,99
52,203
62,203
14,110
87,193
18,182
10,144
105,157
20,73
105,56
36,20
12,136
22,67
105,167
24,50
81,199
103,44
18,88
24,187
16,104
105,66
103,167
26,40
105,100
32,196
28,38
14,113
28,191
98,183
10,155
16,179
12,169
97,33
87,18
20,80
105,134
101,43
12,135
24,57
105,75
21,70
79,12
105,109
77,12
48,201
67,10
13,122
14,120
29,32
105,119
77,201
57,10
30,193
95,29
105,143
55,203
49,203
105,145
14,174
105,76
16,102
105,86
30,28
105,120
36,198
44,13
10,141
95,26
34,23
85,16
10,151
99,37
105,154
20,76
100,38
101,176
11,136
101,39
39,18
52,10
103,49
18,95
34,197
103,168
