15,27
48,43
26,97
21,97
48,67
48,62
12,89
17,20
17,95
48,86
8,71
27,8
10,61
44,92
36,96
9,77
14,31
13,45
29,8
31,8
9,66
34,8
15,30
48,40
48,37
19,14
26,98
15,92
16,22
48,59
48,64
43,14
23,97
41,95
16,25
48,83
21,12
10,62
23,10
12,45
38,96
40,95
45,91
40,10
48,34
10,85
15,29
48,53
41,11
19,13
9,82
42,93
48,56
48,77
43,13
32,97
17,18
47,22
48,80
44,14
44,91
14,36
48,30
43,92
23,9
14,91
12,50
13,38
35,9
48,47
19,96
10,86
48,50
48,71
42,94
47,24
47,87
48,74
18,15
16,94
8,75
30,98
47,21
10,57
34,97
14,33
48,27
11,52
45,18
13,41
11,57
9,70
15,26
48,44
41,12
19,95
37,9
21,96
48,68
48,63
12,90
17,94
46,88
18,16
26,8
8,72
39,95
37,96
10,58
44,16
14,34
36,97
11,51
22,10
48,24
48,38
13,44
36,9
9,65
15,25
48,41
42,12
16,23
48,60
48,65
11,87
28,98
41,94
39,10
48,84
11,88
21,11
10,63
39,96
12,46
9,79
40,11
48,35
45,90
10,82
15,28
48,54
29,98
9,81
16,20
48,57
48,78
46,20
32,98
17,17
25,9
48,81
44,15
14,37
48,31
30,8
12,51
20,96
28,8
35,8
33,8
48,32
48,51
24,9
47,86
48,75
20,12
38,9
8,76
47,20
13,91
14,38
11,55
48,28
45,17
25,97
13,40
12,48
11,56
9,69
27,98
48,45
48,48
47,88
48,69
46,89
48,72
38,10
46,18
18,17
26,9
8,73
10,59
14,35
22,11
48,25
48,39
13,43
9,64
48,42
42,13
48,61
48,66
11,86
12,88
46,90
48,85
10,60
14,92
12,47
9,78
48,36
9,67
10,83
15,31
48,55
19,15
9,80
15,93
16,21
48,58
31,98
48,79
16,24
48,82
48,33
10,84
48,52
33,97
48,76
20,13
17,19
8,77
47,23
13,90
48,29
11,54
43,93
45,16
13,39
12,49
9,68
24,97
48,46
22,97
48,49
48,70
48,73
46,19
35,97
16,93
8,74
14,32
48,26
11,53
18,95
10,64
32,8
13,42
9,71
