31,6
20,25
40,22
30,41
32,44
22,19
5,57
46,12
31,44
45,9
10,61
34,46
52,68
7,55
49,78
35,15
14,31
12,59
36,8
34,8
15,30
49,32
44,56
24,14
48,59
42,88
47,93
45,61
51,22
49,58
26,12
44,86
48,17
46,75
15,34
49,28
45,78
28,10
52,63
51,34
28,32
32,35
22,42
31,21
33,34
21,15
52,67
32,25
11,41
43,52
17,57
49,89
44,55
45,54
51,31
49,51
46,82
49,21
19,44
50,18
20,47
51,43
21,46
30,27
8,45
16,29
23,40
10,47
34,32
8,51
17,24
52,74
5,53
11,46
48,90
9,50
51,88
6,58
12,41
17,50
49,82
49,52
37,25
48,15
38,22
27,31
49,14
46,63
29,29
51,48
25,37
19,27
26,34
22,36
40,17
21,17
52,81
32,23
11,39
35,34
9,59
33,22
18,22
10,48
7,56
50,91
35,8
18,48
33,8
42,53
12,62
34,15
49,45
14,60
51,19
15,57
44,89
14,38
46,70
27,10
49,25
45,83
52,50
27,32
40,24
41,21
16,33
6,52
47,11
10,59
52,70
7,49
49,38
45,59
51,24
25,13
49,56
44,80
46,73
38,26
49,18
52,57
29,9
51,36
30,22
22,40
33,32
52,77
32,27
11,43
23,11
36,49
43,54
35,28
36,31
49,49
37,30
41,91
46,80
39,24
19,46
43,93
50,16
24,35
20,41
51,45
25,34
40,6
21,44
30,25
19,20
8,47
41,7
31,28
20,23
21,22
51,90
43,9
8,53
17,30
32,18
52,84
9,48
18,29
16,53
33,19
12,43
49,80
32,8
35,5
18,55
49,42
14,59
46,91
39,17
46,61
20,48
29,27
47,56
52,53
23,35
30,42
52,83
8,60
41,18
32,41
46,9
44,9
33,20
6,51
47,12
45,12
10,62
34,19
7,58
13,35
41,52
18,46
42,51
15,29
49,35
13,61
24,11
38,15
47,80
51,21
25,10
15,59
44,91
14,36
46,68
49,31
52,60
51,33
43,7
35,45
33,45
36,46
52,64
32,6
37,47
23,12
43,51
49,36
38,6
45,57
51,26
26,8
44,82
38,24
19,43
52,59
29,7
51,38
32,39
9,43
33,38
51,87
52,79
17,27
11,45
34,31
49,93
35,30
49,55
37,28
41,89
15,55
39,26
28,29
24,37
46,56
20,43
51,47
40,8
30,31
45,93
19,22
31,30
20,17
9,44
23,36
21,20
10,43
52,86
31,36
35,33
18,27
33,17
40,52
12,37
49,86
41,49
13,40
50,92
18,53
38,48
49,40
37,5
14,57
39,19
43,84
46,67
47,58
30,6
45,86
52,55
20,24
30,40
22,18
5,58
44,11
33,42
47,14
49,79
36,15
15,31
49,33
13,59
39,50
35,18
24,13
42,91
51,23
49,59
39,8
48,16
46,74
15,35
30,9
49,29
28,9
52,62
45,79
51,35
21,38
32,34
35,47
23,16
52,66
17,32
32,24
22,15
33,5
16,59
43,53
17,58
49,90
47,91
36,28
51,28
37,17
46,77
49,22
19,45
46,55
20,46
51,40
30,26
31,19
20,20
33,36
16,28
10,46
34,35
8,50
17,25
52,73
5,54
51,89
17,51
49,83
36,27
49,53
37,26
42,87
38,17
47,78
49,15
39,20
19,50
46,62
21,40
45,91
20,19
23,38
30,39
10,41
52,80
31,38
46,10
33,23
17,52
7,57
49,84
50,90
12,61
49,46
38,8
43,86
44,88
14,33
46,65
27,11
15,36
49,26
45,84
52,49
27,33
40,23
41,22
5,56
9,61
16,32
34,47
52,69
7,54
49,39
44,57
24,15
45,60
51,25
49,57
44,87
48,18
46,72
49,19
45,77
52,56
51,37
32,36
22,43
31,20
48,78
33,33
23,18
52,76
7,47
22,13
32,26
11,40
36,48
43,55
17,56
49,88
35,29
36,30
51,30
45,53
49,50
46,83
38,28
49,20
39,25
24,34
20,40
51,42
21,45
30,24
19,21
8,46
31,29
20,22
42,7
52,75
8,52
32,17
17,31
5,52
48,91
9,49
18,28
16,52
40,49
12,42
17,49
49,81
18,54
36,5
49,43
37,24
14,58
38,23
27,30
49,13
39,22
19,52
43,83
29,28
25,36
47,57
19,26
52,52
26,35
41,9
22,37
21,16
52,82
8,59
41,19
32,40
11,38
18,23
33,21
47,13
6,50
34,18
7,59
13,36
41,53
18,49
42,50
49,44
39,49
35,17
24,10
14,61
42,92
46,93
51,18
15,56
39,15
44,90
14,39
46,71
49,24
52,51
42,9
41,20
16,34
47,10
36,45
34,45
52,71
7,48
35,48
23,13
38,47
49,37
36,17
51,27
25,12
45,58
26,11
44,81
38,27
52,58
31,8
51,39
30,23
22,41
31,22
33,39
34,36
52,78
32,28
34,30
49,48
37,29
41,90
46,81
19,49
43,92
50,17
20,42
51,44
21,43
30,30
41,6
9,45
21,21
10,42
43,8
17,29
32,19
31,37
48,93
52,85
16,54
40,51
12,36
17,55
41,50
13,41
49,87
18,52
49,41
37,6
39,16
43,85
44,93
14,34
20,49
46,66
47,59
52,54
26,33
30,43
8,61
41,17
32,42
44,10
33,43
47,15
45,11
36,32
34,16
7,53
13,34
11,62
18,47
49,34
39,51
37,15
51,20
25,9
14,37
46,69
49,30
30,8
45,80
28,8
52,61
51,32
21,39
22,20
31,43
33,44
23,17
52,65
7,50
22,14
37,46
33,6
16,58
23,15
34,5
37,8
44,53
51,29
39,6
26,9
44,83
46,76
49,23
28,7
46,54
29,6
51,41
29,32
33,37
16,27
51,86
34,34
17,26
52,72
5,55
11,44
49,92
37,49
36,26
49,54
41,88
42,86
48,13
47,79
15,54
39,21
19,51
28,30
50,15
24,38
29,31
51,46
40,9
19,25
26,36
22,38
20,18
23,39
30,38
35,32
18,24
33,16
12,38
49,85
13,39
11,59
38,49
49,47
39,18
14,32
46,64
27,8
49,27
45,85
52,48
