98,102
47,35
98,64
83,35
57,20
38,86
15,112
58,19
65,84
98,51
53,64
67,74
28,118
98,45
43,76
89,106
77,55
49,28
35,65
50,27
56,58
65,17
91,108
98,97
77,17
54,61
93,110
98,91
73,91
59,19
75,93
77,95
69,73
30,111
17,117
30,113
66,17
48,68
79,52
98,82
27,82
47,31
73,92
95,113
60,53
98,76
35,61
94,30
24,118
38,90
62,39
54,64
60,19
43,45
15,108
95,31
31,70
63,38
29,114
61,18
98,63
40,86
66,84
31,108
83,99
90,106
75,57
34,103
33,67
74,30
98,115
71,90
80,98
34,65
98,109
24,87
92,27
47,36
36,95
98,71
69,17
65,81
37,56
29,75
70,30
98,54
38,55
45,40
39,54
68,73
69,69
17,103
76,57
33,68
46,70
86,102
98,100
58,55
98,94
79,32
83,37
84,38
15,114
70,17
85,39
74,92
98,49
96,33
86,20
67,76
98,43
81,33
21,95
78,96
32,105
89,104
77,53
23,89
56,60
93,108
98,89
83,42
64,34
20,118
97,37
19,98
28,79
40,81
30,109
80,49
35,98
71,65
17,107
55,21
98,118
58,57
48,70
98,80
95,115
50,68
98,74
35,63
85,41
94,28
38,88
60,45
15,110
41,51
80,18
85,19
98,61
81,19
21,97
79,96
72,30
62,17
69,90
75,59
34,101
33,65
98,113
79,17
75,17
98,107
98,69
26,83
68,30
62,44
22,118
31,73
29,73
98,52
45,38
86,19
67,73
82,19
73,62
74,61
98,46
81,46
17,101
82,45
79,30
53,23
49,31
64,17
76,17
91,107
98,98
25,86
54,62
98,92
52,64
96,35
67,78
28,114
98,41
51,26
67,84
21,93
32,107
41,80
68,88
23,91
30,114
36,97
88,21
87,103
93,112
90,23
98,87
27,81
83,44
64,36
95,116
67,17
94,27
30,73
31,69
19,100
42,79
40,83
44,73
53,25
71,67
96,118
17,105
34,104
55,23
98,116
78,53
98,110
59,54
77,96
73,64
36,92
60,49
50,66
41,47
98,72
68,17
66,33
62,43
51,66
60,47
41,49
37,59
29,78
98,59
39,53
79,98
42,80
69,88
75,61
34,99
85,101
90,25
46,37
98,105
25,83
47,32
98,67
57,21
15,113
98,50
67,75
65,79
28,117
98,44
77,56
23,92
49,29
87,104
98,96
25,84
54,60
37,92
93,111
98,90
83,41
52,66
96,37
19,97
37,55
98,39
88,104
67,86
30,110
82,34
44,76
71,68
17,118
30,112
45,72
73,17
88,23
92,108
58,58
98,85
79,53
27,83
81,98
64,38
95,118
60,52
84,41
98,79
62,38
43,42
15,109
31,71
61,19
42,77
98,62
40,85
44,75
81,48
78,17
34,102
74,17
98,114
18,101
98,108
79,50
77,30
92,26
47,37
36,94
60,51
93,27
41,45
98,70
38,92
62,41
65,82
37,57
29,76
61,44
98,57
45,41
39,55
69,70
33,69
16,116
98,103
18,118
47,34
82,98
58,54
98,65
83,34
38,87
15,115
68,32
98,48
96,32
67,77
21,118
98,42
81,34
51,25
32,104
46,72
70,69
89,105
77,54
16,107
35,64
56,59
57,58
93,109
98,88
83,43
73,90
75,92
19,99
77,94
98,37
40,80
69,72
67,88
30,108
52,25
23,87
17,116
32,69
58,56
48,69
98,83
95,112
60,54
98,77
35,60
94,31
66,34
38,91
60,44
43,44
15,111
80,17
61,17
98,60
23,118
79,97
33,104
83,98
66,79
34,100
33,66
98,112
75,30
98,106
56,21
98,68
15,116
67,32
65,80
20,97
29,74
98,55
71,30
45,39
73,63
81,47
17,102
78,30
46,71
79,31
98,101
70,90
25,87
55,60
98,95
83,36
19,118
85,38
96,34
86,21
67,79
98,40
81,32
51,27
67,85
21,94
32,106
72,17
23,88
36,96
97,118
98,86
83,45
39,86
64,35
95,117
49,68
65,34
83,19
75,94
43,41
19,101
42,78
40,82
96,31
44,72
17,106
98,81
79,49
73,65
95,114
60,48
98,75
35,62
85,40
94,29
66,32
38,89
40,51
62,42
60,46
84,19
41,50
80,19
29,79
44,41
98,58
21,96
83,100
69,89
75,58
73,30
34,98
85,102
90,24
98,104
47,33
98,66
68,31
25,118
72,90
69,30
31,72
98,53
45,37
39,51
73,61
28,116
80,32
87,21
76,94
98,47
81,45
48,31
77,57
23,93
49,30
91,106
98,99
25,85
54,63
98,93
83,38
72,65
52,65
71,17
96,36
28,115
98,38
67,87
32,108
47,70
71,69
23,90
36,98
88,22
84,100
87,102
89,23
91,25
98,84
27,80
64,37
98,78
35,59
27,118
43,43
26,118
42,76
40,84
22,93
44,74
81,49
53,24
71,66
17,104
54,23
55,22
98,117
76,30
94,112
98,111
79,51
92,25
36,93
60,50
50,67
41,46
98,73
27,79
42,45
57,19
62,40
36,59
15,107
41,48
65,83
37,58
29,77
98,56
39,52
69,71
75,60
63,17
85,100
49,27
