93,166
97,157
95,157
89,177
96,180
98,178
98,168
90,182
91,172
98,158
98,161
89,173
91,167
93,161
98,172
89,180
91,168
98,165
96,157
93,165
97,180
89,176
96,181
98,179
98,169
98,159
92,182
94,182
98,173
91,171
98,162
93,164
95,159
95,161
96,182
98,176
98,166
90,173
89,179
98,180
98,170
93,182
91,170
95,182
98,163
89,175
93,163
95,158
98,174
89,182
95,160
98,177
98,167
94,161
93,167
98,157
89,178
98,171
91,173
98,160
89,174
93,162
98,175
89,181
92,167
91,169
98,164
91,182
