257,290
54,153
40,173
41,289
82,313
235,36
247,92
68,303
255,261
249,121
128,49
237,38
181,10
78,309
35,285
12,221
94,318
56,299
150,349
44,169
20,273
155,351
169,12
160,355
148,26
219,22
255,329
142,345
115,68
78,120
180,363
253,192
10,248
148,348
22,200
259,307
255,226
118,66
237,354
249,145
12,224
46,164
94,98
232,32
257,315
251,179
104,84
222,363
34,182
247,85
12,254
56,151
42,289
80,116
29,281
59,299
60,300
98,91
251,169
244,347
255,258
120,61
216,18
25,196
66,137
46,293
69,305
48,163
217,19
193,367
70,131
247,105
22,274
102,87
111,327
132,44
136,39
193,10
253,217
122,333
10,227
124,57
61,144
148,347
88,105
259,312
255,235
62,143
245,58
257,282
251,338
241,350
255,241
83,313
257,316
71,305
152,22
162,357
212,367
247,82
225,24
68,134
60,299
106,81
154,20
251,174
75,124
239,351
82,113
247,72
211,367
217,20
229,28
247,102
132,43
20,269
27,279
113,70
58,148
64,303
10,234
133,42
144,30
201,367
254,329
219,364
52,158
191,367
255,325
45,166
160,17
253,204
257,275
10,244
146,28
20,200
199,11
255,254
116,68
225,363
181,365
14,214
16,209
247,345
252,184
92,100
84,313
253,189
188,10
11,226
249,133
146,347
253,331
251,167
215,366
233,357
125,335
138,342
249,118
178,10
251,157
49,293
30,282
60,145
186,366
168,12
24,198
147,26
79,309
116,331
54,297
242,349
36,180
78,119
243,52
257,276
253,197
140,33
255,231
116,67
235,357
51,295
14,217
247,342
257,270
92,99
108,325
214,18
80,309
249,142
87,108
257,288
40,175
32,284
82,311
91,317
166,14
235,38
247,94
107,325
108,77
249,127
128,51
98,94
249,339
251,146
139,343
12,223
100,88
25,277
38,177
76,124
47,293
118,63
259,303
119,62
36,179
132,339
72,129
150,22
253,222
10,230
37,178
86,314
21,200
175,10
128,337
259,309
256,262
114,70
216,365
245,63
255,236
257,263
89,104
90,102
209,14
118,64
12,226
246,345
57,299
94,96
257,313
251,181
224,24
233,35
34,180
72,127
243,347
247,87
80,118
252,335
251,171
208,367
249,340
74,125
247,77
203,12
82,116
198,367
227,27
130,48
228,28
76,123
158,355
205,14
247,107
74,307
42,172
102,85
98,321
132,46
230,30
253,215
231,31
137,36
28,192
88,107
138,35
62,141
245,56
152,350
257,280
199,12
255,243
14,262
187,10
58,299
64,138
114,329
162,355
233,36
258,313
249,130
251,160
30,186
231,32
245,346
247,74
177,10
137,341
249,115
26,195
35,180
185,365
247,96
126,336
242,50
20,271
99,90
75,307
253,208
58,146
10,232
156,351
76,308
196,10
255,327
112,72
253,202
38,288
257,273
10,242
146,26
20,202
90,104
157,353
223,24
227,361
225,361
186,10
255,248
14,212
16,211
84,111
213,18
36,286
92,102
95,319
250,339
253,187
257,267
37,287
141,343
18,268
86,109
249,139
253,329
257,301
54,154
30,189
247,67
249,116
108,80
101,321
173,361
40,176
237,41
241,46
251,159
168,14
24,275
135,341
219,21
90,317
170,12
76,307
220,22
63,140
243,54
253,195
194,367
97,319
162,16
126,53
12,256
210,367
257,268
108,327
164,14
80,311
249,140
210,16
188,367
238,353
257,294
47,164
96,94
28,281
247,88
42,290
255,257
156,18
108,79
104,323
249,125
28,190
98,92
93,317
32,185
251,148
129,48
68,305
66,138
249,124
53,297
100,90
48,160
253,226
144,346
120,332
247,108
158,18
136,36
112,70
79,118
253,220
166,359
10,228
244,56
259,311
255,238
117,66
114,68
245,61
202,367
239,43
251,337
19,204
52,297
156,353
206,367
255,244
251,156
70,305
215,18
257,319
251,183
233,33
243,349
247,81
245,65
196,367
134,341
106,82
102,323
251,173
255,232
247,79
232,359
82,114
124,333
121,60
229,360
241,50
195,367
158,353
205,12
122,59
218,20
257,322
42,170
170,359
247,101
195,10
253,213
123,333
10,239
22,199
219,363
118,331
253,207
257,286
185,10
115,329
255,253
113,329
16,265
14,260
64,140
110,76
249,128
73,126
253,334
105,325
257,298
215,365
251,162
247,68
249,113
26,193
251,152
77,122
149,349
247,98
50,295
154,351
89,315
176,363
112,74
150,24
153,351
18,207
10,240
161,16
243,51
257,279
253,200
255,250
14,218
247,341
72,306
213,16
257,265
253,185
209,16
73,307
249,137
23,275
257,291
54,152
40,172
235,37
82,312
247,93
239,352
236,38
31,186
249,122
180,10
128,48
237,39
142,32
159,355
12,220
24,277
56,298
170,361
44,168
20,272
38,178
90,315
148,25
192,367
26,279
142,344
243,56
174,12
253,193
10,251
259,304
255,227
16,263
84,112
85,110
103,323
141,32
239,44
142,31
237,355
112,329
249,146
53,156
143,30
257,292
251,176
104,83
247,90
12,253
56,150
33,285
255,259
104,325
251,150
98,90
74,126
246,66
247,112
12,219
120,60
66,136
44,167
46,292
204,12
48,162
129,337
253,224
247,110
70,130
39,176
192,10
102,86
130,47
136,38
253,218
62,301
10,226
124,56
166,357
134,41
88,104
200,367
138,36
226,361
62,142
228,361
245,59
259,313
198,10
257,283
251,339
241,351
223,22
255,246
62,144
14,259
257,317
162,356
110,75
247,83
225,25
234,36
68,133
106,80
102,321
99,321
171,361
251,175
247,73
82,112
124,335
26,196
168,359
207,14
145,347
241,48
229,29
257,320
247,103
132,42
159,18
253,211
40,289
64,302
10,237
124,55
144,29
65,303
52,157
125,54
219,365
160,16
253,205
257,284
10,247
255,255
112,327
212,16
16,267
16,208
253,190
249,134
86,110
253,332
257,296
251,164
215,367
30,190
50,159
179,10
189,367
233,358
247,70
256,323
249,119
174,363
251,154
130,339
230,359
60,144
50,293
205,367
24,197
116,330
255,323
142,343
77,309
171,12
78,118
174,11
180,365
18,205
243,53
257,277
253,198
39,289
140,32
116,66
143,345
255,228
110,327
14,216
247,343
126,54
257,271
92,98
52,295
249,143
257,289
107,80
40,174
32,283
67,303
155,20
247,95
92,317
255,260
249,120
108,76
128,50
251,147
221,363
67,136
94,319
12,222
46,291
44,170
218,365
38,176
118,62
26,277
255,328
220,363
36,178
78,121
72,128
119,331
253,223
10,249
148,349
259,306
63,301
255,237
61,301
208,14
17,208
239,46
163,357
209,15
13,257
234,357
237,353
12,225
190,367
46,165
249,144
257,314
251,178
164,16
34,183
72,126
12,255
56,152
80,117
224,363
247,84
60,301
249,341
251,168
74,124
120,62
33,184
106,325
161,355
48,164
217,18
76,122
158,354
247,104
122,60
22,275
102,84
98,320
132,45
136,40
253,216
124,58
88,106
255,234
138,34
62,140
245,57
48,293
152,349
257,281
45,291
211,16
241,349
177,363
254,226
255,240
14,257
105,82
249,131
153,22
201,12
68,135
109,76
154,21
176,10
251,161
245,347
247,75
13,218
26,194
133,339
19,269
247,97
182,10
57,150
20,270
71,130
253,209
58,149
10,235
255,324
160,18
253,203
257,274
18,208
10,245
20,201
199,10
255,249
225,362
14,215
84,110
16,210
55,152
36,285
92,101
209,367
96,96
213,367
247,344
249,132
253,188
86,108
187,367
38,287
189,10
253,330
257,302
251,166
30,188
184,365
11,251
66,303
138,343
174,361
240,46
97,94
237,42
130,337
241,47
30,283
60,146
43,170
186,367
168,13
248,341
249,117
229,359
90,316
102,88
243,55
253,196
103,84
50,160
140,34
173,12
238,42
235,356
182,365
255,230
98,319
126,52
257,269
108,326
80,310
249,141
81,311
163,16
54,156
257,295
32,285
100,321
172,361
28,280
247,89
167,14
255,262
249,126
108,78
128,52
251,149
32,184
81,116
68,304
94,317
31,283
127,337
100,89
117,331
144,345
21,273
120,331
247,109
149,24
169,359
259,302
123,58
150,23
72,130
253,221
166,358
10,231
83,112
86,315
134,42
151,22
259,308
255,239
245,62
257,262
52,296
90,103
156,352
118,65
255,245
94,97
251,180
165,357
200,12
233,34
34,181
28,279
245,66
247,86
134,340
175,363
102,322
251,170
247,76
140,343
227,26
229,361
257,323
205,13
247,106
122,58
22,273
231,359
253,214
231,30
10,238
22,198
88,108
87,315
135,40
184,10
152,351
179,363
257,287
20,204
255,242
16,264
14,263
91,102
64,139
190,10
249,129
65,138
23,198
253,335
257,299
251,163
226,26
30,187
245,345
69,132
247,69
126,335
199,367
249,114
26,192
59,146
251,153
121,333
126,337
50,294
247,99
58,147
10,233
51,158
76,309
255,326
197,10
145,28
112,73
253,201
49,160
18,206
10,243
38,289
20,203
139,34
146,27
147,347
172,12
257,272
255,251
14,213
16,212
72,305
213,17
36,287
257,266
253,186
236,355
249,138
85,313
18,269
257,300
68,136
54,155
164,357
251,184
247,66
239,353
138,341
156,20
249,123
237,40
251,158
30,281
186,365
24,276
56,297
170,360
219,20
183,10
148,24
26,278
101,88
55,297
221,22
78,122
253,194
96,319
10,250
259,305
178,363
239,45
12,257
255,256
240,351
142,30
164,15
112,328
46,166
165,14
257,293
251,177
104,82
96,95
34,184
247,91
12,252
42,291
95,96
156,19
104,324
27,192
134,339
28,191
34,285
98,93
32,186
157,18
223,363
29,190
12,218
251,151
248,112
44,166
48,161
253,225
144,347
120,333
247,111
130,46
136,37
183,365
112,71
253,219
10,229
86,313
134,40
259,310
255,233
114,69
245,60
239,42
222,22
251,336
109,327
223,23
255,247
14,258
257,318
251,182
233,32
110,74
243,348
247,80
12,251
245,64
225,26
68,132
154,22
43,291
111,74
202,12
214,367
251,172
247,78
82,115
124,334
227,28
206,14
241,49
41,172
131,46
229,30
70,132
204,367
257,321
42,171
247,100
253,212
58,150
64,301
10,236
124,54
144,28
136,341
151,349
167,359
52,156
194,10
131,339
253,206
203,367
257,285
10,246
253,210
207,367
255,252
16,266
14,261
251,335
17,267
253,191
249,135
197,367
93,98
253,333
257,297
251,165
50,158
258,302
247,71
44,291
233,359
250,146
249,112
174,362
251,155
130,338
15,212
88,315
24,196
217,365
116,329
15,263
243,50
174,10
180,364
18,204
10,241
257,278
253,199
255,229
235,355
72,307
257,264
253,184
127,52
249,136
18,267
191,10
