85,78
100,106
97,120
78,138
79,131
82,101
80,125
87,72
102,96
78,172
112,150
90,165
45,154
48,130
27,144
63,151
125,155
83,85
90,152
9,123
125,148
78,141
43,129
79,136
53,133
80,116
59,162
81,104
101,101
91,179
33,147
122,144
58,141
121,169
103,73
83,90
9,124
77,147
104,91
12,124
30,146
105,83
103,180
44,129
106,81
14,126
91,146
110,178
93,138
22,142
99,114
59,145
112,154
10,128
33,148
92,179
51,157
111,163
52,158
71,153
51,131
37,128
103,92
52,132
28,145
98,115
105,84
16,126
75,150
100,109
64,165
50,156
96,69
114,147
79,132
82,104
56,139
46,130
80,120
116,145
60,145
63,164
86,176
61,162
26,144
77,171
92,69
95,179
99,180
104,73
114,176
103,170
84,82
85,76
125,153
54,159
78,136
82,99
90,163
110,166
113,149
57,161
99,70
111,177
57,139
66,166
29,126
89,70
11,131
61,149
104,170
102,180
12,132
15,137
83,87
96,125
76,149
65,152
115,146
125,146
97,119
80,118
68,153
13,125
43,153
81,110
97,180
68,167
100,71
19,124
58,161
57,140
35,149
79,125
111,164
36,128
83,92
49,130
77,145
112,160
98,118
56,160
84,78
99,110
91,148
44,153
112,156
72,169
95,128
14,136
39,128
107,169
91,70
103,94
10,123
124,161
36,149
95,180
124,159
29,146
31,146
125,158
118,145
97,123
79,134
82,102
80,122
66,153
89,161
98,69
60,147
20,141
81,114
102,71
118,173
26,125
13,134
23,142
38,150
39,151
89,158
75,171
104,75
64,152
53,158
125,151
97,124
78,142
74,150
113,177
82,97
102,100
59,161
47,130
110,164
81,107
42,153
27,126
116,174
58,142
61,147
82,175
102,170
12,134
105,169
48,156
83,89
96,127
9,127
105,179
55,135
125,144
108,168
40,152
104,88
94,136
106,82
93,141
81,108
86,75
99,113
93,167
88,71
21,124
95,133
14,135
38,128
79,127
70,153
96,169
83,94
105,77
62,149
108,167
77,143
98,116
105,87
109,166
75,149
21,141
114,148
91,150
92,145
16,138
88,177
112,158
17,139
73,170
92,143
95,130
122,167
28,126
24,143
124,163
37,150
100,180
125,156
100,105
97,121
79,128
82,100
80,124
87,73
102,99
19,140
112,149
90,164
81,112
99,69
87,177
101,71
27,145
71,168
31,127
89,156
90,155
124,144
17,125
95,69
55,136
125,149
108,179
106,79
78,140
109,178
82,95
80,115
94,135
81,105
101,102
15,126
94,169
98,180
123,164
94,179
62,164
120,171
81,174
117,173
33,127
121,170
83,91
104,180
9,125
104,90
106,80
91,147
93,139
86,73
99,115
112,153
111,160
94,69
91,69
80,174
103,93
40,129
105,85
90,151
16,125
46,155
100,108
54,135
64,164
84,175
79,133
56,138
101,104
61,163
92,167
72,153
77,172
70,168
84,81
85,77
125,154
100,107
78,139
47,155
112,177
119,144
79,130
82,98
115,176
102,97
78,173
112,151
90,162
25,123
27,125
62,163
29,127
89,71
63,150
83,84
90,153
96,124
76,148
115,147
125,147
106,77
11,124
53,132
55,160
80,117
85,176
94,133
13,126
25,124
81,111
68,166
100,70
19,125
32,147
69,167
91,178
123,166
57,141
121,168
90,70
103,72
26,143
83,93
76,147
62,150
49,131
77,146
104,92
12,125
105,82
44,130
99,111
91,149
93,137
59,144
97,69
112,155
20,124
72,168
10,129
95,129
101,170
111,162
39,129
101,180
103,95
124,160
93,69
50,131
31,147
84,84
125,159
118,144
54,133
100,110
18,125
50,157
79,135
80,121
66,152
116,146
89,162
19,139
60,146
20,140
79,173
103,96
35,128
59,143
86,177
118,172
26,124
91,166
13,135
76,171
100,170
89,159
34,127
104,74
90,156
53,159
84,83
85,75
125,152
78,137
84,176
82,96
34,148
113,148
42,152
57,160
83,175
123,163
106,169
11,130
61,148
82,174
106,179
12,133
105,170
48,155
15,136
83,86
96,126
125,145
40,151
104,87
80,119
93,142
81,109
86,74
67,153
93,168
35,148
98,170
23,123
107,179
83,95
121,144
77,144
98,119
109,167
84,79
18,139
90,178
22,141
92,144
16,137
44,154
112,157
34,128
92,142
95,131
122,166
51,158
95,169
107,168
99,170
51,132
73,151
24,142
124,162
30,127
25,143
29,145
125,157
49,156
97,122
79,129
82,103
65,165
80,123
115,175
102,98
89,160
117,145
41,152
81,113
45,130
119,171
38,151
32,127
73,152
89,157
75,170
90,154
55,137
125,150
106,78
78,143
11,123
109,179
74,151
113,176
80,114
102,101
94,134
41,129
110,165
93,179
81,106
101,103
94,168
122,168
111,178
123,165
97,170
66,165
116,175
120,170
58,143
117,174
11,132
70,167
74,170
120,144
83,88
104,179
105,75
9,126
104,89
89,178
94,137
60,162
69,153
93,140
42,129
99,112
112,152
10,130
88,72
102,72
21,123
22,123
96,180
79,126
95,132
111,161
123,144
96,170
80,173
64,151
105,76
10,127
96,128
55,159
98,117
90,150
105,86
46,154
54,134
56,137
101,105
92,146
88,178
112,159
17,138
24,123
73,169
67,166
91,165
119,172
92,166
72,152
37,149
84,80
