18,121
66,31
122,96
93,158
121,70
67,30
99,126
118,142
14,108
77,114
120,54
26,120
27,122
42,62
57,133
95,144
107,163
92,66
97,137
103,46
109,151
123,117
75,130
99,129
122,107
121,79
108,74
109,84
64,32
120,61
110,48
76,121
88,67
19,96
96,28
101,41
49,51
21,90
62,143
78,101
98,30
99,31
108,50
96,139
80,85
35,70
33,74
124,134
81,79
37,68
121,80
91,27
13,120
109,77
27,82
122,92
56,132
120,68
102,116
110,148
93,164
119,50
15,108
106,166
23,119
49,52
78,108
50,51
73,146
65,148
108,162
42,126
74,30
83,73
18,98
51,48
75,31
123,121
121,89
13,113
107,90
104,104
24,87
92,27
122,103
108,86
94,152
106,98
112,145
79,91
95,143
70,30
71,150
32,124
76,128
108,153
74,142
64,31
123,126
80,89
105,103
93,156
36,70
59,38
77,112
120,56
94,165
41,63
76,124
42,60
101,68
95,146
19,93
107,165
44,58
101,167
63,145
120,141
102,45
35,125
107,50
105,70
109,149
23,89
123,119
80,80
75,132
107,72
124,137
122,105
123,109
121,77
84,71
109,82
100,121
120,63
102,115
115,41
28,81
67,150
76,123
110,147
47,126
62,34
103,109
20,92
33,124
48,52
119,45
78,107
94,65
64,148
96,141
55,130
80,87
35,72
41,125
109,49
89,27
124,128
81,77
121,86
52,46
13,118
56,41
106,95
122,90
54,44
108,89
94,151
79,92
94,28
116,41
93,162
97,167
101,118
59,137
63,32
20,91
104,47
119,42
99,32
72,149
79,96
50,49
72,30
112,46
108,156
18,96
50,128
90,27
82,76
123,123
75,136
107,92
104,106
18,122
122,101
99,125
50,127
106,96
26,83
68,30
77,117
25,119
83,30
120,51
60,36
85,28
27,121
28,123
58,135
100,34
89,67
17,101
76,130
78,31
34,124
108,155
74,140
123,112
115,143
105,101
124,140
25,86
122,108
39,66
93,154
87,68
121,74
100,124
14,112
77,110
25,120
120,58
60,35
101,120
19,121
61,34
76,126
19,95
29,124
45,57
63,147
78,102
61,141
37,125
75,134
80,82
106,72
107,74
74,145
124,139
53,129
123,111
121,83
109,80
100,123
45,126
120,65
102,113
58,38
97,65
94,27
117,142
103,111
119,49
103,69
97,134
119,47
97,29
78,105
104,48
98,133
100,167
96,143
46,56
124,130
121,84
84,72
85,70
13,116
54,129
107,89
53,45
94,149
55,43
79,94
123,124
93,160
101,116
84,28
60,140
99,34
71,149
79,98
100,37
123,140
52,128
30,124
93,66
108,158
113,45
104,70
82,74
36,125
114,42
75,138
123,125
48,127
107,94
105,98
114,143
93,159
122,99
86,69
121,71
67,31
99,127
14,111
59,37
69,150
77,115
113,144
120,53
60,139
46,126
40,65
43,60
57,134
95,145
111,146
97,138
105,166
102,46
103,47
109,152
16,105
123,114
103,166
75,131
32,76
25,84
122,106
121,72
120,60
76,120
103,112
101,42
21,91
62,142
78,100
62,144
80,84
35,71
33,75
46,55
124,133
47,54
37,69
43,126
34,73
109,78
13,121
121,81
27,83
57,39
38,67
122,95
56,131
120,67
100,67
55,44
76,119
95,28
30,79
22,120
80,31
81,30
90,67
119,41
98,131
50,50
51,128
73,147
16,103
65,149
108,161
51,49
76,31
13,114
107,91
104,103
24,86
57,40
122,102
93,27
108,85
20,121
26,84
83,29
15,106
31,76
70,150
86,28
73,148
101,38
108,152
17,122
123,127
80,88
75,140
65,31
93,157
38,125
39,65
36,69
121,69
66,149
108,76
122,97
14,109
77,113
120,55
94,164
111,47
26,121
95,147
97,136
78,99
102,44
105,71
109,150
123,116
75,133
99,128
107,73
74,146
124,136
122,104
121,78
108,75
109,83
120,62
110,49
102,114
28,80
76,122
47,127
88,68
96,29
101,40
22,89
78,106
98,134
95,166
98,31
64,147
23,87
96,140
55,131
80,86
41,126
33,73
109,50
124,135
81,78
37,67
121,87
109,76
13,119
54,130
106,94
122,93
56,133
120,69
49,127
108,88
94,150
79,93
24,119
93,163
110,149
103,107
101,119
21,120
30,77
63,33
98,167
86,27
119,43
99,33
78,109
72,148
79,97
40,125
105,49
112,45
108,163
83,72
18,99
75,30
123,120
121,88
75,137
107,93
104,105
114,144
122,100
86,70
108,87
94,153
29,80
79,90
77,118
120,50
71,30
43,59
28,122
87,27
58,134
122,141
111,145
17,102
76,129
106,49
102,43
108,154
79,31
74,143
123,113
105,102
93,155
87,69
121,75
118,141
77,111
40,63
120,57
101,121
41,62
61,35
76,125
42,61
101,67
107,164
44,59
45,58
63,144
35,124
61,142
23,88
123,118
95,65
80,81
75,135
99,130
74,144
124,138
47,53
123,108
121,76
109,81
100,122
14,122
120,64
102,112
15,122
116,142
97,66
28,82
103,108
20,93
58,136
118,41
48,53
97,135
119,44
82,30
97,30
78,104
98,132
96,142
88,27
124,129
16,122
81,76
121,85
52,47
85,71
13,117
56,42
53,46
96,65
124,127
122,91
54,45
94,148
79,95
93,161
97,166
101,117
15,105
59,136
29,79
106,165
102,167
79,99
100,36
123,141
17,99
73,30
112,47
108,157
83,74
104,69
18,97
123,122
75,139
106,71
104,107
105,99
122,98
66,150
68,150
106,97
14,110
98,66
77,116
119,141
113,145
120,52
60,37
69,30
99,66
102,68
22,119
60,138
40,64
96,166
100,35
104,166
111,147
97,139
17,100
31,124
74,141
16,104
123,115
103,167
115,142
32,75
105,100
25,85
81,80
39,125
93,153
121,73
100,125
14,113
77,109
120,59
76,127
19,94
29,123
45,56
63,146
101,43
22,90
78,103
95,165
121,141
61,140
80,83
124,132
47,55
123,110
121,82
34,72
109,79
13,122
38,66
122,94
120,66
58,39
100,66
115,42
94,147
111,48
76,118
62,33
103,110
119,48
30,78
80,30
90,66
103,68
119,46
98,130
104,49
99,167
91,66
16,102
108,160
113,43
114,43
124,131
44,126
13,115
77,31
57,41
122,89
108,84
55,42
20,120
79,89
84,29
15,107
59,138
31,77
117,41
100,38
101,39
52,129
106,50
93,65
108,159
113,44
82,75
52,48
