101,30
91,23
86,24
108,13
106,45
68,25
99,27
80,12
85,25
76,15
100,28
77,14
105,41
77,27
106,46
93,24
118,29
91,8
72,27
96,8
79,27
84,25
101,10
74,17
109,45
104,41
85,9
119,35
113,17
118,30
95,8
119,31
93,8
112,40
114,39
71,19
75,27
115,22
117,37
104,38
112,17
97,25
118,27
104,10
69,24
88,24
105,11
95,24
116,37
101,29
107,13
115,21
105,45
86,25
119,37
117,26
116,22
96,25
87,9
99,9
72,18
97,9
69,27
75,15
75,16
100,29
71,21
79,13
70,22
76,27
116,24
90,23
102,31
82,26
86,9
107,46
110,43
84,26
101,9
109,44
106,11
81,11
119,34
90,8
105,43
67,27
98,26
103,35
119,30
111,41
100,9
108,46
98,9
115,38
113,39
112,41
106,12
84,10
103,10
110,14
104,39
119,33
81,27
87,24
111,15
92,24
113,19
104,11
111,43
116,38
81,12
70,27
82,11
89,9
107,12
115,20
104,36
117,25
116,23
105,44
119,36
109,14
94,8
68,27
92,8
102,32
72,19
97,8
73,18
69,23
83,11
89,23
71,20
79,12
88,9
101,31
92,23
82,27
114,19
68,24
94,24
113,40
76,14
71,27
102,10
105,42
118,28
67,26
98,27
114,20
103,34
73,27
95,25
109,46
74,16
118,37
80,27
104,40
85,10
110,15
119,32
113,18
67,25
103,33
83,26
70,21
78,13
111,42
114,38
89,8
111,16
104,37
117,24
112,16
109,13
97,26
102,33
118,26
78,27
103,36
110,44
74,27
73,17
88,23
78,14
69,22
99,28
83,10
