54,153
133,106
142,63
124,112
25,82
138,103
83,61
143,62
155,21
128,49
98,64
142,33
91,132
153,47
52,68
121,55
20,109
8,142
118,57
152,93
53,64
149,27
38,149
104,63
172,5
163,40
144,32
105,62
63,151
106,61
48,152
6,132
9,123
45,78
56,58
78,141
53,62
171,79
100,127
169,83
14,119
48,77
139,102
176,18
151,94
153,48
52,67
102,125
162,14
141,100
81,139
67,148
121,56
150,49
129,47
158,17
132,44
136,39
63,57
28,77
155,92
137,38
168,36
167,84
138,37
168,74
9,124
17,117
82,61
158,74
145,56
167,37
153,23
88,62
13,120
88,135
127,110
144,98
110,59
106,123
107,123
81,140
82,139
132,43
30,76
133,42
145,31
98,128
96,130
62,152
55,153
146,54
170,75
6,136
111,119
129,109
29,148
144,67
37,77
24,87
25,79
93,131
177,13
147,52
135,105
111,59
51,71
19,110
112,119
68,58
167,74
69,59
165,86
156,45
114,117
25,147
157,74
165,39
107,61
6,131
161,15
77,60
164,12
16,117
130,108
75,143
176,7
25,80
79,141
94,131
152,48
85,61
69,147
120,56
49,76
158,44
154,93
166,85
43,78
156,91
119,114
23,89
132,107
53,153
145,69
164,11
165,10
40,150
53,60
57,57
114,58
22,147
56,153
36,77
55,58
104,124
125,111
16,145
117,57
32,148
131,45
35,149
162,74
22,100
174,26
94,63
175,19
22,94
115,117
135,41
166,38
28,148
152,24
103,63
122,112
46,151
150,95
58,57
105,123
7,128
24,82
96,64
64,57
177,10
84,137
168,7
67,58
169,6
70,146
52,152
125,51
143,67
150,26
154,73
73,144
140,36
175,6
75,59
36,149
76,60
126,50
118,116
149,96
105,124
43,151
143,61
150,72
147,54
142,34
146,97
66,58
92,132
101,127
51,73
163,86
165,74
19,112
147,28
158,43
160,42
38,150
163,39
151,24
140,35
106,62
5,138
141,34
163,13
172,32
123,112
7,127
78,142
11,120
113,58
167,9
126,110
157,19
34,149
129,48
143,32
52,64
102,126
162,87
150,50
20,105
113,118
62,57
158,18
171,6
22,99
159,43
27,148
155,91
175,20
110,121
138,38
80,60
172,31
144,58
173,30
23,91
95,64
127,109
38,77
50,75
17,146
26,79
92,63
40,77
151,48
108,122
159,16
174,24
51,152
124,53
63,152
164,86
8,124
21,102
157,90
170,34
11,144
64,150
76,142
121,114
156,74
170,76
12,120
118,115
168,84
7,130
24,84
137,103
177,8
9,143
65,58
160,89
148,52
41,150
151,73
95,130
142,67
153,73
114,118
73,59
174,5
139,37
10,121
171,32
6,140
78,60
170,81
142,62
50,152
137,104
138,102
146,69
149,72
84,61
99,127
115,57
128,48
148,51
91,133
149,50
154,47
14,145
19,114
20,108
87,62
155,46
122,55
21,104
71,146
104,62
157,44
74,59
161,41
61,152
5,136
159,74
111,120
6,135
127,50
23,92
116,117
89,134
32,76
56,57
109,59
90,133
53,63
18,115
169,74
54,60
171,76
14,118
176,17
7,142
116,57
151,95
52,66
59,153
141,101
20,107
67,149
101,64
130,47
22,97
28,76
174,23
137,39
152,73
134,41
175,22
162,41
144,60
173,28
145,57
159,89
147,96
147,70
88,134
176,8
140,102
90,63
50,73
161,74
61,57
60,153
82,138
33,149
164,74
133,43
42,77
170,6
8,126
21,100
160,16
154,74
47,78
96,129
35,76
33,76
6,139
30,148
49,152
148,71
176,15
24,86
93,132
177,14
147,53
171,80
27,78
146,98
57,153
85,136
102,64
31,76
19,111
29,76
142,65
148,28
83,138
26,147
171,34
128,109
148,96
6,130
108,61
158,89
134,105
166,9
155,20
25,81
54,59
66,149
94,130
124,111
86,61
52,69
49,77
162,88
20,110
8,143
58,153
148,27
152,94
149,26
171,5
27,147
154,92
166,84
87,135
6,133
9,122
119,115
132,106
120,114
165,11
99,128
53,61
22,146
36,76
34,76
149,95
18,146
169,82
48,78
55,59
171,78
50,76
136,40
97,129
95,63
44,78
81,61
17,116
167,36
152,23
153,22
75,144
154,21
13,119
89,62
47,151
7,129
144,99
39,77
177,11
107,122
42,150
123,54
169,7
174,28
144,31
125,52
145,30
48,151
98,129
174,6
155,74
146,29
73,145
175,7
10,122
146,55
129,108
144,68
170,82
79,60
24,88
146,70
177,12
44,151
68,148
135,104
111,58
51,70
147,29
99,64
109,121
163,87
19,113
155,45
69,58
165,85
71,145
151,25
24,147
164,39
160,15
141,35
165,38
87,136
161,14
127,49
16,118
162,13
136,104
112,58
148,72
11,121
21,146
18,116
90,134
79,140
68,147
7,141
59,57
143,33
120,57
160,74
113,119
119,57
45,151
22,98
166,74
134,42
110,120
173,5
175,21
172,30
46,78
23,88
53,152
145,68
74,144
104,125
20,146
60,57
16,146
50,74
100,64
26,78
32,149
131,44
151,49
93,63
108,121
159,17
174,27
42,78
124,52
175,18
21,103
22,95
135,40
15,145
157,91
11,145
143,99
102,63
168,83
122,113
31,148
24,83
64,58
177,9
163,74
160,88
27,77
84,138
168,8
142,66
80,140
70,147
142,100
171,33
12,145
86,136
126,51
158,90
170,80
134,106
166,10
43,150
145,98
143,60
150,73
66,150
156,20
86,62
101,126
23,147
15,118
51,72
149,51
154,46
10,144
122,54
21,105
157,45
161,42
39,150
5,137
163,12
6,134
23,93
116,116
130,107
7,126
109,60
169,75
18,114
167,8
156,19
171,77
19,146
161,88
126,111
157,18
176,16
52,65
20,106
130,46
22,96
159,42
41,77
175,23
162,40
169,35
80,61
144,59
173,29
23,90
143,100
145,58
147,97
114,57
147,71
154,22
140,101
90,62
91,63
97,64
131,46
60,152
153,93
123,53
174,25
13,145
8,125
21,101
22,93
169,36
72,145
70,59
146,30
170,35
64,151
166,37
117,116
76,143
65,150
121,113
77,142
146,56
6,138
131,107
176,14
24,85
51,69
85,137
9,144
142,64
72,59
103,125
150,25
139,36
71,59
75,60
37,149
6,141
108,60
