96,211
45,230
19,278
118,299
196,223
50,205
222,225
64,207
201,246
63,290
94,211
39,238
154,277
42,235
43,235
150,280
204,244
161,272
33,284
66,290
130,292
20,280
47,288
222,232
164,219
212,225
178,262
55,288
198,248
108,298
49,208
21,263
225,225
187,256
129,215
170,266
131,215
170,219
60,205
193,221
216,225
59,288
87,209
122,215
94,296
92,296
90,209
19,266
61,207
172,265
25,247
40,237
47,216
21,256
100,211
111,298
183,258
209,223
180,220
205,244
133,290
36,284
106,211
38,286
60,290
182,260
215,225
85,294
68,290
27,246
69,291
192,252
223,232
19,275
143,217
228,229
25,248
176,264
199,248
47,225
226,227
196,248
138,215
157,217
180,219
159,274
167,219
23,253
52,288
123,298
160,272
58,205
192,221
72,207
32,284
62,207
160,218
189,254
45,228
86,209
173,219
19,280
214,238
138,288
54,288
79,209
126,294
75,209
54,205
68,207
168,267
29,245
169,266
35,242
122,298
135,290
58,288
186,221
193,252
91,296
214,225
218,236
128,215
176,262
75,292
167,268
19,263
78,292
142,217
124,297
178,260
197,248
46,225
47,221
49,214
21,261
182,221
202,245
156,217
138,287
202,223
95,296
139,286
136,289
60,207
37,239
156,276
145,217
184,257
59,290
168,219
142,285
182,259
67,290
122,213
208,223
148,280
198,223
99,296
40,286
19,268
217,225
227,230
47,218
49,207
78,209
226,230
74,209
93,211
200,246
28,245
113,213
165,270
207,242
51,288
156,275
41,237
157,274
71,207
83,294
104,211
132,290
153,278
109,213
19,277
50,288
100,298
137,288
189,221
53,288
47,286
212,223
226,225
128,294
196,250
154,217
121,298
70,292
23,255
39,237
154,278
160,274
57,288
159,217
144,217
205,223
29,284
45,226
34,284
111,213
24,282
77,209
25,283
203,244
171,219
141,286
49,211
31,243
112,213
206,244
161,219
190,253
224,231
218,234
25,284
90,210
108,213
21,281
19,265
208,240
227,227
188,221
77,292
47,223
49,212
21,259
56,205
162,270
149,280
150,279
211,240
98,296
151,278
134,215
106,212
23,282
158,217
194,251
52,205
148,282
219,225
188,254
27,245
49,288
99,298
19,270
25,251
76,209
125,215
127,215
173,264
49,205
163,270
65,290
200,248
91,211
103,211
144,282
216,236
37,285
211,223
107,298
37,240
43,286
186,256
28,284
45,231
19,279
118,298
22,255
196,222
22,282
89,294
207,223
31,244
87,294
35,241
141,215
191,221
39,239
154,276
106,298
43,232
206,243
179,260
59,205
218,225
212,224
76,292
79,292
55,205
202,246
49,209
118,213
191,252
97,296
147,217
140,286
107,213
66,207
81,209
59,289
142,286
95,211
147,282
122,214
174,219
219,234
166,269
212,239
19,267
208,242
172,264
125,296
47,217
21,257
102,298
137,215
111,299
45,286
177,219
81,294
83,209
57,205
185,256
84,294
133,215
131,292
27,247
69,292
172,219
19,272
228,228
25,249
226,226
53,205
67,207
30,245
44,231
144,284
71,292
105,298
216,238
41,286
80,209
185,221
160,217
220,234
45,229
30,284
35,284
228,227
140,215
221,234
168,266
181,221
33,243
35,243
201,223
23,251
96,296
43,234
181,260
97,211
129,294
220,225
113,300
190,254
121,213
117,300
130,293
197,223
119,298
222,233
26,284
126,296
65,207
74,207
124,296
20,263
79,294
146,282
142,216
202,244
49,215
21,262
109,298
92,211
111,300
138,286
117,213
136,288
175,264
60,206
184,256
70,207
142,284
110,298
182,258
194,252
136,215
184,221
99,297
19,269
165,219
172,266
56,288
47,219
162,272
74,208
164,270
130,215
180,221
132,215
73,292
85,209
209,240
156,274
194,221
39,286
204,223
44,286
152,278
224,232
69,290
120,213
212,240
213,238
19,274
74,292
146,217
46,286
26,247
228,230
47,224
47,287
101,211
115,300
196,249
210,223
120,298
148,217
23,252
116,213
82,209
160,273
180,260
112,300
175,219
160,219
116,300
45,227
217,236
126,295
142,215
187,221
127,294
47,215
168,268
178,219
210,240
48,288
110,213
84,209
174,264
73,207
183,221
63,207
48,215
190,252
224,230
51,205
176,263
166,270
171,266
21,282
177,262
124,298
24,251
124,215
126,215
178,261
47,220
49,213
21,260
90,296
69,207
119,213
225,230
221,225
72,292
136,290
150,278
41,235
82,294
184,258
151,217
194,250
148,281
132,292
153,217
19,271
21,255
49,206
64,290
162,219
163,219
34,243
206,223
200,247
203,223
62,290
38,239
41,236
37,286
42,286
98,211
169,219
37,241
199,223
132,291
19,276
115,213
31,284
196,221
101,298
89,209
88,294
89,295
99,211
86,294
114,213
31,245
23,254
43,233
206,242
105,211
224,225
45,225
149,217
130,294
150,217
114,300
118,300
190,221
25,282
152,217
222,234
89,296
79,293
27,284
49,210
179,219
176,219
166,219
123,215
36,241
143,284
215,238
218,235
166,268
90,211
212,238
21,280
223,225
19,264
102,211
208,241
88,209
47,222
21,258
61,290
188,256
162,271
158,274
43,231
80,294
155,276
106,213
103,298
195,250
188,255
93,296
213,225
19,273
25,250
139,215
32,243
155,217
104,298
200,223
144,283
134,290
216,237
195,221
145,282
37,284
135,215
