144,94
167,13
135,100
26,94
126,106
157,23
138,65
147,33
99,68
169,12
170,11
165,81
123,57
141,69
26,98
92,66
164,35
58,103
171,24
165,34
89,106
112,62
141,57
119,110
87,65
97,107
107,108
120,61
130,50
148,33
54,73
169,31
159,20
131,49
124,57
55,71
170,28
134,46
94,67
33,80
46,82
57,60
95,107
49,102
133,102
137,99
155,25
36,80
147,47
151,77
167,77
132,49
171,22
157,87
172,17
90,106
53,102
144,52
60,103
145,49
158,77
152,29
104,66
68,104
66,104
81,64
137,100
146,73
86,65
149,76
48,81
29,81
168,12
108,108
31,79
142,70
155,42
150,31
74,63
151,30
173,13
162,18
30,99
126,55
139,60
146,49
127,54
109,63
163,17
166,14
74,104
37,80
142,39
26,92
116,61
143,38
154,42
53,78
101,68
56,103
26,96
145,35
55,102
62,103
69,104
117,110
82,64
32,79
113,61
123,109
77,105
97,67
28,81
61,61
169,29
160,38
133,47
170,26
40,81
151,44
162,36
145,36
139,42
172,20
146,35
143,96
44,101
94,107
148,93
107,65
86,106
147,75
140,97
101,108
97,68
155,87
167,79
51,102
138,42
160,19
172,19
155,77
161,18
71,62
56,65
128,105
132,103
145,73
158,85
85,65
98,107
142,56
118,110
65,61
152,43
76,105
138,66
152,90
72,63
143,72
29,99
79,105
40,101
166,80
173,11
138,63
139,62
39,100
120,110
165,15
106,65
138,99
128,53
160,85
27,88
50,80
28,84
121,59
118,61
53,76
54,74
46,101
144,36
44,82
64,104
56,62
61,103
111,109
144,73
149,92
84,65
58,60
99,107
151,90
39,81
52,79
28,83
121,60
141,96
122,59
149,32
158,21
55,67
47,102
161,37
167,80
125,56
171,21
31,99
78,105
35,100
167,33
131,104
129,104
72,104
153,27
35,80
142,55
27,86
127,106
146,74
143,54
110,63
163,77
161,77
111,62
163,83
27,98
155,41
69,62
171,10
159,39
133,48
151,29
110,109
57,103
67,104
56,67
65,104
84,105
80,64
141,39
159,77
157,77
77,63
127,53
116,110
153,28
136,100
140,60
148,76
154,27
63,103
104,108
75,105
135,101
138,64
38,81
143,37
139,68
170,10
119,61
165,82
156,41
141,70
47,82
173,9
164,34
171,25
42,101
140,59
130,104
73,104
36,100
141,58
148,75
27,90
81,105
120,60
51,80
100,68
160,77
28,86
148,32
140,69
54,72
88,66
159,21
154,89
124,56
55,68
156,87
139,41
59,103
156,77
83,65
134,101
105,108
57,61
108,64
125,107
113,109
148,47
149,46
30,79
136,45
150,45
132,48
171,23
142,96
32,100
172,16
144,51
140,41
145,50
37,100
43,81
92,107
152,28
158,86
50,102
64,61
156,24
165,77
67,62
150,30
174,11
172,15
83,105
173,14
75,63
126,54
139,61
146,48
159,85
100,107
106,66
109,64
154,25
144,95
150,76
156,23
106,108
142,38
26,95
126,107
146,93
129,51
157,22
112,109
33,100
92,67
115,109
55,103
87,106
43,101
147,93
141,56
113,62
164,16
114,61
59,60
129,52
130,51
109,109
162,83
153,89
62,61
158,22
164,77
168,31
162,77
169,30
78,64
160,37
55,70
47,101
134,47
88,106
151,45
135,46
146,34
166,33
121,109
148,92
131,103
70,104
155,24
143,53
151,76
49,81
164,82
171,9
28,99
70,62
157,86
172,18
161,19
144,53
71,63
56,64
34,100
48,102
104,67
132,102
82,105
102,108
48,82
29,80
98,68
66,61
153,43
168,13
108,109
79,64
142,71
139,67
152,89
153,77
149,31
52,102
73,63
174,9
172,9
163,36
173,12
138,62
39,101
45,82
120,109
163,16
71,104
74,105
138,98
167,14
115,61
128,52
160,84
26,93
27,89
139,98
51,79
147,34
154,43
53,77
101,67
114,109
63,61
123,58
26,97
157,40
155,88
168,32
44,81
41,81
85,106
82,65
34,80
134,102
144,72
123,108
45,101
87,66
93,107
145,94
151,91
52,78
28,82
61,60
141,97
122,58
103,108
54,76
143,95
169,28
150,46
131,50
137,43
152,77
170,27
166,77
54,102
162,37
33,79
107,64
96,107
129,105
147,74
161,84
142,54
27,87
140,98
101,107
147,48
111,63
54,71
29,79
27,99
68,62
137,44
103,67
167,78
138,43
160,20
56,66
128,106
93,67
141,40
41,101
116,109
38,100
154,26
152,44
124,108
146,94
38,80
138,67
158,40
156,40
89,66
166,81
162,17
105,66
140,58
164,15
165,14
91,106
122,109
26,91
27,91
124,107
60,60
117,61
50,81
162,84
28,85
140,68
54,75
154,88
55,69
144,37
135,45
166,34
95,67
56,63
57,62
149,91
80,105
150,91
148,46
77,64
136,44
170,25
90,66
125,55
171,20
143,71
32,99
91,66
154,77
140,40
145,51
167,32
92,106
96,67
66,62
102,67
163,82
169,11
158,39
159,38
174,10
163,35
42,81
173,15
64,103
84,106
76,63
