115,177
10,271
191,155
139,97
231,48
147,33
169,12
117,334
193,150
16,190
130,170
64,229
136,157
141,95
71,290
163,14
21,180
168,67
12,281
90,130
115,182
45,223
70,233
110,48
96,345
209,111
197,139
76,281
102,56
34,312
168,217
115,191
67,288
34,171
74,239
20,295
76,255
221,76
98,76
171,213
117,139
143,91
18,211
76,272
168,49
42,221
61,282
68,231
56,337
114,46
169,214
144,89
71,235
127,323
75,345
98,71
179,186
205,28
210,105
69,343
72,154
90,345
199,137
36,317
76,271
227,64
12,262
217,90
142,27
127,54
115,141
167,49
151,262
125,124
18,291
207,31
175,198
14,190
199,134
76,262
168,63
44,223
134,162
213,38
107,50
113,338
221,38
115,146
27,174
228,40
142,141
128,177
75,154
119,134
229,55
162,80
54,162
58,161
148,35
132,165
44,327
136,160
123,48
24,299
189,165
73,239
73,290
166,223
115,155
154,104
144,78
145,80
129,318
64,160
173,205
12,205
36,219
166,71
104,53
186,10
167,220
133,109
229,57
12,196
201,133
132,58
47,260
90,115
150,119
125,326
147,275
38,221
137,297
147,128
115,193
49,264
90,122
146,133
164,47
59,339
118,201
94,102
226,38
209,38
13,196
65,285
141,96
144,140
165,223
76,289
115,198
47,223
122,329
52,266
144,27
100,62
28,248
32,310
78,152
63,283
104,343
160,89
159,243
51,225
50,164
149,267
170,55
155,252
123,125
96,89
213,100
141,146
127,121
42,323
44,168
121,48
139,68
56,272
129,174
207,38
29,248
124,186
94,91
170,62
16,285
161,238
219,80
96,80
41,254
138,150
68,158
160,87
129,54
44,167
100,68
10,275
120,197
126,181
110,339
40,320
204,121
152,111
170,57
14,206
14,259
92,108
96,87
153,16
88,134
19,293
115,162
100,67
121,194
164,74
147,18
153,255
177,193
197,14
26,301
14,209
92,107
39,251
24,176
227,62
138,152
156,98
115,171
223,74
25,215
191,157
74,243
204,24
150,36
195,144
148,122
60,228
205,119
157,244
86,143
16,258
106,51
39,319
133,310
227,39
52,333
59,277
115,176
167,12
135,103
191,154
122,194
231,51
74,250
57,162
111,339
130,56
117,333
193,149
130,171
60,227
64,230
136,158
212,38
220,38
168,68
26,174
48,260
115,185
139,291
143,93
209,110
197,138
72,290
92,112
76,282
27,301
102,57
34,313
115,190
124,125
127,325
221,75
98,77
171,212
117,138
29,174
143,90
131,57
86,144
76,273
168,50
187,165
61,281
26,176
12,264
56,338
169,213
189,10
228,59
211,101
179,12
127,322
98,68
33,172
179,189
18,184
205,27
72,155
199,136
146,20
76,264
12,263
161,14
217,89
142,24
206,117
50,331
125,123
55,272
99,343
207,30
162,86
185,175
82,148
51,265
14,191
163,45
76,263
166,74
134,163
113,337
115,149
208,38
62,282
135,64
154,110
30,174
32,217
13,281
142,146
128,178
55,162
229,54
162,81
54,163
132,166
203,123
189,164
69,233
199,15
115,154
150,122
154,105
145,87
129,317
173,204
201,131
73,345
118,333
104,54
167,223
121,131
133,108
229,56
12,197
70,343
201,132
37,219
38,219
147,269
137,295
15,258
37,317
150,116
13,260
165,14
125,325
53,270
128,54
147,274
137,296
115,192
90,123
146,130
34,217
108,48
57,227
229,42
16,254
35,170
80,347
65,284
212,101
20,250
76,290
115,201
192,153
144,28
100,63
32,311
63,282
137,156
16,288
131,113
160,90
159,242
178,12
76,345
50,165
124,188
149,266
96,90
105,343
213,99
127,120
181,10
203,21
99,68
150,16
226,65
207,33
124,187
54,225
16,286
14,196
161,237
219,83
96,81
41,253
138,151
163,229
131,313
223,71
27,248
10,272
120,198
140,70
56,227
164,76
35,249
55,337
40,321
152,112
14,207
92,109
156,100
88,135
115,165
28,174
164,75
153,254
177,192
197,13
55,227
148,124
101,60
16,209
39,250
24,177
188,10
138,153
156,99
164,227
115,170
135,105
191,156
74,240
150,37
195,147
143,78
148,123
60,229
205,118
133,164
64,341
136,301
157,243
86,140
160,14
150,263
44,254
62,229
133,309
136,103
227,38
52,334
59,276
115,179
206,30
26,215
49,225
139,99
231,50
53,164
74,251
55,271
75,251
81,347
153,259
117,135
64,231
136,159
125,184
127,180
76,284
168,69
166,47
26,175
90,128
115,184
118,135
231,43
69,156
137,66
143,92
209,109
63,341
14,284
197,137
53,335
92,113
19,211
76,283
189,159
140,146
74,154
67,290
140,97
127,324
128,174
115,46
98,74
117,137
123,190
31,217
215,91
129,321
148,16
131,56
151,37
86,145
217,38
76,274
168,51
61,280
12,265
217,87
143,140
56,339
98,69
138,66
174,203
195,143
179,188
18,185
205,26
170,12
61,160
141,72
72,156
17,186
76,265
68,232
72,235
217,88
142,25
164,14
76,152
115,143
170,213
23,213
125,122
35,315
18,289
40,221
185,174
82,149
83,148
51,264
159,43
76,256
183,177
134,160
145,279
115,148
23,295
207,113
141,291
128,179
57,275
100,343
229,53
175,201
132,167
48,329
123,50
203,122
189,163
199,14
115,157
177,191
145,86
56,162
57,276
173,203
137,103
201,130
153,39
122,129
90,118
167,222
121,130
103,54
145,79
133,107
134,107
12,198
180,10
63,160
180,185
167,70
174,12
150,117
53,269
20,252
186,171
115,195
193,11
90,120
146,131
108,49
94,100
149,263
63,284
229,41
16,255
219,79
126,121
127,117
20,251
115,200
42,168
193,12
49,263
30,308
88,347
144,29
164,80
60,340
154,253
135,301
155,249
16,289
131,112
230,51
160,91
142,95
76,346
22,250
144,20
60,339
133,62
105,52
124,189
38,318
149,265
170,53
123,127
14,194
161,235
230,42
105,342
213,98
203,20
45,255
101,343
139,70
207,32
170,60
16,287
161,236
219,82
96,82
41,252
114,337
210,38
200,16
163,228
131,312
223,70
10,273
120,199
52,225
164,77
35,248
40,322
152,113
139,150
92,110
19,182
39,252
227,59
66,231
156,101
88,136
161,86
143,281
115,164
122,190
74,246
182,10
150,35
153,253
45,258
193,153
216,38
125,52
197,12
148,125
26,299
153,110
157,249
16,210
24,178
43,254
115,173
135,104
191,159
145,134
74,241
195,146
158,42
16,186
143,73
130,174
205,117
64,342
173,12
86,141
126,52
91,114
133,308
47,329
52,335
165,227
115,178
122,192
139,98
231,45
74,248
55,270
153,258
120,331
209,107
14,282
89,347
197,143
76,285
168,70
187,169
12,276
140,148
90,129
20,180
115,187
231,42
201,19
171,209
137,65
139,293
215,93
143,95
209,108
65,231
14,285
198,14
92,114
76,276
12,275
140,147
34,311
176,12
128,175
201,20
131,170
98,75
152,37
117,136
163,80
129,320
148,17
54,335
76,275
168,52
115,335
187,167
61,279
135,63
102,54
12,266
217,86
109,341
211,103
171,207
179,191
18,182
183,10
205,25
83,347
156,40
160,43
141,71
146,18
76,266
68,233
72,236
76,153
95,90
115,142
151,259
125,121
59,160
99,345
155,14
28,304
162,84
185,173
156,39
72,345
76,257
21,213
24,295
183,176
166,72
134,161
145,278
199,16
115,151
207,112
154,108
30,172
141,290
142,144
128,180
57,274
119,131
229,52
175,200
107,341
111,48
119,48
48,330
54,336
184,175
203,125
189,162
128,321
129,117
115,156
149,122
150,120
145,85
137,102
12,200
180,12
201,129
93,345
94,345
49,166
90,119
167,217
116,202
121,129
162,14
145,78
12,199
158,98
180,11
71,345
147,271
85,146
19,252
37,170
90,126
144,32
94,98
53,268
159,14
144,136
115,194
24,248
193,10
30,306
123,329
90,121
146,128
108,50
94,101
229,40
96,78
213,95
117,46
49,262
30,309
70,156
144,30
60,341
225,69
36,250
220,79
40,168
131,115
160,92
144,134
76,347
168,12
25,248
123,327
144,21
133,61
123,129
124,190
38,319
58,227
149,264
123,126
158,94
14,195
161,234
89,130
18,254
166,14
48,223
105,341
213,97
54,270
203,23
22,295
45,254
207,35
162,45
94,94
170,61
219,85
96,83
66,288
88,130
163,231
131,315
116,141
26,248
120,200
86,347
91,345
164,78
148,128
50,264
31,309
126,184
40,323
152,114
14,205
92,111
46,328
138,156
156,102
88,137
143,280
115,167
122,191
201,127
74,247
45,257
193,152
125,51
57,339
148,126
11,270
157,248
16,211
215,38
92,102
131,111
223,38
79,152
17,289
115,172
135,107
191,158
165,74
195,149
158,43
16,187
143,72
40,252
80,152
64,343
168,64
133,307
227,40
157,98
165,226
59,278
115,181
154,14
122,193
139,101
231,44
70,234
74,249
132,311
81,150
153,257
28,301
29,217
30,217
122,48
214,95
209,106
14,283
89,346
197,142
76,286
183,175
187,168
65,158
12,277
140,149
20,181
115,186
34,172
126,325
201,18
76,252
221,79
171,208
137,64
121,331
139,292
215,92
143,94
40,319
80,150
119,47
146,33
76,277
185,10
102,60
12,268
51,164
154,16
50,225
76,251
98,72
152,38
82,347
106,341
179,185
148,18
131,58
76,268
20,212
168,53
187,166
43,221
61,278
120,131
48,224
102,55
135,62
12,267
87,140
217,85
109,340
127,53
25,176
151,261
211,102
18,292
74,345
84,146
175,197
179,190
18,183
36,170
185,171
205,24
43,325
156,41
160,44
141,70
199,133
146,19
76,267
20,211
72,237
76,154
115,145
47,166
142,142
99,344
172,207
119,133
28,305
158,14
162,85
181,183
185,172
58,162
192,10
51,266
202,127
76,258
183,179
24,296
166,73
145,277
129,115
115,150
207,115
134,305
154,109
30,173
141,289
142,145
145,83
57,273
229,51
175,203
70,344
21,295
116,46
48,331
195,12
54,337
203,124
78,347
189,161
218,38
129,116
22,180
115,159
150,121
145,84
137,101
12,201
181,185
201,128
132,168
43,168
120,48
171,12
90,116
147,270
142,72
97,345
119,331
90,127
144,33
146,134
118,202
143,24
94,99
152,16
53,267
39,221
137,301
144,137
115,197
24,249
149,35
30,307
123,328
144,24
146,129
25,299
225,67
32,248
58,276
96,79
136,64
15,285
127,119
203,24
115,202
49,261
144,31
225,68
214,38
222,38
135,303
155,251
17,254
40,169
131,114
69,290
144,135
15,209
129,56
21,250
42,324
139,67
144,22
133,60
207,37
84,347
123,128
175,12
33,248
158,95
14,192
161,233
38,250
213,96
203,22
77,347
152,259
120,194
157,14
141,287
207,34
126,182
165,47
94,95
170,58
64,158
156,249
11,275
159,92
219,84
96,84
156,104
88,131
163,230
131,314
115,161
24,213
100,64
48,166
164,79
194,12
34,248
35,250
184,10
152,115
109,48
92,104
227,61
46,329
156,103
88,138
143,283
115,166
223,73
67,158
32,172
146,275
74,244
116,335
45,256
28,216
177,197
125,50
148,127
134,62
157,247
106,52
92,103
113,46
166,48
115,175
135,106
191,153
74,290
28,215
195,148
16,188
143,75
130,172
17,211
168,65
132,111
133,306
46,166
165,225
115,180
23,178
154,15
139,100
231,47
70,235
153,256
28,302
151,16
209,105
65,343
89,345
144,279
197,141
76,287
187,171
102,58
12,278
103,343
34,314
108,341
140,150
20,182
115,189
201,17
221,78
20,293
76,253
98,78
171,211
117,141
121,330
139,295
215,95
143,89
80,151
119,46
76,278
12,269
127,321
98,73
152,39
84,148
205,30
76,269
20,213
115,337
48,225
12,260
109,339
127,52
112,339
169,217
151,260
27,215
211,105
50,332
18,293
84,147
160,45
76,260
183,181
44,221
72,238
218,85
145,275
115,144
207,117
142,143
145,89
64,284
119,132
162,82
181,182
75,290
38,170
148,33
44,325
76,259
183,178
24,297
145,276
22,178
115,153
225,38
207,114
154,106
155,104
141,288
145,82
57,272
173,207
175,202
70,345
202,20
203,127
189,160
45,166
115,158
188,165
222,75
133,111
229,59
68,290
124,327
12,202
181,184
132,169
149,16
119,333
90,117
167,219
169,53
138,101
13,205
158,96
147,273
137,299
156,14
158,243
62,160
47,259
157,41
90,124
164,45
169,62
23,250
34,218
143,27
112,48
94,96
77,152
31,172
53,266
137,300
65,287
29,305
144,138
162,233
41,323
115,196
24,250
225,66
100,60
187,10
135,305
142,285
130,317
66,158
159,241
127,118
39,170
49,260
124,50
50,166
112,46
149,269
135,302
155,250
160,239
40,170
182,181
148,269
42,325
62,341
138,295
67,343
139,66
144,23
133,59
207,36
30,248
124,184
54,226
38,317
158,92
14,193
18,252
166,12
61,229
68,156
120,195
141,286
211,38
85,347
196,143
216,91
126,183
145,33
219,38
94,92
170,59
64,159
96,85
46,327
88,132
143,285
163,233
131,317
115,160
24,214
100,65
118,46
177,195
31,248
71,156
59,227
152,116
33,311
14,260
15,190
92,105
227,60
138,154
88,139
143,282
115,169
223,72
194,149
74,245
28,217
177,196
198,137
143,77
128,117
205,121
157,246
16,256
166,49
115,174
10,270
102,343
231,49
87,347
92,345
117,335
193,151
158,41
16,189
143,74
145,20
130,173
136,156
168,66
133,305
63,229
12,280
165,224
115,183
231,46
97,78
155,39
28,303
58,339
14,281
197,140
76,280
41,221
187,170
224,38
102,59
67,231
12,279
34,315
115,188
67,289
49,331
34,170
201,16
20,294
76,254
221,77
171,210
117,140
121,329
139,294
215,94
68,343
86,146
76,279
12,270
169,215
200,133
98,70
179,187
18,186
224,69
205,29
65,288
46,258
36,316
76,270
115,336
227,65
12,261
217,91
142,26
169,216
151,263
207,111
211,104
50,333
125,125
18,290
60,278
175,199
82,150
135,160
199,135
36,315
76,261
183,180
168,62
44,222
72,239
113,339
115,147
207,116
142,140
145,88
128,176
119,135
162,83
181,181
58,160
41,168
132,164
148,34
44,326
123,49
203,121
24,298
134,164
22,179
115,152
190,159
154,107
52,164
145,81
129,319
93,102
173,206
12,204
54,164
140,291
203,126
166,70
104,52
167,221
33,217
133,110
45,327
229,58
12,203
177,12
132,170
119,332
90,114
73,154
130,115
167,218
150,118
158,97
125,327
147,272
38,220
137,298
22,213
79,347
46,223
47,258
161,45
90,125
146,132
164,46
117,202
118,200
34,219
35,219
94,97
95,345
60,160
65,286
141,97
144,139
76,288
115,199
30,305
196,12
225,65
100,61
32,309
53,225
190,10
135,304
178,191
160,88
159,240
98,345
208,111
154,39
172,12
119,200
70,290
112,47
149,268
170,54
155,253
96,88
213,101
139,69
133,58
124,185
54,227
94,90
158,93
161,239
18,253
219,81
37,250
166,13
68,157
160,86
143,279
163,227
129,55
131,311
223,69
61,341
44,166
10,274
66,343
120,196
141,285
176,197
126,180
94,93
152,110
170,56
14,258
96,86
42,254
88,133
159,239
143,284
163,232
131,316
115,163
24,215
100,66
177,194
26,300
14,208
92,106
151,116
227,63
138,155
51,333
88,140
115,168
223,75
74,242
195,145
143,76
205,120
157,245
86,142
16,257
106,50
133,311
191,10
