106,69
47,317
157,23
124,110
131,187
95,138
31,292
125,201
40,308
204,101
170,21
83,246
140,266
108,150
19,200
112,209
24,189
23,204
26,208
188,141
171,79
102,335
74,299
74,228
138,82
194,23
21,263
135,180
83,255
137,173
108,141
220,60
39,306
116,125
46,175
157,120
93,144
203,45
114,55
23,286
99,108
45,216
123,207
175,67
70,224
74,338
182,19
96,336
175,48
106,156
61,169
68,336
144,256
220,59
132,95
171,44
103,334
107,68
72,226
218,65
199,33
27,208
67,297
165,98
132,288
181,162
40,212
159,32
132,70
66,222
221,45
168,199
71,224
75,229
84,157
124,308
54,171
38,177
69,336
180,162
37,178
167,89
138,276
200,37
37,259
188,145
127,198
111,55
119,55
46,269
107,154
159,22
198,119
97,128
44,214
61,293
171,19
213,47
59,332
167,39
45,316
105,81
60,293
85,283
106,333
142,263
162,107
210,82
29,292
212,79
42,177
122,316
73,299
221,56
170,192
35,300
57,287
97,123
170,83
64,167
172,184
159,119
40,261
155,129
162,213
110,135
164,209
202,108
166,201
149,143
52,171
57,219
97,124
153,130
176,178
160,220
130,297
120,58
124,62
88,338
177,172
57,220
118,120
177,61
71,338
112,129
38,212
62,222
83,256
101,97
136,92
173,73
19,265
157,32
126,305
218,62
128,298
146,252
114,127
149,145
170,189
151,141
139,272
105,77
50,173
123,314
216,72
150,240
134,94
177,54
33,297
108,189
163,103
83,265
108,204
164,206
19,270
79,296
67,336
67,167
148,247
151,138
29,255
103,88
156,230
108,180
83,270
108,203
147,151
52,280
145,157
103,81
151,240
108,179
109,59
163,21
83,279
126,108
108,194
208,94
194,129
196,122
77,297
25,259
116,324
207,47
193,130
137,176
157,226
178,169
108,170
143,160
91,147
25,206
99,115
56,286
95,135
214,78
108,161
202,42
153,25
83,293
158,223
54,284
182,156
131,292
171,80
62,332
120,211
91,338
111,330
95,140
117,324
137,81
120,322
125,207
140,268
89,153
108,152
198,30
159,220
47,316
124,111
155,32
31,295
204,102
83,249
140,267
108,151
36,257
112,210
41,263
39,308
120,114
67,224
188,142
206,96
171,78
135,92
176,19
175,69
87,338
92,338
146,256
57,171
25,287
138,83
122,60
174,184
31,209
194,20
21,262
135,183
83,254
108,142
220,61
116,126
157,119
59,291
99,111
45,215
191,136
30,181
175,66
96,337
78,161
43,314
106,157
205,98
61,168
26,257
139,169
144,257
184,152
21,197
27,290
68,224
171,188
49,322
51,217
129,298
165,97
59,169
132,289
75,297
209,88
180,164
163,36
132,71
117,122
168,200
208,47
135,75
75,228
124,309
55,218
66,167
139,167
180,163
37,177
186,150
43,214
138,277
69,224
200,38
130,100
152,137
25,189
188,146
176,63
50,322
31,181
21,282
210,88
63,334
198,116
163,210
146,153
167,38
45,315
105,80
169,89
81,239
85,282
58,169
210,83
29,291
51,279
186,152
122,317
96,133
170,193
97,122
149,246
172,185
159,118
40,177
40,262
155,128
162,210
110,132
164,210
168,21
22,261
118,324
196,24
218,45
74,163
149,142
35,212
57,218
153,129
154,234
177,59
130,294
95,338
61,222
136,86
120,59
101,103
192,19
85,157
39,177
62,167
192,130
124,63
161,35
134,286
105,75
216,66
222,56
133,94
118,121
177,60
112,130
83,259
101,96
173,72
19,264
161,36
218,63
128,299
37,303
130,67
146,253
149,144
152,236
151,140
105,76
70,297
150,241
155,230
177,53
33,296
108,190
163,102
80,338
83,264
101,105
158,224
108,205
164,207
19,273
67,166
145,155
200,112
103,91
219,45
129,197
108,181
53,281
136,75
83,273
34,256
126,106
108,196
19,278
147,150
208,88
196,124
52,281
145,156
153,236
118,211
50,275
30,255
197,27
38,304
222,45
133,73
134,73
108,172
109,58
58,290
83,278
108,195
181,19
196,123
128,304
25,258
116,325
64,296
215,47
108,171
153,23
83,287
143,163
54,282
99,114
56,287
95,134
79,233
133,187
89,151
108,162
202,43
153,24
83,292
158,220
54,285
182,157
171,83
67,335
200,108
95,143
81,159
30,208
125,206
204,104
63,295
140,269
89,152
108,153
198,31
19,197
223,45
121,211
174,71
47,319
148,147
131,189
174,182
31,294
36,179
204,103
83,248
108,144
53,326
36,258
19,202
112,211
120,115
157,125
23,259
23,206
99,105
188,143
206,97
175,68
201,108
57,170
25,286
122,61
194,21
31,208
158,23
41,177
21,261
135,182
108,143
220,62
166,38
107,65
141,167
99,110
45,214
84,282
32,181
110,57
55,285
96,338
175,50
106,154
61,167
139,168
195,23
144,258
184,153
20,202
21,196
224,48
133,288
51,171
168,194
49,321
51,216
165,96
115,55
132,290
82,340
21,279
159,34
180,165
107,63
73,227
129,100
25,187
104,81
71,226
194,126
124,310
123,61
198,114
186,151
22,204
167,91
78,338
138,274
67,223
73,228
200,39
22,191
167,40
25,188
47,173
76,230
169,87
21,281
43,177
83,157
198,117
168,40
171,21
87,153
42,266
27,185
45,314
172,44
169,88
81,238
82,244
127,201
79,161
48,320
29,290
27,257
118,322
122,314
35,302
97,121
136,278
172,186
159,113
40,263
43,175
136,80
65,222
212,80
213,78
162,211
110,133
202,106
183,156
203,104
22,282
49,216
196,25
149,141
27,183
190,140
222,54
154,235
177,58
130,295
61,221
136,87
101,102
85,156
206,46
192,131
66,334
161,34
134,287
105,74
216,67
153,137
177,51
112,131
41,310
83,258
173,71
19,267
50,216
128,300
37,302
152,237
103,93
129,195
150,246
152,28
134,92
82,293
177,52
108,191
163,105
83,267
101,104
158,225
108,206
19,272
145,154
200,113
115,126
103,90
162,21
129,196
108,182
136,76
83,272
210,47
191,19
156,23
34,257
126,107
108,197
147,153
208,89
48,173
148,248
169,21
103,83
128,100
78,232
178,172
108,173
109,57
58,291
83,281
111,209
24,286
101,336
20,263
25,257
116,326
64,297
31,255
71,163
26,288
65,334
215,46
108,164
113,55
114,328
83,286
48,273
104,334
143,162
91,149
54,283
113,128
99,117
142,163
214,76
127,304
79,232
133,186
173,19
108,163
47,320
158,221
34,298
161,111
171,82
102,336
67,334
86,340
200,109
95,142
64,295
216,45
125,205
151,25
140,270
89,338
108,154
198,28
189,140
23,261
121,210
47,318
131,188
138,86
174,183
175,47
179,168
77,163
137,278
83,251
126,63
53,325
36,259
108,145
20,197
111,132
42,214
120,116
157,124
175,71
57,169
81,339
118,55
138,81
135,177
212,47
90,338
113,211
115,326
141,166
107,64
23,283
132,292
81,340
28,290
106,155
101,95
121,318
139,171
72,299
144,259
184,154
21,195
224,49
134,183
168,195
49,320
132,291
99,336
124,312
75,299
21,278
72,338
180,166
54,326
198,120
21,204
167,93
26,185
73,226
200,33
112,328
25,186
75,230
81,243
194,127
124,311
160,34
198,115
186,148
167,90
132,72
45,175
138,275
67,222
143,157
200,40
130,98
34,179
169,86
81,244
100,336
29,183
195,124
21,280
43,176
210,86
46,272
107,159
36,302
97,133
171,20
49,173
113,328
42,267
81,295
27,184
32,210
77,232
81,237
154,230
172,188
190,18
33,181
142,266
127,200
111,57
183,17
27,256
118,323
49,275
122,315
145,256
164,36
190,138
97,120
136,279
172,187
160,216
136,81
212,81
110,138
93,338
182,162
202,107
46,216
196,26
166,204
155,125
222,55
153,135
154,232
177,57
130,292
61,220
136,88
101,101
173,77
85,155
68,165
125,308
24,259
206,47
79,295
192,132
70,165
206,94
134,284
84,340
105,73
216,68
153,136
122,114
176,172
160,214
177,50
112,132
41,309
83,261
178,19
19,266
47,216
126,308
128,301
169,42
152,238
103,92
129,194
38,260
134,93
118,118
173,46
108,184
163,104
83,266
48,216
63,222
108,207
19,275
147,147
117,55
200,114
145,153
62,294
85,340
50,278
103,85
108,183
109,63
136,77
83,275
66,297
126,104
108,198
147,152
76,338
208,90
165,95
148,249
103,82
71,165
128,101
133,183
108,174
58,288
83,280
51,323
93,143
73,163
175,19
214,74
162,36
57,330
108,165
83,289
48,274
91,148
127,104
23,189
99,116
86,338
120,318
119,211
158,32
214,77
80,161
79,235
133,185
140,272
202,41
168,89
153,30
156,125
161,110
200,110
20,278
95,137
137,86
125,204
58,330
83,245
140,271
198,29
19,199
41,214
224,45
217,66
23,260
121,209
35,257
131,191
174,180
175,46
128,65
77,162
83,250
108,146
53,324
39,305
120,117
157,123
93,147
23,285
99,107
84,285
175,70
53,171
81,338
122,59
194,19
31,210
54,218
65,297
220,56
188,17
171,43
121,114
107,67
141,165
218,66
161,113
23,282
165,101
101,94
139,170
160,21
144,260
184,155
21,194
224,50
166,95
51,173
168,196
100,105
51,218
124,313
75,298
217,45
180,167
21,203
167,92
200,34
112,329
25,185
123,209
75,338
80,236
81,242
194,124
126,201
127,197
46,270
156,32
159,21
186,149
97,131
132,73
138,272
138,173
200,41
130,99
59,331
47,175
176,50
52,218
204,45
169,85
29,182
33,179
106,334
35,179
210,87
83,159
46,273
97,132
87,155
109,138
42,264
81,294
173,184
35,299
77,231
81,236
154,231
190,19
155,31
33,180
111,56
44,314
162,214
166,202
190,139
56,171
97,127
136,280
160,217
159,115
130,298
120,55
212,82
127,65
202,104
196,27
186,17
134,282
105,71
222,52
153,134
154,233
177,56
180,19
71,337
130,293
136,89
101,100
173,76
61,332
192,133
126,306
170,190
206,95
134,285
105,72
216,69
214,47
176,173
160,215
41,308
83,260
19,269
128,302
169,41
152,239
151,137
32,255
128,104
55,327
38,261
129,193
150,244
118,119
173,45
108,185
163,107
58,287
65,167
83,269
108,200
19,274
115,211
62,295
50,279
103,84
165,38
60,220
156,226
108,176
109,62
136,78
83,274
126,105
108,199
109,207
24,206
208,91
194,130
174,46
30,292
148,250
71,164
128,102
110,332
178,170
108,175
58,289
44,268
51,322
42,310
69,165
214,75
57,329
135,282
108,166
198,32
39,261
114,326
44,267
83,288
48,275
91,151
54,281
99,119
86,339
128,197
120,319
184,17
131,193
79,234
133,184
198,27
71,299
132,96
153,29
161,109
124,108
141,266
200,111
95,136
174,178
125,203
151,27
83,244
108,148
110,208
19,198
41,213
187,146
224,46
164,21
171,77
211,82
131,190
138,84
174,181
128,66
77,161
204,98
83,253
137,175
108,147
21,191
39,304
120,118
157,122
56,328
93,146
23,284
99,106
175,65
125,108
43,313
106,158
31,296
185,152
135,179
108,138
220,57
131,69
116,122
171,42
27,289
107,66
108,332
141,164
161,112
165,100
175,63
83,340
101,93
139,173
144,261
184,156
21,193
51,172
168,197
124,112
43,311
124,314
21,202
114,211
167,95
138,278
109,332
200,35
112,330
42,263
169,194
123,208
169,83
81,241
194,125
177,19
132,187
63,333
46,271
175,178
186,146
97,130
138,273
143,159
59,330
47,174
32,296
94,143
169,84
29,181
85,285
78,297
210,84
83,158
126,64
122,318
87,154
42,265
170,194
81,293
189,17
35,298
77,230
155,30
159,117
107,332
70,336
142,264
183,19
192,136
161,21
37,304
166,203
134,288
190,136
35,211
222,50
97,126
209,47
136,281
155,23
176,176
68,297
160,218
159,114
120,56
110,136
182,160
202,105
174,19
140,167
116,211
134,283
155,127
105,70
222,53
97,119
153,133
118,122
177,63
71,336
136,90
101,99
173,75
19,263
206,45
192,134
126,307
146,254
130,68
149,147
170,191
105,79
216,70
70,298
201,41
112,55
38,259
150,242
122,112
176,174
163,101
205,45
83,263
143,262
164,204
19,268
67,165
47,273
52,279
128,303
169,40
152,240
172,19
55,326
59,220
150,245
173,44
156,228
108,186
163,106
166,21
83,268
108,201
19,277
147,149
148,252
50,276
103,87
33,255
110,330
165,37
134,74
156,227
123,112
108,177
109,61
136,79
83,277
46,316
108,192
165,204
208,92
121,59
193,19
196,120
76,163
148,251
45,269
125,63
128,103
187,17
178,171
108,168
223,50
44,269
83,282
99,113
95,133
81,161
211,47
214,72
57,328
79,236
108,167
198,33
202,44
114,327
83,291
52,324
161,107
91,150
182,158
167,21
23,191
99,118
197,120
120,320
131,192
220,45
132,97
153,28
105,334
161,108
124,109
95,139
28,208
174,179
31,293
125,202
215,72
204,100
151,26
83,247
108,149
110,209
19,201
41,212
224,47
88,153
160,113
23,205
188,140
206,98
102,334
164,101
138,85
194,22
128,67
204,99
135,181
83,252
137,174
86,155
108,140
39,307
116,124
157,121
93,145
99,109
172,77
154,23
28,183
175,64
43,312
29,208
175,49
106,159
53,218
135,178
108,139
220,58
132,94
80,295
116,123
27,288
107,69
90,151
141,163
218,64
154,30
122,209
92,147
165,99
154,129
82,159
136,177
139,172
159,33
144,262
185,17
21,192
132,69
168,198
179,19
71,225
55,171
43,310
36,212
102,93
37,179
167,94
200,36
188,144
165,21
81,240
127,199
63,332
159,23
180,168
73,338
198,118
94,338
186,147
97,129
143,158
60,292
85,284
158,119
106,332
142,262
37,212
64,222
210,85
212,78
126,65
196,23
60,332
35,301
60,291
190,17
159,116
142,265
183,18
116,55
63,167
144,157
162,212
199,114
110,134
164,208
79,338
129,67
166,200
190,137
33,210
35,210
108,63
222,51
97,125
153,131
136,282
154,236
176,177
160,219
130,296
60,169
120,57
110,137
182,161
76,297
124,61
25,288
155,126
105,69
43,267
153,132
177,62
112,128
136,91
83,257
101,98
173,74
72,163
97,336
119,322
192,135
126,304
146,255
130,69
114,126
167,200
170,188
149,146
117,211
28,255
105,78
216,71
34,210
70,299
55,328
58,220
98,119
150,243
152,25
122,113
176,175
33,298
177,55
108,188
39,212
83,262
158,226
164,205
19,271
79,297
147,252
148,246
151,139
207,94
103,89
156,229
161,214
108,187
83,271
108,202
19,276
147,148
98,336
44,175
56,218
62,293
50,277
103,86
110,331
165,36
150,141
134,75
64,334
119,118
108,178
109,60
83,276
69,297
108,193
208,93
194,128
196,121
34,255
75,163
130,193
137,177
178,168
215,45
108,169
114,128
131,98
83,285
51,324
143,161
77,338
25,207
99,112
27,255
56,285
81,160
124,207
214,73
219,62
108,160
202,45
83,290
158,222
182,159
23,190
25,208
171,81
95,141
120,321
170,42
151,28
108,159
110,207
132,98
