142,63
8,63
169,12
37,13
113,84
87,13
198,16
220,37
166,41
223,40
249,24
31,15
89,12
154,13
231,41
93,8
133,7
83,14
145,12
20,82
241,16
120,9
74,13
55,125
142,9
199,40
38,110
43,113
104,97
68,15
231,38
5,53
44,16
9,50
105,6
12,41
184,40
35,105
185,15
84,109
213,20
68,118
236,42
44,15
26,85
9,59
155,52
12,32
103,97
69,17
219,19
102,91
156,45
160,40
63,19
161,15
164,12
39,106
44,119
103,9
72,120
147,61
26,92
229,14
151,57
244,16
159,41
163,42
96,7
136,8
85,107
89,104
164,11
75,13
103,6
140,12
73,119
152,55
177,17
151,54
181,37
146,9
168,38
25,22
121,10
32,96
18,79
204,40
97,98
17,30
230,17
242,12
213,40
196,16
90,104
218,37
97,10
172,41
125,7
15,73
17,23
91,8
94,7
10,62
32,15
142,68
33,96
161,43
21,84
189,40
29,20
214,16
15,33
165,15
98,98
109,87
148,56
23,22
81,107
153,51
192,18
206,40
82,10
161,44
130,75
243,37
137,11
145,59
94,102
9,65
66,18
234,38
116,6
81,108
101,97
49,123
70,14
245,28
182,40
54,22
42,115
248,14
141,8
24,84
45,119
18,27
7,63
57,125
172,13
214,37
197,19
222,37
61,121
62,121
10,67
88,9
237,13
20,24
42,13
205,36
102,99
13,71
70,120
57,21
28,95
139,68
157,50
107,5
144,9
51,23
37,104
41,109
133,74
67,119
25,84
210,40
149,59
7,45
154,54
157,11
125,76
147,13
211,40
119,78
146,62
121,81
230,38
31,19
235,41
71,120
154,49
104,6
115,83
246,17
19,76
112,85
187,40
212,16
215,37
146,57
223,37
106,91
75,114
40,16
132,11
11,36
124,80
46,117
34,14
17,78
108,9
20,77
27,21
30,98
249,22
167,12
228,14
16,32
47,118
158,47
15,25
17,71
87,12
102,6
139,8
249,31
178,37
99,102
154,10
125,80
150,54
229,18
51,120
20,83
24,22
119,82
35,99
59,121
23,87
50,19
38,111
80,108
43,112
16,30
130,10
5,52
9,49
12,42
96,10
99,7
208,40
68,119
207,17
9,58
138,69
12,33
52,120
156,46
160,41
217,40
35,17
28,16
196,36
161,14
225,41
147,60
123,77
158,11
205,20
151,56
81,14
84,13
31,93
40,107
132,78
223,15
193,40
72,17
75,12
221,37
167,41
228,41
12,64
73,118
152,56
27,94
66,15
47,19
122,80
76,116
59,20
134,11
116,82
25,21
121,9
167,38
69,122
143,9
236,16
93,100
27,87
17,29
6,57
114,83
39,16
208,20
125,6
123,80
91,11
77,116
6,48
142,69
35,13
157,45
33,103
21,83
186,18
29,19
15,32
162,11
152,13
109,86
241,38
42,17
153,50
192,19
10,38
82,11
72,13
243,36
214,40
145,58
94,103
239,16
79,12
9,64
66,19
101,96
49,122
60,17
139,73
182,41
78,110
211,20
194,36
42,112
187,15
248,15
82,106
7,62
231,17
124,77
22,84
79,109
246,13
103,91
37,110
239,38
173,41
234,41
113,6
20,25
224,15
13,70
70,121
242,40
28,88
157,49
231,14
58,125
158,48
51,22
98,7
101,10
25,91
106,86
149,58
7,44
228,18
179,37
147,12
88,105
16,75
37,16
187,18
170,38
244,33
66,119
123,10
31,18
218,19
240,12
246,22
216,37
143,65
184,14
111,6
244,40
62,19
247,13
212,17
34,103
198,36
92,100
191,15
107,90
75,117
129,7
17,77
113,81
27,20
173,13
30,99
160,14
234,13
163,11
220,40
96,102
249,21
14,72
89,9
142,61
235,38
167,15
228,15
46,18
58,17
204,16
80,14
145,9
128,79
52,19
249,30
139,11
46,21
16,24
51,123
148,9
166,38
223,19
23,86
8,64
171,41
232,41
80,109
63,124
16,31
182,17
5,51
9,48
137,75
118,9
244,12
35,107
99,6
85,103
124,6
235,13
40,13
39,111
203,36
135,77
11,67
143,61
9,57
137,76
103,99
52,121
170,12
163,39
109,9
131,78
188,37
64,123
191,40
28,17
89,101
14,36
238,13
44,113
135,74
90,12
240,38
22,23
27,88
141,65
146,12
40,108
213,36
90,100
104,88
12,65
47,18
122,81
15,69
76,117
134,8
192,15
106,6
149,10
116,83
104,95
105,87
69,121
144,64
236,17
19,22
93,99
17,28
202,16
45,17
156,52
13,40
129,79
238,38
114,80
246,38
105,88
112,6
239,13
226,18
15,75
77,115
6,49
81,112
10,60
156,51
230,14
126,79
220,16
29,97
157,44
33,102
238,41
130,78
221,15
100,10
176,37
145,64
30,19
180,17
241,37
10,39
156,10
127,76
85,13
72,14
48,23
73,17
201,36
79,15
209,36
229,41
20,20
111,85
131,11
10,46
107,9
186,37
78,111
26,17
172,16
197,40
111,82
82,107
178,13
57,18
149,55
54,124
110,9
22,85
83,105
103,90
37,109
141,63
136,76
120,81
50,123
203,20
242,41
28,89
140,72
14,28
221,19
83,110
86,9
158,49
219,37
101,9
30,15
87,106
234,17
25,90
153,13
121,78
200,16
95,11
132,7
140,71
79,114
246,28
175,16
88,106
16,76
162,39
73,13
165,42
244,34
49,20
126,10
91,100
67,15
21,23
11,33
218,16
240,13
61,17
246,23
184,15
62,16
190,37
13,31
202,40
249,19
114,9
43,15
206,20
150,58
12,63
158,42
113,80
170,41
64,16
227,41
249,20
14,73
89,8
95,102
80,112
80,15
83,10
15,27
170,16
195,40
40,113
23,88
249,29
38,106
8,41
16,25
44,20
47,121
35,101
223,18
23,81
245,33
191,37
142,12
39,113
189,15
100,97
201,20
240,41
5,50
44,19
9,55
155,48
101,95
217,37
35,106
84,104
232,17
14,34
161,11
127,10
110,86
75,16
135,76
228,37
179,14
72,116
143,60
147,57
41,17
226,15
9,56
103,98
56,125
81,11
102,94
30,92
141,71
159,45
126,80
60,121
171,38
64,124
14,37
53,22
164,15
44,114
65,19
69,118
73,115
22,20
152,51
26,91
155,14
138,74
216,16
59,17
31,95
141,64
159,42
40,109
25,18
136,11
65,123
121,6
85,104
90,101
144,59
199,16
200,40
104,89
73,116
112,9
15,68
168,41
149,9
242,16
28,96
18,74
21,79
105,86
233,41
144,65
19,25
190,18
108,84
56,18
45,16
119,9
13,39
185,40
171,13
196,19
129,78
105,95
41,13
98,102
15,74
108,83
237,38
148,60
10,61
119,6
106,9
126,76
206,36
82,14
29,96
174,13
157,43
161,40
150,10
189,37
15,34
36,101
165,12
76,12
30,16
148,59
23,19
10,36
101,101
156,11
159,14
217,19
127,79
60,20
245,16
164,42
150,13
137,8
211,17
73,16
36,108
54,18
226,37
141,12
20,21
131,10
10,47
67,18
53,124
57,121
122,10
36,107
101,6
205,40
45,116
18,22
57,17
168,12
149,54
54,125
175,13
233,14
51,19
197,16
37,108
222,40
98,10
133,78
62,124
88,12
191,18
50,120
74,114
92,8
28,90
174,41
140,73
14,29
144,12
147,9
240,16
246,26
211,36
239,41
222,19
244,36
151,13
248,31
177,37
215,16
198,40
77,15
25,89
121,77
70,118
181,17
95,10
7,46
154,53
11,43
115,79
207,40
194,15
16,77
112,81
151,10
244,35
212,20
91,103
146,61
55,21
230,37
235,42
71,117
104,9
61,16
246,20
143,67
19,81
183,40
27,17
118,82
13,30
55,18
249,18
114,6
43,14
58,20
169,15
243,16
46,120
158,43
111,9
30,97
52,22
166,42
249,27
178,41
107,85
21,24
80,113
99,98
154,14
93,11
83,13
15,26
222,15
24,18
120,6
87,9
40,114
245,39
249,28
50,23
235,17
127,7
203,40
8,42
65,15
194,19
184,37
192,37
212,40
195,16
31,99
35,100
55,121
245,32
199,36
39,112
43,117
100,98
176,13
5,49
26,86
9,54
52,124
180,41
101,94
131,75
188,40
28,20
84,105
32,95
213,16
14,35
11,69
179,17
236,38
147,56
41,16
118,6
122,77
34,17
30,93
160,44
141,70
38,13
116,79
48,118
152,52
138,75
47,23
158,14
151,53
31,94
144,60
18,80
199,19
140,8
9,41
230,18
32,100
21,78
186,15
189,18
100,6
176,41
125,10
204,36
97,102
241,41
6,60
13,38
117,82
171,12
245,13
232,14
39,13
22,79
105,94
233,17
162,15
209,40
229,37
91,12
94,11
35,14
218,40
97,7
29,16
214,20
197,36
36,102
94,99
109,83
6,46
81,111
153,55
10,37
101,100
245,31
194,40
145,63
54,19
42,116
113,9
82,110
18,28
139,74
22,80
169,41
61,124
190,15
128,7
237,16
24,88
42,14
116,9
45,115
18,23
181,14
95,7
139,67
14,27
79,110
165,38
133,77
209,20
118,78
173,38
247,35
86,103
91,104
166,15
153,10
227,15
74,115
157,14
246,27
88,101
248,32
66,123
67,123
215,19
202,36
210,36
106,85
129,10
43,19
154,50
29,92
11,42
140,65
246,18
19,75
215,40
146,58
106,92
71,116
75,113
11,35
33,18
246,21
216,40
16,69
17,73
143,66
19,80
247,14
13,29
34,98
92,103
249,17
14,68
75,118
58,21
204,20
155,47
46,121
47,117
108,5
128,75
187,37
192,40
210,17
249,26
107,84
99,101
46,17
176,16
175,41
148,13
24,19
119,81
224,37
245,38
139,12
50,20
38,104
8,43
5,55
137,71
194,16
51,124
195,19
38,16
59,125
188,18
124,10
43,116
63,121
48,121
133,11
26,87
9,53
137,72
138,70
207,20
105,9
241,12
185,18
60,124
44,117
11,68
22,19
5,57
102,92
160,45
159,47
238,16
221,40
48,119
12,69
68,122
9,39
27,93
47,22
205,16
151,52
132,74
117,79
78,15
233,38
143,12
93,103
115,6
9,40
69,14
17,24
202,20
76,112
6,58
45,21
106,5
185,37
193,37
32,101
129,75
21,77
114,84
208,17
177,13
180,14
148,55
13,37
142,70
181,41
245,12
33,98
164,38
172,38
246,37
105,93
41,115
152,10
94,8
77,112
42,18
227,18
10,59
156,14
70,17
220,19
36,16
48,19
122,6
36,103
109,82
128,10
131,7
6,47
153,54
245,30
85,10
243,40
26,21
145,62
86,106
24,82
82,111
10,45
32,18
178,17
7,61
135,8
110,5
22,81
78,114
12,31
219,40
247,37
177,41
24,89
136,72
45,114
49,119
203,16
11,63
33,14
36,13
207,36
83,106
41,111
134,74
118,79
173,37
247,34
166,12
102,100
230,41
13,66
193,19
58,121
221,16
246,24
88,102
162,43
134,77
248,33
66,120
67,122
87,103
43,18
29,91
11,45
140,66
179,41
246,19
143,68
19,74
111,5
138,11
34,104
188,15
249,15
14,66
107,89
21,20
206,16
11,34
33,17
16,70
17,72
184,18
190,40
173,16
160,11
234,14
34,99
96,99
224,40
227,37
102,9
249,16
142,62
225,15
117,9
80,11
150,57
155,46
128,76
212,36
195,36
198,19
163,15
64,19
249,25
95,99
46,22
176,17
180,37
20,81
31,100
232,38
142,8
38,105
8,44
100,101
104,96
68,14
201,16
182,18
5,54
9,51
12,40
23,82
84,108
110,82
225,18
63,120
48,122
130,7
9,52
155,53
138,71
69,18
56,121
219,16
183,14
60,125
99,10
64,120
63,16
110,85
39,107
44,118
135,73
72,119
5,56
155,10
102,93
159,46
109,5
163,43
85,108
89,105
53,19
200,36
199,20
208,36
12,70
90,8
27,92
216,19
84,10
149,13
132,75
171,16
65,120
196,40
18,78
78,12
225,37
19,21
97,99
115,9
9,47
108,88
76,113
6,59
45,20
193,36
32,102
18,73
236,13
19,26
108,87
56,21
237,42
183,18
134,7
32,14
33,97
164,39
238,42
105,92
76,16
41,114
77,111
23,23
174,16
36,17
48,20
76,15
226,41
9,66
159,11
217,16
245,29
193,15
85,9
169,38
26,18
201,40
37,103
79,11
86,107
111,81
24,83
45,120
178,14
18,26
7,60
135,11
53,121
54,121
22,86
78,115
103,89
214,36
209,17
10,66
247,36
136,73
120,78
13,72
74,118
168,15
28,94
174,37
11,62
139,69
157,51
182,37
186,40
169,16
83,109
41,110
215,20
25,85
50,119
13,65
92,11
242,37
125,77
71,17
79,113
246,25
86,13
162,40
42,111
244,39
248,34
49,23
87,102
126,7
77,12
64,15
70,117
200,20
117,6
154,48
29,90
11,44
140,67
71,14
115,80
61,20
246,16
112,84
138,8
34,105
74,16
55,22
224,18
106,90
14,67
107,88
206,17
68,18
182,14
243,12
46,116
175,37
16,71
20,76
183,37
62,20
123,6
224,41
210,20
249,23
