488,67
234,158
346,33
282,127
303,104
431,39
90,42
471,76
147,33
439,39
243,21
433,74
73,35
291,116
365,37
316,84
155,222
449,74
341,76
89,227
294,114
427,72
87,226
159,218
73,202
91,231
168,210
353,74
369,74
318,29
229,19
287,120
19,96
37,54
294,26
296,112
138,37
89,228
362,74
236,156
492,54
300,27
253,21
66,37
104,240
434,74
19,105
280,134
45,47
427,41
195,21
412,72
182,200
428,72
51,169
328,76
492,45
93,233
97,238
354,74
154,31
192,198
344,76
244,154
390,39
219,19
19,110
37,56
49,45
326,78
39,149
431,74
492,36
116,242
325,31
174,204
105,240
397,72
319,29
413,72
452,37
110,242
247,154
329,76
492,35
297,27
278,23
121,242
47,163
372,37
35,143
291,25
256,21
20,118
358,35
74,33
242,21
481,33
82,33
49,168
67,194
489,33
51,45
344,33
165,29
128,39
55,41
153,33
338,31
87,39
159,31
139,35
208,19
122,242
303,27
101,238
343,33
41,153
204,182
206,182
351,33
67,35
284,126
38,53
285,25
103,45
322,30
81,218
64,190
29,133
47,47
250,153
267,23
417,41
168,27
188,198
463,76
69,197
293,114
21,93
167,210
465,35
490,61
218,166
202,188
43,155
285,122
288,119
420,41
386,73
63,37
361,74
219,164
310,29
27,131
119,242
274,143
151,226
82,218
273,144
60,184
251,152
395,72
456,74
117,42
482,76
411,72
450,37
141,234
39,53
248,21
376,74
25,83
346,74
29,71
216,167
97,47
80,33
83,221
234,19
25,84
226,162
139,236
396,72
389,39
264,149
445,74
461,74
389,72
201,194
311,29
132,238
398,41
319,82
341,33
144,232
200,21
381,74
349,33
44,158
302,105
21,122
283,25
109,45
224,19
277,23
253,152
53,43
91,232
210,173
470,76
312,90
286,121
454,37
202,194
330,31
306,100
37,148
278,134
46,162
488,68
145,232
366,37
374,37
90,43
77,212
426,41
73,34
316,85
101,47
89,226
91,230
92,232
492,56
53,174
182,25
35,146
308,28
290,118
19,99
37,53
402,41
294,27
23,87
236,157
492,55
354,35
27,75
266,23
362,35
308,27
19,104
447,37
455,37
260,21
213,19
51,168
328,77
492,46
93,232
97,237
290,25
367,37
375,37
19,113
387,72
474,76
185,23
39,148
77,33
272,23
492,37
263,150
339,33
347,33
174,205
19,118
131,39
61,186
26,130
440,74
47,162
149,228
35,142
422,72
388,72
282,128
483,74
469,35
70,35
108,242
437,74
142,234
453,74
127,39
51,44
357,74
88,39
183,23
441,39
424,41
204,184
153,32
373,74
31,67
254,152
113,242
115,242
68,196
124,41
94,234
242,156
55,176
59,181
190,23
407,72
41,152
204,183
423,72
484,74
400,41
95,47
187,198
462,76
339,76
478,76
322,31
71,199
81,217
29,132
47,46
490,66
25,127
316,29
114,242
136,37
69,196
453,37
21,92
213,170
490,58
364,74
202,189
251,21
288,25
43,154
64,37
373,37
392,39
35,59
257,21
481,76
75,33
27,130
162,29
345,33
237,19
24,85
134,238
156,31
117,41
211,172
39,52
478,33
215,168
277,138
25,82
138,236
346,75
327,31
203,21
60,39
282,25
29,70
216,168
21,119
83,220
398,39
276,138
299,27
430,41
264,150
463,35
325,78
74,206
146,230
132,239
262,21
173,27
249,154
163,29
435,39
406,41
269,148
218,19
130,39
21,121
421,41
486,74
33,142
414,72
31,138
158,220
312,91
338,76
306,101
37,147
278,135
406,72
249,21
488,69
230,160
399,72
147,35
384,74
77,211
357,35
269,23
415,72
73,33
81,33
316,86
180,200
294,112
23,89
489,66
96,236
283,126
53,173
194,21
308,29
19,98
347,74
476,33
363,74
146,35
223,19
23,86
188,23
302,27
236,158
399,41
492,48
201,21
418,72
57,179
480,76
280,25
448,37
86,38
473,35
19,107
106,45
181,200
473,76
295,112
33,65
328,78
492,47
97,236
55,175
57,180
322,80
254,21
19,112
348,74
103,240
39,151
492,38
47,164
412,41
419,41
205,19
61,185
444,39
370,37
23,125
212,170
194,198
27,81
126,242
183,25
296,110
282,129
31,69
242,19
281,130
67,196
107,45
161,31
88,40
468,76
55,43
204,185
116,43
63,187
31,66
162,216
255,21
92,44
164,212
62,186
45,162
49,167
139,37
239,156
166,212
332,31
170,206
261,21
233,19
71,201
59,180
154,224
382,74
206,180
67,37
395,39
92,43
309,96
474,33
304,27
148,228
103,47
71,198
56,176
275,142
80,214
81,216
150,228
107,242
416,72
469,76
398,72
25,126
165,212
432,39
21,91
22,91
425,72
248,154
490,59
218,164
239,19
43,157
133,238
320,80
35,58
310,96
63,39
28,75
262,150
112,43
417,72
385,39
137,236
289,118
425,41
482,74
410,72
267,148
472,76
426,72
176,202
125,41
274,23
276,140
25,81
321,80
438,39
203,20
42,154
29,69
72,35
401,41
221,19
21,118
133,39
335,31
301,108
203,188
276,139
226,160
353,35
317,29
228,19
48,164
361,35
307,27
146,231
137,37
220,164
439,74
84,222
455,74
222,164
278,138
158,218
289,25
65,37
210,176
359,74
21,120
44,47
375,74
175,25
33,141
337,76
153,31
271,23
312,92
202,192
315,86
479,33
141,35
37,146
210,19
488,70
324,31
310,94
90,41
308,96
147,34
77,210
451,37
69,35
180,201
296,27
294,113
23,88
228,160
430,74
371,37
446,74
431,41
53,172
408,72
394,39
290,116
19,101
294,25
424,72
170,27
280,130
123,41
366,74
259,150
492,49
111,242
57,178
332,76
407,41
27,77
337,31
158,31
86,39
473,34
19,106
447,39
33,64
51,170
492,40
278,24
393,72
55,174
207,19
409,72
19,115
94,46
458,74
243,154
79,213
39,150
212,172
492,39
46,47
193,198
378,74
95,235
333,76
172,206
101,240
196,196
54,174
111,43
61,184
327,78
23,124
464,35
300,108
212,171
117,242
394,72
27,80
437,39
183,24
296,111
63,189
31,68
309,29
313,90
477,33
214,170
161,30
142,232
487,72
166,210
318,84
237,156
384,37
102,240
88,41
124,242
34,61
197,196
55,42
311,92
204,186
206,178
281,25
63,186
449,37
231,158
92,45
164,213
351,74
336,76
45,161
49,166
139,36
242,154
170,207
460,37
118,242
71,200
59,183
150,226
226,19
160,216
206,181
462,35
84,36
67,36
380,37
96,47
314,90
230,158
143,232
148,229
152,224
103,46
322,29
129,240
270,148
490,64
352,33
388,39
192,21
84,35
413,41
217,19
240,156
30,136
490,56
218,165
161,216
180,25
43,156
320,81
35,61
189,198
63,38
104,45
153,224
27,132
50,168
286,25
130,240
276,23
52,43
199,196
191,21
482,75
29,75
231,19
329,31
176,203
125,40
36,146
392,72
276,141
441,74
265,148
457,74
207,178
475,33
368,37
133,38
100,47
145,35
222,19
83,222
377,74
222,162
226,161
298,110
33,139
458,37
136,236
442,74
158,219
420,72
167,27
265,23
302,108
378,37
75,207
41,51
485,74
486,72
33,140
259,21
154,222
448,74
212,19
179,202
208,176
72,202
411,41
368,74
122,41
397,39
184,23
202,193
405,72
467,76
488,71
87,225
310,95
421,72
414,41
308,97
110,45
77,209
19,95
241,19
156,220
434,39
180,202
23,91
263,23
32,65
73,206
314,29
431,40
53,171
54,43
115,43
468,35
290,117
19,100
280,131
126,39
492,50
33,63
57,177
440,39
27,76
91,43
271,146
19,109
382,37
473,33
134,37
157,220
447,38
39,152
492,41
278,25
120,242
26,81
171,206
19,114
111,45
94,47
42,49
79,212
244,21
299,108
238,19
95,234
315,29
82,34
67,193
304,104
25,130
318,82
194,196
272,144
59,184
100,238
301,27
126,240
59,41
204,188
63,188
120,41
338,32
256,152
383,37
135,37
196,21
161,29
142,233
166,211
403,72
236,19
419,72
384,38
404,41
155,31
184,200
257,150
58,180
204,187
206,179
391,39
162,214
109,242
164,214
385,74
45,160
49,165
50,45
304,102
292,114
242,155
343,76
59,182
150,227
225,162
466,76
29,136
250,154
160,217
270,146
127,240
326,31
59,39
227,19
84,37
284,122
256,150
230,159
360,74
324,80
148,230
404,72
152,225
490,62
490,65
185,200
186,198
352,34
432,74
178,25
386,74
172,27
123,242
490,57
274,144
352,74
81,215
429,74
252,152
198,196
166,29
320,82
35,60
129,39
349,74
365,74
209,19
186,200
89,41
29,74
128,240
255,152
93,45
364,36
460,74
176,204
125,39
200,194
461,37
491,56
331,76
276,142
135,238
380,74
356,35
268,23
34,142
381,37
364,35
75,208
169,27
297,110
133,37
223,162
215,19
222,163
410,41
167,29
190,198
193,21
302,106
118,41
33,138
187,23
136,237
486,33
278,136
86,224
181,25
206,19
210,174
472,35
36,57
75,206
76,208
41,50
22,124
150,33
246,21
105,45
175,27
268,148
286,122
486,73
154,223
85,223
88,226
287,25
208,177
78,33
176,25
471,35
98,47
320,29
488,72
87,224
91,229
310,92
168,208
335,76
143,35
308,98
77,208
204,19
443,39
323,80
35,145
369,37
422,41
156,221
306,27
198,21
23,90
73,205
492,52
53,170
19,103
20,95
280,132
247,21
160,31
492,51
169,208
225,19
477,76
33,62
57,176
27,79
86,37
19,108
78,212
331,31
66,192
232,19
492,42
114,43
408,41
28,132
58,41
95,236
443,74
83,35
174,206
105,242
19,117
111,44
459,74
261,150
102,47
391,72
484,33
452,74
199,21
492,33
170,208
379,74
179,25
99,238
415,41
148,33
372,74
30,69
456,37
112,242
23,126
82,35
67,192
217,166
25,129
260,150
318,83
194,197
51,43
272,145
444,74
376,37
106,242
126,241
59,40
62,39
338,33
230,19
163,214
314,86
233,158
214,168
292,116
342,76
384,39
465,76
284,124
162,215
45,159
428,41
49,164
304,103
147,230
292,115
186,23
71,202
273,23
221,164
279,25
29,135
47,45
160,218
270,147
284,123
220,19
256,151
314,88
132,39
43,49
334,31
245,21
21,95
152,226
195,196
490,63
202,190
312,29
186,199
352,35
360,35
32,138
211,19
81,214
298,27
429,73
56,41
43,158
292,25
442,39
43,47
121,41
359,35
482,33
197,21
490,33
476,76
454,74
330,76
405,41
191,23
229,160
270,23
346,76
29,73
324,78
364,37
374,74
140,35
200,195
461,36
83,219
323,31
65,191
85,37
68,35
467,35
435,74
461,76
390,72
177,202
451,74
262,22
40,152
355,74
252,21
167,28
371,74
393,39
302,107
418,41
21,124
258,21
298,108
224,162
136,238
466,35
31,137
278,137
140,234
336,31
210,175
157,31
436,74
41,49
48,45
446,39
175,26
178,202
85,222
306,102
402,72
208,178
464,76
356,74
488,66
183,200
334,76
282,126
266,148
308,100
61,39
38,148
73,203
91,228
310,93
168,209
308,99
35,144
19,97
37,55
480,33
156,222
85,224
488,33
23,85
235,19
73,204
164,29
492,53
403,41
436,39
152,33
19,102
280,133
119,41
232,158
90,228
487,33
492,44
93,234
33,61
342,33
350,33
27,78
19,111
37,57
151,33
284,25
459,37
492,43
98,238
250,21
235,158
79,33
105,241
177,25
379,37
416,41
19,116
94,45
79,214
171,27
321,29
492,34
387,39
175,204
216,19
282,130
438,74
242,20
423,41
67,195
400,72
25,128
189,23
272,146
173,206
358,74
202,21
63,190
65,192
31,65
314,87
295,27
214,169
275,23
70,198
101,239
41,154
24,126
245,154
355,35
284,125
288,120
363,35
328,31
45,158
401,72
317,84
450,74
214,19
52,170
131,240
409,41
29,134
250,152
125,242
314,89
370,74
43,48
99,47
445,39
69,198
144,35
21,94
485,33
490,60
202,191
238,156
340,33
348,33
209,176
279,134
447,74
288,118
35,57
149,33
386,72
174,27
457,37
191,198
108,45
274,142
475,76
367,74
132,240
429,72
383,74
264,23
377,37
345,76
40,51
258,150
117,43
470,35
71,35
333,31
191,22
142,35
203,19
205,182
29,72
216,166
324,79
396,39
39,51
429,41
305,27
200,196
461,35
227,160
83,218
25,85
65,190
264,148
146,232
240,19
461,75
433,39
262,23
398,40
313,29
140,236
302,104
241,156
21,123
298,109
340,76
31,136
305,102
113,43
479,76
140,235
57,41
386,39
210,172
307,100
293,25
350,74
286,120
76,33
246,154
483,33
491,33
