144,229
253,146
347,280
113,189
225,14
375,277
294,144
122,52
219,12
399,256
203,285
170,21
317,322
335,296
229,123
401,239
82,66
57,59
176,18
233,71
92,158
388,273
229,19
196,279
341,287
243,139
134,46
45,54
160,26
146,37
190,273
211,291
213,11
57,60
115,191
233,72
327,313
152,34
367,130
80,137
138,44
86,147
401,217
154,31
26,85
210,291
364,277
401,210
184,269
239,135
319,319
11,70
231,84
115,58
237,62
238,308
148,36
72,129
401,203
261,148
142,226
26,52
72,127
201,10
386,140
126,204
237,55
148,35
82,142
139,221
214,292
397,263
325,314
401,204
139,42
306,140
43,93
116,192
83,66
48,96
69,123
309,327
353,277
373,277
127,207
111,60
257,146
378,134
401,197
38,50
403,220
384,138
260,322
230,302
235,132
78,135
366,130
172,258
234,71
401,190
256,146
228,118
387,140
208,10
333,301
233,22
217,295
112,59
154,237
237,34
307,140
401,183
227,101
274,148
257,319
22,52
322,136
329,311
204,287
349,279
339,289
401,168
227,106
198,281
54,103
58,106
148,232
95,163
152,235
166,251
295,331
319,321
321,319
381,136
310,140
314,323
342,285
156,30
235,66
399,255
40,52
97,165
228,99
231,22
15,60
380,277
93,66
239,39
229,93
35,89
224,14
162,249
39,50
333,134
153,237
395,152
16,83
239,44
10,74
67,119
174,260
79,137
13,64
120,197
379,135
16,59
345,283
78,66
44,54
359,277
345,132
94,66
239,53
370,132
66,118
105,177
233,305
394,148
163,26
401,251
343,285
164,251
168,254
226,300
98,169
192,275
395,150
239,50
331,309
132,213
156,243
160,246
401,252
399,162
207,287
135,217
191,12
14,64
305,327
182,15
392,146
52,100
242,310
89,153
401,245
349,130
59,107
390,273
50,97
253,145
109,183
122,53
52,99
399,259
20,84
317,321
335,299
229,122
401,238
55,103
300,142
235,28
200,10
57,58
241,309
348,130
123,201
340,132
92,159
61,62
229,18
178,263
341,286
342,132
20,83
131,48
243,138
102,174
229,99
160,27
401,231
374,132
247,142
213,10
352,279
11,75
233,79
289,144
327,312
182,16
277,329
278,329
171,257
346,281
80,138
232,128
30,87
401,216
185,14
287,331
21,54
225,16
68,119
401,209
232,22
394,269
70,64
90,156
254,317
184,270
239,134
351,279
231,87
362,130
316,138
237,61
238,309
401,202
261,147
64,113
142,227
244,311
391,271
284,331
12,64
214,12
220,296
238,134
126,205
77,66
82,143
214,293
325,313
399,157
401,195
227,113
71,64
116,193
355,277
48,97
181,267
272,148
309,326
220,295
136,217
27,87
252,317
312,325
153,32
140,221
401,196
403,223
227,118
194,277
87,151
76,132
260,323
44,93
230,303
395,269
338,132
391,146
172,259
282,146
401,189
384,275
239,309
332,134
89,66
57,105
76,131
365,277
195,279
112,60
15,81
180,16
237,33
275,329
116,56
35,50
401,182
227,100
215,293
73,129
275,148
22,53
47,55
363,130
329,310
339,288
159,245
74,66
401,175
111,187
136,44
227,109
90,66
58,107
148,233
152,236
320,136
319,320
321,318
68,64
140,40
24,85
231,128
235,69
240,136
379,136
39,52
223,299
304,329
287,144
19,56
239,38
77,135
229,92
108,181
251,144
271,327
387,273
169,22
334,301
105,62
106,180
69,64
239,47
24,52
10,75
174,261
56,58
134,216
142,40
91,157
203,10
120,198
28,87
228,18
283,146
379,134
16,60
345,282
146,230
202,283
104,175
232,303
17,83
145,38
239,52
66,119
212,10
302,140
401,250
399,164
114,190
261,323
343,284
168,255
226,301
269,148
98,166
150,34
101,171
192,276
124,201
199,281
184,14
331,308
132,214
173,20
229,119
160,247
401,243
20,54
362,277
165,251
167,22
157,28
94,162
249,315
52,101
399,261
130,209
242,311
335,301
100,169
157,243
393,271
381,277
401,244
265,325
175,261
253,144
311,325
306,327
143,38
128,208
236,63
56,103
383,137
20,85
399,258
335,298
229,121
49,56
401,237
114,58
130,48
61,61
191,275
341,285
324,315
134,44
102,175
229,98
160,28
401,230
180,265
164,24
315,323
233,78
73,66
80,139
138,42
67,64
332,305
231,89
33,50
36,89
210,289
238,307
151,34
31,87
401,208
220,12
90,157
291,331
184,271
391,273
231,86
126,203
237,60
245,140
119,56
138,220
214,291
273,329
401,201
187,271
223,14
261,146
64,114
142,224
95,64
26,50
375,133
12,65
220,297
58,60
389,143
303,329
295,142
18,58
399,156
401,194
222,298
227,112
116,194
260,146
285,331
288,331
309,325
150,234
136,218
378,277
86,66
400,164
140,222
401,187
403,222
233,130
76,133
44,94
231,125
395,268
338,133
128,48
227,17
390,144
85,147
304,140
401,188
168,22
104,62
183,269
387,142
264,323
75,131
237,32
116,57
216,293
217,12
401,181
43,53
227,103
63,62
357,130
144,38
47,54
182,268
329,309
339,291
178,18
329,134
401,174
227,108
193,12
270,327
54,101
224,299
152,237
320,137
321,317
356,130
140,41
162,26
187,14
389,273
27,50
10,70
397,156
166,22
133,215
235,68
253,317
401,167
350,279
248,313
267,148
22,85
119,197
46,95
229,91
174,259
249,143
108,182
386,275
337,295
142,38
162,247
121,54
308,140
106,181
239,46
277,146
10,72
249,144
52,56
23,52
134,217
71,125
313,138
206,10
120,199
340,287
345,281
146,231
94,64
239,55
299,329
302,141
234,24
401,249
114,191
276,146
188,12
29,87
233,81
98,167
192,277
267,325
124,202
125,52
41,93
132,215
208,288
335,295
229,118
401,242
20,55
85,66
32,50
250,316
110,186
402,220
169,255
280,331
65,62
94,163
241,138
399,260
335,300
100,170
393,270
161,247
324,136
126,52
401,235
235,25
128,209
56,104
383,136
293,144
222,14
229,120
346,132
401,236
60,108
210,10
266,325
14,80
373,132
327,136
294,142
61,60
243,140
134,45
102,172
229,97
401,229
60,107
180,266
164,25
233,77
73,65
110,62
207,10
80,140
371,277
318,321
246,313
137,219
138,43
86,150
272,328
141,223
74,130
12,76
231,88
36,90
94,159
84,145
401,215
33,89
107,62
90,154
391,272
12,75
68,120
231,81
236,28
237,59
62,62
138,221
397,267
343,132
401,200
64,115
142,225
236,132
18,83
256,319
26,51
46,54
375,132
12,66
328,311
383,275
348,279
389,142
328,134
353,130
82,141
399,159
401,193
222,299
297,331
171,20
227,115
320,319
286,146
186,14
116,195
244,312
104,64
360,277
150,235
136,219
67,63
140,223
230,20
401,186
40,91
403,225
352,130
65,117
233,129
14,62
143,227
76,134
333,305
44,95
230,301
231,124
289,331
255,319
128,49
227,16
120,54
201,283
365,130
401,179
104,63
221,14
311,140
370,277
264,324
215,12
270,148
237,31
116,58
158,244
216,294
344,283
401,180
43,52
227,102
174,20
182,269
202,10
228,301
339,290
401,173
227,111
58,105
99,169
320,138
140,42
206,287
297,142
10,71
397,155
112,187
166,23
276,329
64,62
235,71
163,249
401,166
258,146
116,191
248,314
198,279
237,307
96,163
167,253
285,146
335,134
155,241
229,90
249,142
108,183
186,271
337,294
265,148
142,39
387,275
301,329
323,315
188,272
47,95
106,178
274,329
239,41
10,73
179,265
400,255
276,148
177,263
94,65
239,54
331,305
246,140
66,117
344,132
401,248
276,147
188,13
45,95
376,277
226,299
209,289
121,199
233,80
103,64
124,203
208,289
126,50
401,241
250,317
110,187
351,130
94,160
41,52
241,137
213,291
268,325
399,263
42,93
170,22
242,309
100,171
393,269
106,62
401,234
262,323
88,151
235,24
170,255
281,331
338,291
72,64
56,105
208,287
396,152
146,38
401,227
60,109
243,311
190,274
303,140
14,81
53,58
382,277
63,113
122,200
233,75
291,144
294,143
37,50
102,173
229,96
401,228
32,88
180,267
164,26
219,295
233,76
251,317
73,64
26,86
158,28
80,141
193,277
263,323
86,151
272,329
330,134
74,131
312,138
337,134
12,77
36,91
84,146
302,329
30,50
200,281
364,130
83,145
401,214
90,155
127,50
296,331
259,321
350,130
316,323
12,68
68,121
363,277
383,277
336,134
361,130
237,58
101,64
197,279
397,266
272,327
401,207
64,116
135,44
380,136
239,136
12,67
341,132
328,135
205,10
123,52
195,12
18,56
399,158
401,192
132,48
227,114
244,313
235,131
385,275
102,64
67,62
236,305
401,185
40,92
403,224
247,313
284,146
233,128
14,63
147,231
76,135
80,66
333,304
117,195
334,134
248,142
231,127
226,16
154,238
128,50
258,320
120,55
401,178
281,146
174,18
377,134
221,13
170,256
264,325
313,325
237,30
182,267
59,60
176,261
31,50
158,245
216,295
307,327
401,171
227,105
237,134
154,240
354,277
178,16
235,65
401,172
38,91
227,110
231,21
118,196
262,148
361,277
397,154
273,148
112,188
235,70
401,165
99,64
154,32
248,315
96,164
239,35
388,142
229,89
230,89
34,89
396,267
109,62
218,295
347,130
337,293
379,277
70,124
235,63
387,274
232,81
218,12
188,273
106,179
239,40
131,211
258,319
288,144
181,16
205,287
117,56
100,64
305,329
234,305
36,50
146,229
133,46
194,12
175,18
395,149
239,49
62,111
299,331
401,255
399,161
114,189
369,131
188,14
98,165
137,44
268,148
197,10
221,297
321,136
141,40
126,51
401,240
369,132
50,98
144,227
290,331
110,184
315,138
122,199
94,161
241,136
79,66
122,54
268,326
125,203
399,262
368,277
300,329
401,233
20,56
88,152
14,79
235,27
385,139
360,130
147,36
178,264
292,331
383,138
296,142
102,171
230,124
346,130
401,226
60,110
25,52
190,275
247,141
234,130
53,57
145,229
290,144
385,140
122,201
233,74
204,10
97,64
152,32
278,330
271,148
305,140
107,181
91,66
401,219
32,89
377,277
110,60
26,87
66,62
339,132
366,277
86,148
401,220
371,132
254,318
312,139
29,50
12,78
179,16
54,58
98,64
84,147
200,282
76,66
280,146
376,134
92,66
401,213
32,87
12,69
68,122
231,83
72,125
37,91
383,276
126,206
237,57
82,144
318,138
138,219
397,265
254,146
401,206
64,117
50,56
375,134
353,279
328,136
18,57
401,199
222,297
227,117
194,278
286,144
309,140
238,34
235,130
165,24
149,233
150,233
155,30
391,145
250,144
236,306
401,184
40,93
14,60
294,331
333,303
231,126
108,62
313,323
78,136
336,295
154,239
34,50
258,321
227,18
120,56
282,331
283,331
158,243
401,177
298,331
227,99
174,19
148,231
221,12
330,309
170,257
211,10
104,176
232,304
393,147
359,130
313,324
22,54
151,235
237,29
55,58
204,285
225,299
176,262
322,317
339,287
401,170
149,34
132,46
43,54
227,104
238,55
331,134
242,138
172,20
393,148
237,133
310,325
62,112
154,241
356,277
96,64
156,28
178,17
235,64
308,327
231,20
196,10
255,146
166,252
118,197
239,37
190,12
245,313
229,95
47,56
103,175
231,303
252,144
397,153
112,189
337,291
401,164
173,259
96,165
48,56
16,81
239,34
113,58
279,146
337,292
70,125
75,66
129,48
323,317
202,284
239,43
299,142
49,97
326,313
164,249
305,328
142,223
128,207
358,130
395,148
51,99
239,48
331,307
299,330
156,241
401,254
399,160
369,130
298,142
134,215
19,83
130,210
401,247
28,50
50,99
250,315
144,228
110,185
93,159
347,281
225,15
266,148
244,140
118,56
268,327
399,257
170,20
317,323
335,297
229,124
401,232
88,153
286,331
235,26
323,136
385,138
392,271
92,157
229,20
88,66
178,265
17,58
189,273
198,10
346,131
146,36
401,225
60,111
23,85
259,146
278,146
247,140
213,12
53,56
347,279
372,277
233,73
314,138
152,33
81,141
278,331
235,305
293,331
401,218
189,12
154,30
327,311
110,61
389,144
210,290
183,14
42,52
86,149
401,211
229,301
254,319
74,129
312,140
263,148
12,79
231,85
216,12
200,283
237,63
72,128
401,212
369,277
90,153
325,136
279,331
12,70
68,123
231,82
358,277
72,126
319,138
177,18
126,207
237,56
148,34
82,145
192,12
397,264
325,315
401,205
355,130
161,26
353,278
227,301
159,28
401,198
403,221
227,116
194,279
286,145
269,327
53,101
199,10
260,321
395,267
338,134
391,144
172,257
236,307
401,191
14,61
398,156
21,85
387,141
333,302
233,23
51,56
112,58
185,271
78,137
61,111
401,176
188,271
104,177
232,305
233,24
393,146
87,66
237,28
166,24
204,286
176,263
401,169
132,47
227,107
124,52
196,12
198,280
54,102
118,195
237,132
368,130
62,113
156,29
301,142
13,79
235,67
354,130
196,11
166,253
239,36
229,94
397,152
367,277
70,123
162,248
212,291
398,263
382,136
292,144
39,51
16,82
239,45
209,10
240,309
25,85
372,132
374,277
326,136
39,91
60,60
264,148
323,316
16,58
202,285
106,177
129,209
239,42
302,142
84,66
164,250
168,253
98,168
317,138
395,151
239,51
331,306
132,212
156,242
160,245
401,253
399,163
81,66
357,277
343,283
110,183
402,225
48,95
182,14
130,211
132,211
401,246
