176,27
54,92
177,252
324,306
221,288
131,200
331,288
45,61
105,165
59,97
135,204
211,282
180,256
115,182
234,296
306,320
327,143
244,148
392,159
319,145
122,63
125,194
368,270
203,274
300,322
271,318
188,21
109,170
93,144
113,175
244,147
302,322
123,188
224,79
151,43
83,132
102,160
321,145
394,178
346,139
390,261
234,139
70,72
315,147
228,58
319,310
152,41
334,284
324,303
126,194
235,297
367,139
67,71
394,189
87,137
58,68
99,154
221,94
222,84
149,220
394,213
219,104
295,151
343,139
65,102
50,63
141,212
306,149
385,149
394,220
224,84
280,155
376,143
394,175
38,59
259,314
228,64
147,218
21,66
392,162
250,151
394,199
51,90
220,104
77,124
390,155
139,210
55,94
111,173
256,155
97,153
208,19
83,75
46,61
101,157
185,261
392,169
394,206
34,57
220,103
111,69
275,321
102,71
344,273
64,69
286,153
309,147
186,21
69,109
328,297
336,281
250,153
394,201
52,90
374,270
197,271
157,39
380,144
242,145
188,264
224,129
27,59
394,240
220,117
283,322
230,58
307,149
133,55
153,227
355,270
46,86
360,270
68,71
93,73
151,226
336,279
388,155
174,250
268,318
35,80
349,272
225,290
322,306
29,78
198,272
166,242
333,141
153,228
226,73
137,53
392,246
197,19
56,67
129,198
156,230
394,226
342,276
23,61
230,52
40,59
230,135
340,278
53,65
221,21
392,253
145,46
231,294
394,237
161,238
324,145
332,286
230,47
358,137
125,61
19,71
383,147
222,23
173,28
60,69
207,278
372,140
230,38
32,57
39,83
280,322
54,67
117,182
103,71
19,76
349,137
372,139
318,310
71,113
218,106
205,277
392,259
53,92
310,318
67,106
105,163
134,204
348,139
80,126
387,266
117,184
112,67
105,164
91,73
59,96
390,264
374,141
347,272
244,149
125,193
366,270
170,29
246,149
145,218
109,169
57,67
113,174
241,302
228,60
338,278
334,282
119,186
123,191
51,65
131,57
243,147
151,42
394,179
213,19
107,71
70,73
315,146
228,59
72,114
314,147
316,312
235,296
394,186
159,35
185,23
87,136
58,69
21,63
375,141
222,85
385,268
394,210
42,61
171,29
247,149
73,118
181,258
222,92
264,316
30,57
394,221
229,135
230,31
352,137
228,65
57,95
21,65
350,137
189,21
279,322
391,260
68,108
363,270
226,26
338,141
392,163
394,196
202,19
183,23
77,123
111,172
239,300
97,152
332,143
320,308
57,96
148,220
43,85
101,156
359,137
238,144
185,260
392,170
394,207
252,308
220,96
111,68
275,320
153,41
226,132
335,282
140,212
344,274
43,61
64,70
382,146
164,33
230,294
69,108
328,298
383,268
386,150
336,282
62,69
366,138
192,19
228,292
197,270
247,306
157,38
161,35
380,145
365,270
58,96
370,270
334,141
140,49
224,130
206,278
136,206
394,241
220,118
24,78
307,148
240,145
116,182
354,137
223,290
133,54
153,226
137,51
257,311
155,230
66,106
342,274
367,270
186,262
230,50
322,307
91,143
75,73
129,59
330,290
226,70
137,52
392,247
69,71
129,197
299,149
394,227
231,296
314,314
230,53
40,60
392,254
232,296
304,320
287,153
145,45
335,141
157,232
103,161
394,234
161,237
332,287
230,44
323,145
70,112
269,155
169,31
150,43
125,60
345,139
19,70
173,27
89,142
112,174
372,141
230,39
159,233
165,242
39,82
218,19
249,306
213,284
106,166
42,84
193,267
133,204
318,311
84,75
71,112
218,107
205,276
170,246
226,292
392,260
53,91
121,187
158,37
124,192
342,139
193,268
105,162
343,274
218,114
326,302
115,179
351,137
130,57
222,126
121,188
341,276
217,286
131,202
242,302
134,53
135,206
216,284
287,324
325,145
333,284
143,47
263,315
125,192
113,67
203,276
357,270
362,270
145,217
109,168
241,301
228,61
33,57
270,318
291,151
36,82
81,130
334,283
302,320
123,190
364,137
131,56
132,202
394,176
159,37
65,106
107,70
296,322
63,101
316,313
336,141
219,21
394,187
185,22
227,66
135,53
99,156
222,90
388,264
210,280
303,320
196,270
394,211
205,19
123,61
107,167
364,270
190,264
244,304
284,324
69,112
73,117
181,257
222,93
391,159
394,218
148,45
245,149
137,207
394,173
55,67
261,155
228,66
284,153
57,94
147,220
21,64
95,73
267,317
220,288
226,27
392,164
394,197
77,122
81,127
153,39
139,212
304,149
254,153
320,309
43,84
285,324
328,292
238,145
392,171
394,204
87,73
220,97
153,40
226,133
378,143
312,316
64,71
233,139
144,47
382,147
219,287
237,143
274,155
386,151
388,151
220,120
366,139
157,37
224,131
220,119
166,31
283,324
230,56
31,57
248,306
183,259
133,53
226,76
257,310
47,63
160,236
342,275
35,82
347,139
230,51
50,64
91,142
329,143
129,58
330,291
224,290
295,322
98,154
226,71
392,248
356,137
47,87
104,162
195,269
129,196
394,224
314,315
23,63
228,133
191,19
230,42
158,232
253,310
40,61
99,71
345,272
392,255
165,33
370,139
157,231
103,160
394,235
161,236
230,45
326,143
39,84
118,184
121,63
169,30
125,59
381,145
19,73
41,84
187,21
222,21
277,155
296,151
356,270
89,141
141,49
258,312
23,77
230,36
159,232
165,241
313,147
169,246
54,65
241,145
78,75
213,283
261,314
119,65
193,266
133,203
218,104
29,80
53,90
143,216
121,186
199,273
310,316
293,151
67,108
243,303
210,19
85,75
286,324
144,216
218,115
290,324
113,178
115,178
222,127
97,73
294,151
84,132
217,285
49,63
305,149
59,98
325,144
93,148
266,155
377,270
201,19
26,78
263,314
394,182
145,216
241,300
228,62
373,141
29,59
340,141
123,192
92,144
94,148
353,270
81,129
302,321
76,73
394,177
107,168
159,36
163,33
92,73
60,98
65,105
63,100
263,155
251,307
207,19
316,314
235,298
246,304
232,137
394,184
185,21
371,139
139,49
87,138
236,141
58,67
73,115
222,91
388,265
191,265
394,208
52,65
224,80
353,137
156,39
85,135
107,166
222,288
332,288
297,322
117,65
380,143
73,116
181,256
394,219
127,195
137,206
40,84
187,263
132,55
256,310
267,316
255,310
238,143
392,165
394,194
77,121
81,126
282,322
390,158
201,274
365,137
111,174
223,127
298,322
320,310
196,19
104,71
380,268
328,293
316,145
190,21
392,172
394,205
220,98
275,322
386,268
97,151
219,286
331,143
44,86
273,155
220,121
217,19
65,71
89,73
114,67
225,76
61,100
180,25
276,322
230,57
163,240
258,155
149,45
230,136
183,258
260,314
192,266
392,242
285,153
394,230
298,151
279,155
191,21
230,48
50,65
129,57
120,186
323,306
255,153
330,288
95,149
115,65
226,68
392,249
47,86
195,268
299,151
394,225
179,256
23,62
228,134
230,43
253,309
164,240
142,214
237,300
19,67
165,32
249,151
157,230
175,251
394,232
89,139
224,24
369,139
376,270
230,34
100,71
228,28
301,322
169,29
167,243
79,125
101,160
19,72
274,320
24,61
189,264
89,140
23,76
230,37
250,306
159,235
142,49
218,110
165,240
169,245
352,270
228,27
308,147
128,196
213,282
268,155
292,324
119,64
212,19
302,149
344,139
133,202
207,280
71,114
218,105
75,119
281,322
173,250
199,272
184,23
310,317
131,199
208,280
66,71
243,302
211,281
85,74
218,112
326,300
113,177
115,181
41,61
222,124
263,316
178,254
217,284
293,324
262,314
90,142
110,69
93,147
317,145
229,31
194,19
224,76
83,131
394,183
214,284
390,262
229,294
303,149
234,140
254,310
337,141
228,63
29,58
291,153
182,23
81,128
200,274
37,59
76,74
394,190
64,102
65,104
194,268
291,324
251,306
73,73
149,223
389,155
177,27
394,214
271,155
101,71
232,138
394,185
218,286
272,320
187,264
70,71
236,142
73,114
222,88
388,266
191,264
394,209
76,120
224,81
49,90
85,134
123,63
160,35
259,313
127,59
199,19
358,270
348,272
394,216
86,73
127,194
139,209
197,272
273,320
55,93
187,262
355,137
239,145
80,75
26,59
46,62
226,25
392,166
394,195
341,141
128,59
220,100
77,120
390,159
85,136
50,90
43,86
260,155
288,324
380,269
328,294
313,316
100,156
392,173
394,202
363,137
219,115
220,99
226,131
97,150
382,145
242,146
248,149
105,71
386,149
220,122
366,137
178,25
379,270
168,31
281,155
28,78
377,143
183,260
96,150
294,324
289,324
61,99
151,225
388,152
182,258
265,316
149,44
212,282
230,137
357,137
384,147
226,74
392,243
209,19
394,231
109,69
25,78
191,20
230,49
38,82
283,153
330,289
95,148
226,69
392,250
321,308
299,150
394,238
228,135
265,155
230,40
288,153
253,308
181,23
271,320
168,244
99,73
237,299
311,147
62,100
118,65
394,233
103,162
175,250
89,138
34,80
215,19
179,255
220,94
322,145
224,25
81,75
230,35
75,120
228,29
167,242
79,124
171,247
19,75
88,138
159,234
218,111
181,25
163,239
169,244
350,270
206,19
63,69
392,256
122,188
36,57
175,27
359,270
94,73
86,136
224,23
276,155
106,71
326,298
75,118
173,249
177,254
324,304
131,198
211,280
85,73
218,113
326,301
290,153
113,176
115,180
204,19
222,125
79,75
233,296
223,23
109,172
93,146
360,137
147,45
119,185
393,173
224,77
371,270
151,41
318,145
83,130
137,208
30,80
195,19
394,180
25,61
390,263
229,293
234,141
308,318
184,260
315,145
29,57
143,49
291,152
98,73
76,75
394,191
163,35
311,316
116,65
32,80
63,102
37,82
222,86
149,222
339,141
177,26
394,215
138,208
232,139
31,80
139,51
141,214
236,143
387,151
179,25
327,298
222,89
61,69
373,270
378,270
394,222
127,196
257,155
224,82
376,141
49,89
85,133
123,62
259,312
33,80
362,137
235,141
165,31
149,224
392,160
394,217
354,270
139,208
55,92
256,153
101,159
46,63
267,318
154,228
392,167
393,242
394,192
341,140
328,143
220,101
82,130
390,156
325,302
22,76
351,270
69,111
380,270
328,295
22,63
150,224
227,133
394,203
386,266
339,278
162,238
247,305
294,322
242,147
152,226
172,29
248,150
262,155
394,242
220,123
96,73
227,27
120,63
282,153
307,147
281,154
267,155
223,289
211,19
61,98
151,224
245,304
155,229
388,153
252,153
204,276
322,308
149,43
223,84
384,148
39,59
333,143
226,75
392,244
394,228
230,54
74,73
340,276
90,73
309,318
292,151
115,67
226,66
44,61
171,248
392,251
195,270
175,252
394,239
329,292
332,284
230,41
99,72
193,19
237,298
167,244
78,124
48,63
19,69
310,147
317,312
179,254
108,168
220,95
230,32
159,236
200,19
228,30
143,215
218,20
171,246
172,248
320,145
19,74
349,139
23,78
337,278
28,59
218,108
181,24
163,238
350,271
392,257
36,58
20,67
45,86
300,149
326,299
209,280
221,123
222,123
173,248
177,253
324,305
199,274
131,201
105,166
126,59
198,19
146,45
243,304
278,155
135,205
372,270
289,153
277,322
155,39
346,272
203,275
271,319
25,59
109,171
219,288
93,145
225,25
72,73
119,184
123,189
88,73
131,55
224,78
394,181
259,155
25,60
390,260
229,292
107,69
308,319
143,48
278,322
225,131
27,78
324,302
238,300
394,188
163,34
325,143
99,155
251,308
222,87
149,221
177,25
394,212
77,75
119,63
384,268
330,143
65,103
139,50
141,213
71,73
382,268
312,147
272,155
222,94
227,292
191,266
394,223
216,19
224,83
376,142
49,88
85,132
394,174
369,270
215,284
147,219
21,67
392,161
394,198
361,137
139,211
256,154
97,154
136,53
21,76
101,158
185,262
297,151
392,168
229,58
394,193
341,139
220,102
390,157
344,272
220,21
69,110
214,19
328,296
336,280
250,152
394,200
111,67
386,267
307,320
236,298
247,304
124,61
294,323
248,151
257,312
224,128
368,139
108,69
270,155
220,116
224,127
283,323
301,149
231,137
35,57
281,153
174,27
223,288
275,155
336,278
388,154
155,228
35,81
220,115
225,291
251,153
308,320
350,272
154,39
29,79
384,149
330,292
333,142
226,72
392,245
394,229
314,316
225,292
230,55
74,118
203,19
340,277
379,143
202,274
95,150
115,66
226,67
392,252
145,47
130,198
231,295
394,236
381,268
59,69
332,285
230,46
375,270
47,88
19,68
222,22
173,29
240,300
207,279
230,33
91,144
110,172
167,31
228,31
48,88
264,155
266,316
143,214
54,66
218,21
79,126
117,183
176,252
162,35
389,264
361,270
349,138
269,318
253,153
218,109
205,278
315,314
392,258
305,320
36,59
146,218
56,94
20,76
299,322
138,51
67,107
114,178
82,75
318,312
