159,221
57,50
63,76
124,110
102,295
47,119
126,169
20,75
24,14
34,123
159,218
94,287
79,275
121,214
168,353
61,63
81,139
38,140
40,230
67,89
30,111
37,135
44,242
157,120
159,195
162,357
45,216
128,172
81,140
44,16
64,265
12,41
38,135
40,237
167,353
66,84
76,272
42,221
157,113
159,200
73,271
116,318
153,359
177,345
16,20
57,259
81,133
101,202
84,150
12,32
38,190
83,141
76,271
159,177
128,186
64,263
140,351
160,357
83,146
64,112
65,102
159,190
163,356
63,105
69,114
124,137
128,177
13,49
89,192
148,357
28,101
86,279
159,167
128,334
155,106
55,41
40,201
77,124
179,331
44,205
65,112
46,210
122,131
159,172
18,70
98,293
62,263
177,325
95,197
55,38
40,176
175,322
179,336
90,192
35,10
144,355
165,301
46,213
122,327
159,149
18,65
124,150
159,124
40,183
59,56
85,158
174,347
32,117
159,146
126,153
122,119
167,304
85,167
145,357
101,295
159,155
56,258
171,313
69,95
122,126
40,165
59,54
137,347
85,160
175,345
159,243
146,100
14,23
87,184
159,128
22,87
159,273
148,102
122,121
40,172
24,91
78,274
79,128
151,104
49,117
85,169
159,248
18,18
111,206
115,212
159,137
130,199
152,104
40,147
138,349
85,178
159,225
126,108
94,288
16,59
51,28
159,263
36,133
131,212
49,22
30,112
165,354
40,154
25,93
159,238
53,34
96,198
97,200
133,341
158,359
163,293
119,214
102,298
16,65
159,268
153,104
172,316
67,101
161,291
72,269
159,215
63,70
51,253
163,298
128,216
120,322
126,167
20,77
38,147
104,299
13,26
161,292
55,110
59,107
136,102
28,12
48,248
159,220
57,49
98,200
124,111
47,118
51,115
37,12
38,138
40,224
131,203
103,202
34,120
44,244
61,263
66,265
156,112
50,24
159,197
134,342
61,62
81,138
56,109
38,141
40,231
67,88
30,108
23,87
44,243
157,119
159,194
126,329
128,173
12,42
52,113
126,216
130,189
76,273
173,319
157,112
159,203
40,12
116,319
177,344
16,21
81,132
101,201
12,33
38,191
83,140
55,114
159,176
128,187
58,52
26,93
127,216
83,149
25,12
44,216
65,101
159,185
91,194
63,104
177,330
69,113
124,138
106,304
73,118
128,178
61,66
47,19
40,195
100,293
148,358
28,102
14,49
159,166
128,335
155,109
55,40
77,123
114,314
45,18
65,265
175,324
179,330
44,206
46,211
29,105
122,128
14,56
159,175
18,71
92,194
177,324
124,152
178,330
95,196
62,66
89,283
40,177
149,359
179,339
144,356
165,300
159,148
81,275
124,151
106,301
159,127
40,184
10,38
85,157
32,118
159,157
155,112
126,158
143,100
122,116
167,307
49,122
85,166
159,245
159,154
56,259
131,339
171,312
69,94
147,102
122,127
40,166
49,115
85,175
159,242
65,83
33,10
87,187
159,131
22,84
12,26
159,272
66,101
161,287
40,173
24,92
78,275
79,131
49,116
50,122
85,168
159,251
126,106
18,19
65,84
46,246
159,136
26,98
159,281
130,196
95,289
40,148
85,177
159,224
94,289
16,60
159,262
36,134
49,21
30,113
165,353
40,155
159,233
53,33
163,292
136,343
102,299
159,271
130,214
154,359
67,100
107,205
161,290
72,270
159,214
57,47
11,39
159,359
99,200
120,323
126,164
70,268
20,78
38,144
104,300
176,324
34,126
42,238
48,249
159,223
57,48
135,102
46,18
52,253
51,114
142,351
37,11
38,139
40,225
166,353
30,106
34,121
44,245
69,267
159,196
134,343
173,349
61,61
81,137
100,200
121,325
12,44
40,232
67,91
30,109
48,247
157,118
159,205
144,100
128,174
12,43
173,318
159,202
45,207
68,112
88,281
16,22
127,333
101,200
12,34
38,188
83,143
159,179
124,140
145,100
128,188
85,279
83,148
165,304
44,217
28,104
159,184
177,329
69,112
124,139
106,305
73,117
128,179
146,357
61,65
47,18
40,196
82,140
100,294
148,359
28,103
122,134
14,54
159,161
155,108
158,122
77,122
114,315
45,17
32,10
179,333
44,207
46,208
122,129
14,57
159,174
18,68
77,273
98,291
124,153
41,14
40,178
58,260
135,343
179,338
144,357
65,79
122,136
122,325
159,151
109,307
93,196
124,144
168,308
159,126
40,185
59,58
10,39
85,156
32,119
159,156
53,116
126,159
122,117
40,160
167,306
85,165
159,244
87,189
159,133
22,82
171,315
12,28
123,137
69,93
104,202
122,124
40,167
118,319
85,174
175,347
159,253
108,206
65,82
87,186
159,130
22,85
12,27
159,275
130,202
67,112
176,345
161,286
40,174
24,93
79,130
85,183
159,250
126,107
18,16
169,351
46,247
159,139
26,99
51,25
159,280
130,197
61,112
93,287
40,149
169,311
138,347
85,176
159,227
54,256
16,61
159,257
36,135
19,73
62,105
49,20
40,156
169,312
159,232
53,32
50,252
163,295
136,344
102,296
159,270
126,162
130,215
107,204
161,289
72,271
132,102
159,209
71,115
57,46
112,309
21,16
97,199
43,15
159,358
163,300
120,324
126,165
70,269
75,271
20,79
38,145
104,301
34,127
59,109
42,239
48,250
159,222
63,73
84,277
52,254
124,216
37,10
38,136
40,226
67,85
30,107
52,28
159,199
173,348
60,261
61,60
81,136
47,121
12,45
52,116
129,335
40,233
132,204
67,90
60,107
157,117
159,204
149,102
128,175
125,216
38,186
132,203
142,100
71,269
59,112
173,317
159,181
88,282
72,116
54,36
38,189
83,142
108,305
38,12
86,280
159,178
48,117
177,343
124,141
128,189
47,20
127,171
60,112
42,202
44,218
28,105
159,187
53,31
173,320
177,328
73,116
128,180
19,16
61,64
40,197
100,295
122,135
14,55
159,160
21,79
155,111
55,42
130,338
77,121
45,16
179,332
46,209
159,169
18,69
142,354
41,13
95,198
17,20
40,179
58,261
179,341
39,186
65,78
46,216
122,137
32,113
159,150
93,195
26,12
68,92
124,145
92,285
61,107
171,349
40,186
167,308
10,36
85,155
141,100
119,321
159,159
57,112
126,156
122,114
107,305
40,161
85,164
159,247
33,119
87,188
159,132
22,83
171,314
12,29
69,92
159,277
122,125
40,168
38,194
24,87
79,132
85,173
175,346
159,252
65,81
123,327
14,26
159,141
58,112
94,196
132,340
159,274
15,57
130,203
125,153
161,285
40,175
78,273
85,182
50,120
159,229
90,284
18,17
49,251
159,138
36,10
54,116
132,339
78,126
26,96
51,24
53,255
130,194
82,276
30,12
40,150
169,310
50,115
159,226
54,257
112,312
111,208
43,16
170,351
47,247
16,62
159,256
36,128
67,97
106,204
40,157
85,184
159,235
50,253
163,294
129,189
136,345
102,297
159,265
126,163
70,267
130,212
132,208
161,288
41,237
132,103
43,241
159,208
71,114
112,310
57,45
75,119
97,198
43,14
63,67
120,214
120,325
126,170
34,124
59,108
48,251
159,217
63,72
84,278
52,255
38,137
40,227
67,84
34,119
35,127
159,198
134,341
173,347
140,100
60,262
61,59
99,293
47,120
12,46
52,117
56,112
40,234
132,205
113,210
42,222
97,291
157,116
159,207
129,104
126,332
139,349
38,187
130,335
41,201
173,316
159,180
63,103
123,216
88,283
80,132
83,145
108,306
114,210
80,275
44,220
105,301
86,281
159,189
163,355
130,104
29,12
177,342
124,142
166,304
76,120
23,14
83,150
42,203
43,203
44,219
159,186
53,30
150,102
128,181
40,198
86,184
46,207
122,132
14,52
159,163
155,110
55,37
130,339
77,120
114,313
175,321
179,335
118,320
46,214
159,168
18,66
22,79
142,355
36,127
41,12
138,100
125,329
40,180
179,340
162,292
169,353
65,77
32,114
159,145
93,194
124,146
126,154
92,286
61,106
10,37
85,154
159,158
126,157
172,349
122,115
40,162
59,53
85,163
159,246
159,135
111,309
22,80
12,30
159,276
128,104
63,263
122,122
161,283
40,169
38,195
42,14
24,88
150,359
85,172
159,255
115,211
65,80
159,140
54,114
132,341
130,200
49,24
30,10
105,203
161,284
110,308
85,181
50,121
159,228
90,285
46,245
26,97
51,27
159,282
130,195
82,277
105,204
68,267
40,151
42,240
169,309
159,237
75,120
112,313
16,63
119,213
159,259
36,129
54,255
96,289
67,96
40,158
159,234
71,116
57,43
63,69
163,297
27,99
136,346
159,264
126,160
130,213
132,209
107,206
55,109
159,211
57,44
75,118
112,311
63,66
124,108
47,117
34,10
126,171
20,73
24,12
34,125
42,237
66,266
159,216
63,75
84,279
139,100
22,14
12,48
38,142
40,228
67,87
30,105
157,122
31,10
159,193
63,112
125,108
126,330
55,257
60,263
61,58
151,359
12,47
52,118
56,113
40,235
130,190
132,206
155,359
67,92
113,209
42,223
157,115
159,206
116,316
126,333
81,135
102,202
164,300
43,220
64,103
159,183
116,315
124,112
128,184
26,94
140,349
83,144
108,307
159,188
91,193
177,341
124,143
174,320
14,50
159,165
53,29
154,106
128,182
133,102
124,328
161,357
40,199
77,126
64,76
122,133
14,53
159,162
18,72
177,327
117,319
137,100
124,327
55,36
130,336
85,151
175,320
179,334
165,303
118,321
46,215
159,171
53,111
18,67
39,12
116,212
124,148
106,302
142,352
40,181
58,259
169,352
65,76
32,115
159,144
57,109
156,359
124,147
87,281
126,155
92,287
61,105
171,351
159,123
10,34
85,153
115,315
159,153
53,113
117,212
147,101
62,112
122,112
40,163
59,52
85,162
159,241
87,190
159,134
22,81
171,316
12,31
159,279
128,105
122,123
89,191
161,282
40,170
38,192
24,89
85,171
159,254
18,20
115,210
14,24
159,143
54,115
74,271
130,201
27,12
30,11
105,202
123,112
110,309
164,355
151,103
83,277
85,180
50,118
159,231
109,206
16,57
51,26
159,261
130,192
40,152
169,308
42,241
159,236
53,36
59,261
60,58
45,245
79,127
119,212
159,258
36,130
96,290
153,106
67,99
40,159
131,104
103,299
159,213
127,106
57,42
63,68
11,34
50,251
163,296
136,347
159,267
15,22
126,161
132,210
110,206
136,100
159,210
143,355
57,51
124,109
51,113
17,65
126,168
20,74
24,13
34,122
112,208
132,104
66,267
159,219
57,52
63,74
121,215
22,15
12,49
51,118
38,143
40,229
67,86
30,110
44,241
157,121
159,192
152,359
121,216
126,331
128,171
113,313
64,264
47,122
12,40
56,114
40,236
130,191
132,207
67,95
113,208
42,220
157,114
159,201
116,317
170,312
48,122
81,134
12,39
159,182
122,216
128,185
22,16
26,95
140,350
83,147
147,357
39,147
65,103
159,191
91,285
91,192
163,357
128,176
42,201
28,100
14,51
159,164
53,28
128,333
155,107
178,341
141,351
128,183
124,329
40,200
77,125
44,204
28,99
122,130
159,173
18,73
98,292
177,326
160,282
55,39
130,337
85,150
175,323
179,337
165,302
44,203
46,212
122,326
159,170
67,267
124,149
106,303
142,353
159,125
40,182
59,57
85,159
32,116
159,147
54,111
48,20
68,95
171,350
134,102
122,118
159,122
167,305
10,35
85,152
159,152
53,112
56,257
58,109
157,359
147,100
122,113
56,42
20,16
40,164
59,55
85,161
159,240
14,22
87,185
159,129
22,86
159,278
128,106
122,120
89,190
110,307
40,171
38,193
24,90
79,129
85,170
159,249
74,118
111,207
14,25
159,142
129,216
130,198
151,102
138,348
85,179
50,119
88,190
159,230
70,114
90,283
16,58
118,212
159,260
36,132
130,193
82,275
49,23
165,355
40,153
39,195
41,224
159,239
53,35
79,126
16,64
159,269
36,131
130,216
96,291
132,212
153,105
66,112
67,98
159,212
63,71
159,357
163,299
120,321
159,266
126,166
20,76
38,146
132,211
31,113
55,111
42,224
136,101
