49,37
31,93
54,55
53,53
56,104
46,25
54,58
36,17
27,83
35,107
25,71
62,87
27,17
42,20
39,17
56,65
29,89
44,23
17,46
58,76
21,56
23,69
48,37
56,61
19,29
52,53
39,120
61,85
62,93
59,77
50,39
25,77
40,19
46,26
33,101
53,106
54,104
38,17
60,102
17,36
29,17
19,50
26,78
41,120
17,41
62,97
21,59
60,81
45,25
37,113
48,34
31,90
19,24
60,79
46,111
54,61
62,94
50,40
25,72
33,96
31,96
23,19
40,120
28,17
27,78
17,39
19,49
44,25
62,98
23,66
42,114
21,62
37,116
44,113
19,23
52,47
43,114
50,107
51,106
46,29
62,91
50,45
25,75
33,99
21,21
17,29
24,70
56,69
29,85
59,102
17,34
42,120
58,72
28,84
23,65
42,119
48,110
58,71
52,49
22,62
31,92
23,63
50,108
46,30
54,59
58,70
27,82
25,19
25,70
47,31
35,106
60,98
42,21
23,21
56,66
19,54
29,88
17,45
58,77
23,68
56,62
19,28
56,102
25,76
31,17
46,27
33,100
54,105
27,81
35,105
19,53
44,21
60,82
17,40
21,58
20,54
37,112
57,69
48,35
21,55
19,27
30,17
62,95
50,41
33,103
40,17
49,108
54,106
26,19
60,100
17,38
48,31
19,48
34,104
17,43
42,115
21,61
37,115
18,48
44,114
48,32
52,106
60,77
62,88
35,110
50,42
25,74
33,98
29,84
17,33
33,17
58,73
17,48
60,84
23,64
42,116
37,118
52,50
31,95
39,119
54,53
52,45
24,19
23,62
30,90
46,31
54,56
35,109
62,85
21,23
55,61
27,19
60,99
17,31
23,20
32,17
56,67
29,87
37,111
17,44
58,74
56,63
48,108
46,112
56,103
54,54
50,37
45,112
62,86
27,80
35,104
33,104
43,21
56,64
19,52
44,22
34,17
17,47
29,90
21,57
60,83
48,36
21,54
19,26
52,52
62,92
50,38
25,78
40,18
33,102
41,19
58,102
60,101
17,37
19,51
62,96
60,80
17,42
21,60
37,114
48,33
31,91
19,25
60,78
38,118
46,110
54,60
62,89
35,17
50,43
25,73
22,21
33,97
32,96
27,79
17,32
55,104
36,110
44,24
60,85
23,67
42,117
58,69
61,98
37,117
52,51
51,45
44,112
31,94
39,118
47,110
52,46
50,106
46,28
20,23
54,57
27,84
35,108
50,44
62,90
21,22
37,17
27,18
17,30
42,19
57,102
56,68
29,86
37,110
18,29
17,35
58,75
23,70
42,118
48,109
52,48
