103,291
69,260
129,112
50,153
154,225
52,213
48,221
152,165
129,145
166,318
45,230
156,290
70,121
131,149
127,120
167,319
139,341
169,344
170,342
129,139
47,236
124,221
45,154
88,197
47,202
99,286
80,155
133,175
152,113
135,191
45,180
152,118
80,177
154,277
154,206
152,134
45,197
154,232
72,125
105,209
133,218
46,142
152,172
131,154
63,117
47,143
69,158
144,107
135,335
169,321
129,140
131,160
100,206
137,203
53,208
45,147
164,312
136,336
61,144
109,299
133,168
111,301
71,160
45,173
54,248
64,117
158,297
80,168
133,178
172,326
154,284
154,201
135,197
55,128
152,141
78,148
154,262
154,243
152,179
133,330
117,310
71,123
162,351
170,344
149,109
129,133
127,116
102,209
137,204
174,331
46,234
50,217
53,124
137,214
52,158
45,166
128,113
47,198
58,254
131,220
55,122
80,175
82,191
123,319
113,215
154,208
76,137
152,119
65,148
135,194
152,148
62,117
154,257
97,282
74,135
84,194
68,260
56,165
106,211
135,216
154,250
103,292
110,300
152,186
68,118
51,214
154,228
104,209
127,323
152,160
170,323
113,305
68,171
119,313
156,293
139,106
127,125
69,170
52,246
174,338
59,140
47,225
102,290
45,159
55,248
147,351
70,169
80,166
143,344
154,219
152,126
53,246
45,185
152,155
150,113
172,338
154,264
154,197
152,129
166,346
54,159
123,221
50,151
154,239
43,138
152,167
166,316
45,228
119,310
120,219
131,151
130,148
127,122
96,203
115,217
135,336
129,137
141,105
47,238
58,166
74,264
115,306
53,213
45,152
88,199
72,129
49,221
71,262
80,157
70,160
133,173
63,145
60,117
160,305
135,185
71,165
45,178
80,179
61,143
172,329
154,275
154,204
65,152
48,240
55,133
152,136
45,195
78,147
154,246
72,127
46,140
55,163
125,321
152,174
131,156
69,156
140,342
129,130
131,162
54,162
164,348
137,201
62,171
45,145
46,225
47,221
131,328
129,328
164,314
165,315
109,297
155,354
137,211
135,182
71,162
45,171
48,145
53,248
57,253
116,218
130,221
80,170
133,176
64,148
91,277
92,202
66,117
76,140
160,302
92,278
55,130
154,282
154,215
152,143
131,109
93,279
78,154
154,260
154,241
146,350
152,181
134,334
121,221
117,308
88,274
127,324
56,134
97,205
89,275
86,197
162,311
58,168
127,118
101,207
101,290
123,320
137,212
58,119
45,164
75,265
122,316
80,161
152,121
82,189
154,222
76,139
103,209
45,190
134,182
152,150
143,105
105,294
127,128
172,341
154,271
74,133
141,343
154,248
131,111
106,209
152,188
107,296
133,109
163,350
154,226
51,216
78,268
138,340
89,276
170,321
166,315
45,233
165,348
70,122
156,295
50,244
64,258
109,213
135,107
127,127
65,259
160,352
174,336
59,142
130,328
45,157
48,143
47,201
49,218
55,250
59,255
99,285
100,286
59,118
143,346
154,217
77,268
45,183
101,287
152,157
154,278
154,195
67,117
85,195
152,131
136,198
50,149
69,119
43,140
94,280
154,237
46,139
152,169
68,156
45,226
168,344
120,221
131,153
60,170
149,353
126,322
96,205
111,213
65,260
129,143
115,308
57,137
137,198
53,211
45,150
80,159
133,171
63,147
160,307
135,187
71,167
45,176
46,198
158,298
156,353
80,181
172,331
112,213
154,273
154,202
133,181
66,260
107,294
107,211
152,138
45,193
78,145
95,203
156,287
154,244
116,308
152,176
133,333
131,158
64,171
51,204
85,272
137,338
161,352
131,164
54,160
164,350
49,242
67,152
108,213
137,207
131,330
45,143
47,223
53,127
137,209
45,169
48,147
81,187
81,270
131,219
158,301
55,121
80,172
154,280
154,213
152,116
87,272
76,142
65,151
135,193
152,145
77,143
78,152
171,342
154,258
154,255
152,183
153,354
51,213
127,326
170,324
162,309
139,105
145,350
174,335
59,139
56,119
101,288
129,327
90,199
52,154
45,162
117,219
118,219
80,163
133,167
82,187
154,220
152,123
93,203
45,188
152,152
105,292
127,130
80,185
154,269
91,201
63,256
74,131
154,198
152,190
49,147
69,261
153,191
152,114
50,152
154,224
43,137
134,107
133,107
83,270
152,164
129,146
45,231
156,289
70,120
114,306
127,121
128,221
132,330
47,237
50,204
163,311
66,171
57,134
142,344
45,155
95,280
63,148
135,188
71,168
45,181
77,266
152,159
148,109
80,176
154,276
154,193
136,107
152,133
150,111
45,198
50,147
154,235
43,142
72,124
133,219
46,137
152,171
44,137
113,302
168,346
84,272
131,155
69,159
144,106
56,252
57,165
129,141
131,161
47,234
144,348
90,201
100,205
154,191
53,209
45,148
133,169
109,300
71,161
45,174
86,272
80,183
158,296
172,325
154,287
112,215
159,301
154,200
62,144
133,179
55,129
152,140
78,151
154,242
48,202
152,178
133,331
168,321
162,350
51,206
137,336
129,134
131,166
60,256
49,240
67,154
51,244
102,208
146,107
127,117
137,205
49,202
53,125
137,215
52,157
121,314
45,167
47,199
81,268
131,221
55,123
80,174
82,190
123,316
154,211
87,274
104,292
76,136
65,149
135,195
152,147
62,256
96,282
167,346
154,256
73,264
97,283
106,294
74,134
84,193
56,164
106,210
154,253
135,217
152,185
173,338
68,117
51,215
154,231
170,322
79,268
113,306
87,197
162,307
90,276
145,348
69,171
156,292
139,107
127,114
174,333
59,141
126,221
128,130
60,142
45,160
55,249
80,165
152,125
114,217
59,117
143,345
154,218
76,135
53,247
45,186
152,154
150,112
80,187
154,267
154,196
63,258
97,284
74,129
130,111
152,128
103,290
173,331
50,150
154,238
43,139
118,310
83,272
152,166
129,144
166,319
45,229
119,311
156,291
131,148
127,123
139,340
170,343
129,138
47,239
115,307
70,262
45,153
88,198
72,128
71,263
95,282
80,156
132,219
133,174
135,190
160,304
45,179
129,221
158,295
80,178
172,328
154,274
154,207
152,135
150,109
166,348
45,196
78,146
154,233
72,126
133,217
134,217
46,143
125,322
152,354
152,173
131,157
140,105
69,157
59,256
63,171
135,334
129,131
131,163
100,207
137,202
131,329
45,146
164,313
58,138
119,219
109,298
135,183
80,268
57,119
71,163
45,172
48,144
57,254
111,300
116,217
80,169
133,177
172,327
82,270
92,201
160,301
61,256
154,285
154,214
55,131
135,196
72,264
152,142
129,113
93,280
78,149
154,263
154,240
152,180
117,309
136,215
51,208
127,325
145,107
129,132
86,196
162,310
67,156
127,119
69,160
51,246
53,123
54,123
137,213
52,159
45,165
80,160
152,120
82,188
123,318
154,209
76,138
45,191
152,149
147,107
127,129
172,340
154,270
74,132
141,344
84,195
154,251
151,113
152,187
68,119
51,217
154,229
137,107
127,322
124,320
152,161
66,152
113,304
59,169
45,234
119,312
156,294
127,124
69,169
157,295
47,224
67,171
45,158
55,251
142,105
49,219
71,264
147,350
80,167
114,215
59,119
143,347
154,216
152,127
45,184
152,156
61,117
172,339
154,265
154,194
132,109
53,159
152,130
166,347
50,148
154,236
43,141
52,208
46,138
152,168
44,142
166,317
45,227
120,220
131,150
60,169
149,354
139,342
96,204
129,136
58,167
137,199
57,138
53,212
45,151
49,220
80,158
133,172
63,144
160,306
135,184
71,164
45,177
161,307
110,213
156,352
61,142
80,180
172,330
154,272
154,205
133,182
55,132
107,295
75,135
152,137
45,194
78,144
154,247
84,191
46,141
125,320
133,334
152,175
131,159
70,119
51,205
65,171
137,339
131,165
54,163
164,349
86,195
49,243
67,153
158,352
108,212
132,166
137,200
45,144
164,315
89,199
51,153
109,296
137,210
111,302
45,170
48,146
57,252
116,219
158,300
80,171
152,115
91,276
154,283
92,203
87,273
76,141
160,303
135,198
154,212
152,144
168,319
93,278
78,155
162,352
154,261
154,254
152,182
54,128
150,354
137,340
89,274
162,308
58,169
49,244
151,354
108,211
127,113
174,334
45,137
101,289
52,153
45,163
55,252
75,264
55,119
80,162
154,354
143,348
128,326
157,352
154,223
152,122
45,189
152,151
105,293
80,184
67,260
172,342
154,268
63,257
74,130
141,342
79,155
154,249
152,189
98,284
131,110
69,262
122,221
133,108
154,227
83,271
98,205
152,163
129,147
45,232
119,314
70,123
156,288
127,126
159,352
102,207
65,258
174,337
127,221
99,205
57,135
94,203
45,156
164,311
47,200
49,217
59,254
95,281
99,284
76,266
147,352
135,189
71,169
45,182
77,267
101,286
152,158
148,108
171,325
154,279
154,192
152,132
150,110
78,143
154,234
112,302
72,123
152,170
129,148
113,303
168,345
45,225
131,152
60,171
149,352
144,105
129,142
47,235
58,165
90,200
57,136
53,210
45,149
108,296
133,170
73,129
63,146
135,186
71,166
45,175
148,107
158,299
156,354
80,182
154,286
112,214
154,203
133,180
155,287
55,134
152,139
45,192
78,150
154,245
138,107
53,128
152,177
133,332
168,320
51,207
137,337
129,135
54,161
47,240
49,241
67,155
51,245
137,206
125,221
45,142
47,222
49,203
120,314
61,171
53,126
148,352
137,208
52,156
121,315
45,168
81,269
152,162
55,120
80,173
91,278
123,317
154,281
154,210
76,143
152,117
65,150
135,192
152,146
78,153
154,259
154,252
84,192
129,111
56,163
152,184
154,230
83,191
170,325
145,349
127,115
174,332
59,138
129,326
49,204
52,155
121,316
45,161
75,266
65,117
80,164
133,166
114,216
154,221
152,124
45,187
152,153
80,186
154,266
154,199
135,215
152,191
