504,265
88,147
407,169
374,36
361,17
513,188
237,201
511,256
465,115
374,87
113,84
369,34
439,84
315,106
460,255
372,105
462,239
445,141
502,267
252,204
362,67
507,265
473,124
419,152
427,72
319,78
466,165
107,86
71,100
511,184
480,265
336,14
361,26
200,152
465,116
501,168
375,84
505,173
106,149
272,207
58,141
294,26
187,60
315,99
460,246
440,139
252,203
164,143
60,104
38,110
44,129
411,56
368,123
460,158
462,259
10,128
390,44
411,169
415,60
455,149
311,127
370,162
464,163
86,147
507,263
60,103
523,211
427,70
428,72
200,55
99,149
236,42
56,139
280,30
354,61
514,190
382,40
419,62
60,143
297,203
521,208
301,190
212,50
449,93
431,74
491,154
255,205
423,139
268,34
451,143
531,233
129,151
131,151
442,140
297,204
390,169
217,50
509,180
92,92
65,102
265,34
176,62
68,100
527,245
531,238
176,141
515,249
520,204
206,164
299,201
468,170
205,159
463,113
525,214
301,193
241,203
497,161
25,135
318,81
457,153
301,24
323,55
413,169
16,136
422,66
246,203
305,174
511,253
295,26
288,209
309,138
317,90
339,53
69,100
268,207
451,98
293,209
368,158
404,52
209,52
392,169
485,143
521,204
299,199
305,167
495,156
134,151
303,179
309,147
317,83
197,56
347,10
148,73
222,48
368,149
459,155
86,94
487,148
458,106
222,195
278,209
468,199
144,149
23,135
28,114
265,205
303,184
214,184
361,65
217,191
472,124
196,149
513,253
494,267
78,145
464,229
343,55
455,100
517,249
385,40
518,249
366,140
321,64
466,213
307,149
180,141
472,265
292,28
313,113
427,137
311,129
189,58
83,94
121,151
483,142
368,131
244,203
464,220
262,35
254,36
202,54
348,57
475,265
352,60
388,42
466,204
307,154
470,177
336,53
500,166
70,144
290,209
401,50
479,265
103,88
527,223
286,29
310,135
66,100
417,60
370,116
45,129
164,68
368,34
499,162
194,57
506,176
94,91
295,206
376,81
31,133
82,95
14,118
169,143
519,204
371,71
370,111
449,143
529,226
182,61
477,132
36,133
42,108
443,141
30,112
91,147
22,137
378,38
454,147
165,68
207,52
263,205
104,149
374,90
506,265
112,85
315,95
372,100
10,124
195,56
159,70
398,48
517,198
442,86
500,267
65,143
289,28
163,144
456,102
475,130
366,34
166,143
421,66
210,173
446,90
194,147
393,46
124,80
216,188
513,186
359,65
418,62
59,141
22,115
283,30
374,93
428,139
51,106
372,99
482,265
31,112
419,146
321,62
70,100
453,100
18,118
410,169
47,129
375,169
286,209
361,16
511,259
81,145
465,114
374,84
216,50
512,186
460,248
372,106
462,236
463,230
252,205
507,264
108,151
419,155
264,34
319,73
321,55
457,106
361,25
125,80
179,62
200,153
368,69
386,169
461,110
27,114
393,169
505,172
488,148
52,106
204,157
294,27
315,98
133,151
460,247
119,82
448,92
306,22
507,180
447,141
406,52
236,44
368,124
460,159
10,129
414,167
162,68
273,207
311,126
370,163
464,164
212,52
358,63
523,210
156,70
231,201
431,76
200,56
69,143
416,165
236,43
56,140
242,203
375,37
330,51
367,138
372,71
102,88
212,51
301,189
449,92
270,34
91,92
186,143
433,139
404,169
423,138
28,135
505,265
253,38
531,232
367,34
138,76
367,147
442,141
206,162
468,172
309,22
132,78
370,36
525,220
309,135
297,26
261,36
48,106
176,63
470,122
531,241
202,153
462,160
337,12
24,114
206,165
299,200
468,171
331,14
188,58
523,249
463,112
301,192
212,176
467,117
497,160
142,149
147,74
368,152
323,54
413,168
16,137
351,59
305,173
493,267
39,131
166,68
193,58
303,181
309,137
493,156
317,89
335,51
50,129
233,44
219,193
293,208
368,159
169,66
119,151
485,142
299,198
320,65
305,166
470,173
495,159
23,137
523,247
356,12
303,178
54,106
291,209
309,146
221,48
190,143
317,82
124,151
269,207
126,151
513,251
474,265
148,74
368,150
350,10
16,135
109,86
454,100
366,138
459,107
460,256
448,141
468,192
142,76
313,111
207,165
446,141
303,187
214,185
344,55
513,252
170,66
61,102
464,230
156,145
366,141
316,20
466,210
341,12
313,112
266,205
452,144
329,16
311,128
171,143
335,14
509,263
368,132
153,147
464,221
323,18
198,56
18,137
254,37
348,58
352,61
466,205
324,51
307,157
470,182
313,121
370,122
282,30
70,145
401,49
527,222
37,110
245,203
66,101
376,75
515,194
96,90
113,151
242,40
370,117
469,186
381,40
364,32
354,10
499,165
374,73
52,136
190,58
376,82
43,129
230,44
106,86
14,119
178,62
461,259
145,149
435,79
477,131
42,109
30,113
197,149
516,194
441,86
351,10
79,145
13,120
386,42
424,137
405,169
34,133
236,201
374,91
375,75
198,149
397,48
219,48
112,86
453,147
368,160
315,94
244,40
372,101
10,125
67,100
287,28
517,197
422,139
106,88
421,65
210,170
393,45
526,220
124,81
216,189
474,128
337,53
195,147
372,108
464,261
462,234
419,149
319,67
321,61
252,38
453,99
314,20
498,162
361,23
148,147
511,258
374,85
308,22
183,60
460,249
372,107
462,237
362,65
419,154
296,26
408,169
319,72
230,200
456,149
457,105
203,54
511,186
188,143
361,24
368,70
461,109
479,135
330,14
204,158
315,101
333,51
227,199
462,244
306,23
34,112
37,133
366,69
518,198
191,58
85,94
468,263
384,169
498,267
426,137
411,58
368,125
362,32
487,267
311,121
464,165
192,58
105,149
363,67
224,48
462,110
523,213
163,143
403,51
527,225
56,141
369,122
137,76
391,169
375,36
274,207
131,78
143,149
190,144
177,141
531,235
485,146
379,38
206,163
302,189
468,173
116,84
188,60
525,219
321,18
346,10
48,107
104,88
527,247
531,240
218,192
273,32
347,57
292,209
462,161
407,53
163,68
201,153
515,251
298,203
299,203
391,44
305,171
14,135
489,150
166,66
421,143
188,59
334,14
523,248
212,177
303,175
467,116
309,143
12,120
368,153
413,167
355,63
373,73
465,216
305,172
395,46
437,82
511,255
117,84
264,205
285,30
303,180
360,65
309,136
493,155
317,88
105,88
512,253
296,205
358,64
417,165
516,249
85,147
305,165
468,186
142,74
495,158
497,267
23,136
48,129
32,112
303,189
309,145
57,104
130,78
317,81
368,151
464,224
181,141
326,16
366,139
76,98
459,106
460,257
465,263
247,203
466,216
448,142
468,193
181,62
327,51
438,82
313,110
524,247
526,247
303,186
426,70
344,56
17,118
437,139
499,267
409,55
455,102
366,146
373,36
155,145
466,211
160,68
468,200
307,151
110,151
185,60
313,119
33,112
380,169
452,145
58,104
311,131
481,265
171,142
509,262
368,133
464,222
409,56
247,40
470,265
348,59
210,52
173,64
466,202
485,265
307,156
17,137
490,267
470,183
510,259
313,120
192,145
211,175
32,133
401,48
484,265
365,69
376,76
136,76
161,68
20,137
385,169
242,41
370,114
373,167
381,39
98,149
499,164
155,70
357,14
305,24
214,50
52,137
259,36
62,102
134,78
465,165
376,83
31,135
468,118
299,26
374,167
230,45
304,175
106,87
420,64
486,266
90,92
435,78
57,141
477,130
333,14
484,142
441,85
157,145
255,36
519,199
329,51
168,143
151,147
374,88
397,47
368,161
372,102
10,122
162,145
40,131
517,196
403,169
229,199
319,69
233,201
321,59
324,16
511,183
421,64
353,61
445,90
210,171
194,145
393,44
124,82
216,190
460,108
13,135
71,145
372,109
118,84
464,262
462,235
55,104
419,148
319,66
321,60
453,98
18,116
457,103
361,22
224,197
248,203
56,104
365,34
460,250
462,242
320,18
12,133
507,177
489,267
419,157
227,46
319,75
230,201
430,74
456,150
457,104
75,98
349,10
171,64
339,12
361,31
368,71
350,59
461,108
479,134
10,132
434,78
418,161
38,131
275,207
204,159
330,15
315,100
215,50
37,132
24,135
277,32
334,51
249,38
49,129
302,24
481,139
285,209
290,28
94,148
368,126
394,46
370,161
478,134
228,199
284,30
257,36
523,212
90,147
473,265
254,205
110,86
346,57
39,110
403,50
481,140
172,64
527,224
15,118
63,143
101,88
355,11
158,145
468,167
126,80
270,32
359,15
95,90
190,145
531,234
202,156
485,145
180,62
442,139
206,160
82,146
372,72
525,218
301,197
503,265
458,154
115,151
409,169
48,108
527,246
432,139
342,55
72,98
144,74
218,193
419,64
531,243
407,52
323,51
179,141
515,250
299,202
135,149
305,170
489,149
415,165
127,80
166,67
421,142
120,151
463,114
212,178
309,142
12,121
53,137
368,154
417,163
241,42
439,139
151,72
447,91
305,163
468,188
437,81
511,254
23,114
303,183
493,154
317,87
312,20
388,169
123,82
358,65
417,164
372,165
305,164
468,187
142,75
383,40
303,188
53,106
54,104
309,144
130,79
275,32
78,98
425,70
480,136
55,139
368,136
464,225
54,138
205,54
423,67
460,258
338,12
448,143
468,194
470,186
313,109
469,173
218,50
311,133
96,149
332,14
344,57
364,68
220,193
170,64
464,216
409,54
266,34
87,94
366,147
223,197
463,161
466,208
160,69
468,201
307,150
313,118
206,54
525,247
29,114
214,182
452,146
311,130
52,132
514,251
509,261
128,151
364,67
368,134
64,143
464,223
234,44
466,203
307,159
470,180
147,147
370,120
529,245
95,149
52,131
133,78
376,77
405,52
136,77
120,82
49,106
370,115
100,88
89,92
234,201
306,161
381,38
357,13
61,143
376,84
31,134
257,205
348,10
223,48
43,131
425,137
138,149
519,201
486,267
342,12
452,143
172,141
248,38
441,84
50,106
519,198
191,145
530,230
293,28
115,84
26,114
374,89
357,63
397,46
381,169
420,145
150,147
372,103
118,82
10,123
490,150
517,195
281,209
319,68
321,58
68,143
267,34
324,17
341,55
471,265
511,182
150,72
445,89
216,191
193,145
160,145
33,133
431,139
508,180
185,143
402,50
315,105
460,252
372,110
464,263
462,232
469,122
473,127
419,151
319,77
466,166
18,117
398,169
457,102
231,44
361,21
224,198
106,150
433,78
365,33
460,251
462,243
12,134
507,176
184,141
419,156
319,74
140,149
74,145
93,147
456,151
371,36
261,205
300,24
361,30
389,169
10,133
249,203
315,103
307,161
199,151
37,131
208,165
208,52
481,138
240,42
94,149
369,71
97,90
368,127
117,151
354,62
492,267
311,123
276,207
492,154
369,161
64,102
283,209
196,56
468,264
491,153
399,48
118,151
312,121
476,130
375,38
35,133
326,51
355,10
270,33
402,169
463,111
524,214
157,70
359,14
240,201
225,46
11,122
531,237
202,157
384,40
204,54
98,90
485,144
88,92
206,161
82,147
372,73
40,110
279,209
525,217
301,196
212,180
491,151
165,143
76,145
458,155
408,54
72,99
531,242
387,42
305,169
489,148
419,161
421,141
519,249
483,265
212,179
467,118
508,263
309,141
440,84
152,147
317,93
12,122
451,97
36,112
368,155
100,149
416,60
417,162
19,137
521,207
25,114
447,90
305,162
107,151
468,189
437,80
303,182
317,86
471,123
312,21
443,87
279,30
112,151
203,157
130,151
132,151
372,166
66,143
468,196
396,169
380,38
313,107
159,145
54,105
425,69
154,70
374,96
368,137
464,226
229,46
54,139
459,108
521,249
423,66
460,259
466,214
468,195
313,108
370,71
311,132
494,156
483,141
364,69
220,194
293,207
368,128
170,65
298,26
464,217
429,74
288,28
366,144
81,96
155,147
466,209
160,70
468,202
307,153
470,178
313,117
529,243
214,183
396,46
452,147
129,80
27,135
154,72
286,30
52,133
509,260
368,135
340,53
436,139
510,182
21,137
360,16
413,58
141,149
307,158
470,181
370,121
528,226
529,244
194,58
295,205
376,78
82,96
45,108
136,78
370,112
100,89
504,172
342,10
70,143
182,62
130,80
21,116
499,166
357,12
218,191
515,191
225,199
158,70
187,143
43,130
319,81
232,201
42,131
519,200
529,230
308,149
435,80
186,60
332,51
215,187
462,159
248,39
503,171
89,147
469,119
345,57
258,205
475,129
259,205
317,20
210,174
389,44
239,201
374,94
47,108
123,151
330,16
311,22
372,96
118,83
462,230
250,203
251,203
35,112
419,145
517,194
319,71
321,57
324,18
199,56
210,169
445,88
361,19
513,190
379,169
436,80
441,139
318,20
315,104
460,253
462,233
321,63
358,14
469,121
473,126
419,150
224,46
208,168
260,36
319,76
466,167
336,12
284,209
361,20
382,169
224,199
170,143
406,169
501,170
505,175
106,151
433,77
365,32
439,83
152,72
315,97
460,244
373,96
462,240
12,135
507,179
184,142
419,159
496,160
444,141
456,152
300,25
361,29
94,147
460,156
10,130
505,176
343,10
311,125
370,164
315,102
464,161
72,145
307,160
397,169
208,166
232,44
80,96
387,169
481,137
262,205
501,267
167,143
460,155
354,63
462,260
415,59
128,80
311,122
60,141
521,210
153,72
461,244
449,95
141,76
220,48
421,145
245,40
523,214
359,16
468,265
491,152
403,52
278,30
423,137
63,102
135,78
527,226
531,231
84,147
496,267
277,207
161,145
509,182
26,135
463,110
109,151
240,202
44,108
228,46
322,55
450,96
531,236
202,154
103,149
88,93
340,12
400,169
20,116
522,210
468,168
328,16
62,143
525,216
301,195
212,181
503,267
491,150
250,38
72,100
75,145
443,88
407,54
323,53
291,28
221,195
461,159
135,151
447,92
305,168
415,167
419,160
421,140
51,131
146,149
309,140
114,84
258,36
317,92
50,130
451,96
201,54
368,156
482,140
412,58
108,86
417,161
521,206
299,197
305,161
468,190
470,174
363,32
353,10
303,177
87,147
309,149
317,85
471,122
312,22
368,147
367,69
243,203
443,86
444,88
29,135
423,68
372,167
468,197
97,149
122,151
214,186
289,209
78,96
425,68
154,71
502,170
30,135
368,138
464,227
487,147
366,142
385,42
222,196
464,114
466,215
376,169
486,146
470,184
313,115
495,160
371,110
176,64
266,206
528,245
218,48
311,135
149,147
243,40
483,140
322,18
36,110
220,195
368,129
77,145
464,218
429,73
254,38
274,32
111,86
366,145
77,98
155,146
466,206
377,38
307,152
470,179
473,128
328,51
313,116
206,52
99,90
336,51
430,139
310,22
79,96
527,221
52,134
509,259
294,207
262,36
66,102
340,54
515,193
256,205
374,168
450,143
417,62
147,149
370,118
140,76
374,74
102,149
376,79
125,151
127,151
438,139
370,113
100,90
342,11
477,134
173,141
11,133
488,267
515,190
94,92
42,110
449,96
30,114
467,202
280,209
319,80
378,169
327,16
519,203
429,139
529,229
361,32
414,58
486,265
491,267
46,108
198,150
315,93
226,199
10,126
248,40
503,170
469,118
495,267
235,44
74,98
146,74
475,128
389,43
210,175
325,51
454,148
318,18
211,52
501,167
374,95
428,137
477,265
136,149
372,97
462,231
15,135
399,169
410,56
319,70
321,56
476,265
149,72
260,205
174,64
361,18
513,189
511,257
22,116
374,86
143,74
369,35
315,107
460,254
372,104
462,238
469,120
362,66
345,10
473,125
419,153
168,66
224,47
208,169
84,94
319,79
272,32
511,185
336,13
67,143
361,27
200,151
501,169
505,174
433,76
369,36
424,68
80,145
439,82
315,96
460,245
462,241
306,24
507,178
184,143
419,158
282,209
456,153
300,26
411,57
175,64
412,169
361,28
287,209
368,122
460,157
10,131
466,116
311,124
294,28
370,165
464,162
253,205
60,102
208,167
427,71
230,199
200,54
481,136
92,147
479,136
462,261
467,263
395,169
415,58
419,63
60,142
352,10
521,209
338,53
301,191
449,94
111,151
421,144
431,75
43,108
278,31
325,16
531,230
19,116
297,205
355,12
83,147
319,18
509,181
212,175
240,203
531,239
202,155
372,36
154,147
122,82
88,94
184,60
383,169
278,207
82,145
468,169
183,141
525,215
301,194
503,266
458,153
497,162
101,149
246,40
267,207
435,139
315,20
376,38
323,52
135,150
463,261
394,169
305,175
415,166
400,48
421,139
478,265
73,145
309,139
278,32
317,91
50,131
303,24
73,98
145,74
471,124
368,157
237,42
520,249
521,205
281,30
468,191
470,175
495,157
304,24
213,50
303,176
309,148
238,42
317,84
16,118
469,265
148,72
368,148
226,46
178,141
269,34
41,131
278,208
300,197
468,198
331,51
167,66
303,185
214,187
271,32
78,97
196,148
434,139
464,228
137,149
177,62
487,146
54,137
455,101
366,143
385,41
222,197
321,65
466,212
432,76
470,185
401,169
313,114
266,207
218,49
311,134
171,141
213,181
196,147
36,111
368,130
464,219
262,34
429,72
271,207
114,151
352,59
209,169
392,44
466,207
467,167
307,155
470,176
314,107
206,53
336,52
356,63
139,76
214,181
174,141
527,220
286,28
52,135
340,55
515,192
522,249
46,129
374,169
417,61
147,148
242,42
370,119
235,201
499,163
374,75
194,56
344,10
93,92
94,90
41,110
295,207
376,80
251,38
313,20
82,94
230,46
182,141
370,110
466,263
529,227
530,243
307,22
182,60
238,201
477,133
239,42
276,32
139,149
503,172
206,159
121,82
14,120
519,202
377,169
529,228
198,151
270,207
112,84
256,36
10,127
175,141
371,165
452,98
163,145
349,59
116,151
389,42
210,172
194,146
216,187
513,187
454,149
22,114
318,19
501,166
374,92
428,138
316,93
372,98
419,147
59,104
189,143
263,34
319,65
