468,247
469,239
381,93
471,223
38,124
203,63
308,101
474,141
59,131
27,122
357,37
434,88
514,213
272,200
440,132
478,145
31,126
492,168
496,171
189,136
463,148
303,128
310,82
38,119
379,160
237,194
436,89
390,53
51,121
420,130
445,134
502,258
492,167
40,117
334,44
428,81
469,241
472,139
310,85
387,162
236,51
329,42
476,143
387,51
354,34
375,45
508,197
453,137
273,200
424,76
178,71
55,122
510,197
430,81
471,234
491,165
255,196
175,72
378,68
451,134
103,97
379,47
204,146
377,117
467,247
65,109
321,27
304,125
381,97
471,227
273,41
294,188
354,52
106,142
274,200
130,142
458,118
60,134
187,67
391,53
377,126
467,252
208,150
462,122
304,116
431,83
110,93
349,17
314,53
375,139
142,141
485,157
343,19
311,74
352,25
422,75
351,51
355,52
395,55
72,136
127,87
400,58
511,244
462,125
466,128
109,142
473,210
258,43
314,60
265,43
339,44
375,128
410,158
379,69
412,142
290,37
93,101
97,98
372,44
392,162
176,132
163,75
400,162
383,81
20,125
151,79
469,158
473,219
475,203
221,56
477,174
375,153
250,47
128,143
75,136
292,197
367,62
372,43
376,46
487,159
109,94
181,134
76,105
352,23
135,142
32,126
471,135
473,220
440,94
375,150
412,156
213,162
69,109
268,198
17,127
303,32
308,93
451,107
437,132
512,242
296,178
457,139
133,86
414,140
201,142
520,225
298,166
136,85
464,125
432,86
472,258
110,142
475,168
438,92
134,142
33,121
469,160
219,175
322,25
412,155
379,104
512,201
457,140
41,122
459,144
443,97
323,42
508,246
515,213
383,76
316,27
298,161
101,97
173,73
485,258
144,140
490,258
524,236
310,29
477,185
78,105
412,146
221,180
245,195
482,151
66,109
298,168
161,77
91,140
475,166
20,128
495,171
524,235
218,57
57,125
368,43
494,170
477,178
280,39
83,103
155,79
379,102
513,207
347,17
459,142
42,122
223,185
266,41
291,35
522,230
472,162
456,113
113,144
169,134
206,61
336,44
411,65
377,158
54,113
219,178
312,69
193,137
160,137
215,166
418,132
296,174
333,23
302,132
223,55
209,154
500,180
471,160
168,134
311,29
369,62
259,43
465,152
250,196
306,114
522,232
321,44
233,194
328,42
146,81
310,78
475,141
498,179
500,179
124,89
148,140
239,50
306,109
399,162
518,220
300,152
121,90
410,63
38,122
22,128
116,144
504,189
429,130
491,258
382,162
454,138
95,140
207,61
375,65
394,55
192,67
283,201
300,151
469,238
381,92
471,222
74,107
75,107
310,88
99,97
171,73
207,149
67,136
308,102
59,130
350,50
318,27
390,51
428,130
51,115
434,89
514,210
420,132
31,121
306,31
215,59
492,169
496,172
300,142
469,247
471,258
310,83
476,258
406,61
228,53
174,73
436,90
81,138
51,120
216,57
162,77
420,131
445,133
252,196
108,142
164,136
55,124
257,45
168,75
84,103
156,79
469,240
473,258
254,196
346,48
39,119
386,49
135,85
191,136
339,19
354,35
467,256
52,113
453,136
424,77
80,138
377,115
471,229
404,162
150,81
118,144
286,202
253,45
294,186
167,136
103,96
195,140
520,223
377,116
253,196
321,26
304,126
200,63
381,96
471,226
409,162
48,115
375,141
69,136
200,142
294,189
242,194
383,162
455,138
458,119
377,125
467,255
510,244
462,123
304,117
289,202
497,175
371,63
375,138
504,251
435,132
367,43
350,17
352,26
351,50
400,59
309,31
23,123
466,129
217,171
473,209
265,42
375,131
410,159
213,159
379,68
412,143
93,100
97,97
372,45
176,133
506,250
507,248
383,80
352,17
359,56
469,157
217,172
290,202
473,218
475,202
221,55
458,142
477,173
375,152
267,198
36,124
292,198
376,47
414,138
109,93
181,133
455,113
383,89
205,63
376,158
360,56
519,242
364,60
475,195
440,95
375,145
504,252
213,161
69,108
344,48
17,126
308,94
512,243
384,49
457,138
296,179
404,60
169,75
133,85
508,248
203,145
520,226
298,167
464,126
467,155
432,87
486,158
438,93
211,158
33,120
219,174
238,51
368,62
275,39
477,191
101,142
283,39
412,148
379,107
512,202
37,124
148,81
293,194
404,59
153,138
508,247
383,79
294,35
331,42
524,237
410,64
359,39
476,193
477,184
151,140
412,147
221,179
245,194
100,142
299,156
413,140
416,69
516,213
298,169
49,115
242,49
381,47
364,41
57,124
494,171
477,177
294,194
223,184
377,67
302,130
18,128
352,52
425,130
522,231
230,53
456,114
70,136
312,70
193,136
160,138
514,207
418,133
296,175
333,22
137,142
302,133
377,68
127,144
209,153
235,51
380,70
424,130
500,181
168,135
374,64
502,181
344,19
397,55
312,60
302,140
175,134
288,37
306,115
91,101
518,218
522,233
233,193
70,107
310,79
498,176
164,75
499,179
46,115
488,160
158,77
306,106
518,221
441,95
300,153
121,89
452,108
199,63
38,123
231,53
307,102
115,91
46,122
375,64
433,87
198,140
224,188
67,109
34,126
398,56
422,130
408,162
65,135
283,200
300,144
469,237
452,107
381,91
75,106
366,42
349,50
207,148
261,198
342,19
474,139
59,133
389,162
51,114
507,193
514,211
58,128
251,196
215,58
257,43
496,173
300,143
193,67
463,150
469,246
310,80
43,122
379,162
436,91
240,49
445,132
502,256
257,44
442,96
64,109
279,200
466,154
39,118
371,43
480,258
418,72
333,44
489,163
282,39
85,103
157,79
304,120
143,140
471,228
498,258
44,122
450,106
451,136
294,187
505,189
56,124
372,64
377,123
412,65
467,249
470,134
224,55
321,25
304,127
87,139
89,101
456,138
28,128
375,140
315,27
201,144
515,242
458,116
187,69
351,52
212,59
377,124
394,162
467,254
510,245
402,162
166,75
511,201
478,258
304,118
433,131
473,207
493,169
152,138
371,62
423,130
335,44
375,133
297,170
229,53
454,112
352,27
422,73
355,54
373,64
217,57
309,30
264,198
433,132
217,170
473,208
314,58
246,47
265,41
104,95
339,46
68,109
213,158
375,130
410,156
93,99
176,134
103,142
163,77
383,83
516,242
352,18
188,67
155,138
85,138
28,126
32,121
469,156
473,217
182,69
475,205
241,194
477,172
278,39
375,155
75,138
292,199
414,139
181,132
326,25
383,88
205,62
423,75
461,148
437,91
438,91
475,194
375,144
504,253
213,160
69,107
124,144
17,125
308,95
512,244
296,180
169,74
404,61
499,258
203,144
520,227
352,32
81,105
298,164
464,127
66,136
467,154
160,77
486,159
139,83
57,113
477,190
283,38
174,134
412,149
505,250
379,106
512,203
225,190
383,78
351,17
360,39
524,238
410,65
329,23
477,183
479,258
484,258
378,115
221,178
251,45
416,70
271,200
516,214
521,229
45,117
373,45
472,221
185,69
389,51
238,194
312,64
477,176
481,258
375,127
502,184
214,59
179,71
347,19
223,187
444,97
302,131
377,66
470,256
254,45
291,37
202,63
348,50
102,97
232,192
319,46
456,115
371,64
361,58
312,71
480,147
196,140
379,113
506,190
333,21
302,138
385,49
209,152
327,23
113,143
385,162
284,202
471,162
168,136
189,67
357,55
312,61
302,141
306,112
518,219
233,192
381,72
199,65
310,76
498,177
449,134
92,140
488,161
506,192
415,69
443,132
465,151
30,121
86,138
306,107
468,132
92,101
258,198
316,48
300,154
232,53
452,109
18,125
255,45
378,47
165,75
170,134
248,196
465,127
394,53
365,41
320,27
468,131
489,258
35,119
398,57
442,95
65,134
300,145
229,192
469,236
381,90
309,88
366,43
421,73
308,96
59,132
434,87
514,208
161,136
35,124
496,174
24,128
277,39
370,62
193,66
447,134
469,245
472,135
310,81
188,136
175,71
322,44
406,162
501,181
249,196
51,122
502,257
442,97
264,43
212,158
230,192
468,256
289,37
100,97
172,73
445,101
339,21
325,42
418,73
354,33
84,138
333,43
136,142
63,134
199,141
510,200
249,47
157,78
304,121
381,101
471,231
366,60
262,198
450,107
294,184
460,144
52,122
382,47
377,122
412,66
467,248
470,135
363,59
370,43
62,134
231,192
87,138
403,59
63,109
375,143
197,65
144,83
293,35
407,63
395,162
179,132
458,117
187,68
278,200
97,140
26,128
462,121
120,144
304,119
433,130
90,101
152,139
446,102
375,132
454,113
383,85
382,89
241,49
352,28
358,38
363,41
473,166
309,29
217,169
473,215
474,207
314,59
99,141
261,43
481,151
410,157
375,157
303,31
379,70
432,130
36,119
347,49
419,73
388,162
122,89
506,248
163,76
383,82
330,42
24,123
352,19
158,138
127,89
183,134
116,91
523,240
28,127
290,200
473,216
475,204
477,171
375,154
105,95
78,138
318,46
234,51
414,136
205,61
461,147
338,21
493,258
523,233
211,155
57,111
475,197
149,140
332,23
375,147
504,254
308,88
222,55
169,73
98,97
296,181
436,132
520,228
352,33
81,104
298,165
23,128
524,240
29,121
122,144
430,130
33,126
57,112
275,41
477,189
412,150
379,109
269,198
512,204
513,242
128,144
221,184
225,189
343,48
383,73
448,134
49,120
360,40
524,239
33,119
73,136
54,122
477,182
426,78
218,172
315,52
409,63
195,65
416,71
509,246
516,215
111,93
45,116
341,19
473,139
194,138
312,65
494,169
171,134
502,185
488,258
514,242
347,18
294,192
223,186
296,170
226,55
64,134
227,191
444,98
484,153
302,128
449,105
291,36
522,229
280,200
298,158
50,120
378,160
327,25
186,69
361,57
159,138
312,72
480,148
305,31
379,112
215,163
180,71
506,191
102,142
284,37
302,139
87,101
490,164
405,61
79,138
227,53
50,115
310,74
113,142
457,115
235,194
476,168
357,54
312,62
118,91
89,140
306,113
257,198
281,200
300,156
106,95
324,42
341,46
381,71
199,64
310,77
410,162
504,185
486,258
145,140
488,162
506,193
431,130
185,134
402,59
465,150
139,142
30,126
468,133
306,104
398,55
316,49
300,155
452,110
236,194
441,132
115,93
461,121
479,147
27,121
46,120
211,59
357,56
375,66
381,162
382,48
478,146
244,49
34,124
184,134
282,200
283,202
138,142
300,146
469,235
470,235
71,107
381,89
207,150
300,33
308,97
337,44
466,127
47,115
514,209
220,178
227,192
34,119
496,175
193,65
469,244
472,136
310,86
314,29
297,35
208,61
407,162
210,154
47,120
308,31
510,198
430,82
471,233
163,136
43,117
48,120
339,20
508,193
417,134
333,42
228,192
199,140
510,201
157,77
304,122
87,140
381,100
181,71
471,230
384,162
233,53
204,63
294,185
117,144
154,138
362,41
487,258
492,258
377,121
412,67
467,251
363,58
399,57
314,54
375,142
142,142
315,29
326,42
217,167
152,140
446,103
375,135
177,132
145,83
476,144
343,47
237,51
19,128
383,84
520,240
352,29
82,138
105,142
358,39
473,165
463,125
217,168
346,19
473,214
165,136
314,56
99,140
375,156
474,258
347,48
367,61
298,33
506,249
352,20
392,53
380,47
127,88
167,75
205,148
446,134
214,162
290,201
475,207
477,170
375,149
286,37
37,119
131,142
119,144
318,47
414,137
382,72
459,119
521,240
25,123
461,146
432,83
470,160
117,91
211,154
266,198
475,196
375,146
412,152
504,255
308,89
292,200
94,99
41,117
296,182
320,44
429,81
112,142
203,146
520,229
298,162
467,156
486,157
142,83
497,258
356,54
139,85
396,55
58,111
275,40
477,188
412,151
379,108
512,205
434,132
221,183
225,188
482,152
448,104
411,156
340,46
383,72
21,128
522,240
45,122
210,59
360,41
327,42
477,181
426,79
103,95
379,101
223,188
444,100
251,47
287,37
114,144
45,115
427,130
356,36
140,83
380,162
219,177
312,66
215,165
294,193
296,171
134,85
227,190
444,99
484,154
302,129
86,103
417,71
475,258
222,184
298,159
447,103
141,142
17,128
198,65
327,24
356,35
361,56
416,136
312,73
480,149
88,101
379,115
215,162
270,198
365,60
462,148
302,136
345,48
490,165
226,190
182,134
310,75
353,33
317,27
452,136
21,125
460,120
414,68
312,63
239,49
62,111
306,110
257,197
403,162
517,217
518,217
438,132
209,151
263,43
504,256
381,70
420,73
166,136
498,175
504,186
416,134
435,89
332,42
460,119
488,163
113,93
369,43
439,93
281,39
306,105
316,50
300,148
68,136
107,95
452,111
381,95
471,221
336,21
59,129
115,92
190,67
137,85
46,121
263,198
382,49
478,147
503,185
34,125
59,111
131,87
300,147
324,25
471,257
366,41
353,52
406,62
426,130
308,98
129,142
59,134
71,136
275,200
492,165
427,79
285,37
469,243
472,137
380,101
310,87
39,122
386,50
80,105
297,34
501,258
322,42
476,141
104,142
56,113
152,79
358,56
141,83
220,57
40,122
313,60
510,199
419,132
245,47
444,132
430,83
471,232
233,51
196,65
268,41
418,71
195,139
488,159
508,194
276,200
376,127
377,119
397,162
55,113
302,33
304,123
288,202
469,133
381,99
181,70
471,225
44,117
233,52
450,105
184,69
294,190
318,48
509,197
128,87
377,120
467,250
470,133
245,49
115,144
314,55
63,111
375,137
315,28
301,33
458,115
496,258
277,200
133,142
464,150
390,162
467,131
413,67
126,89
270,41
473,163
466,130
217,166
114,93
375,134
412,140
287,202
145,82
476,145
209,61
108,95
343,46
383,87
520,241
352,30
328,23
473,164
503,256
473,213
475,201
314,57
483,153
72,107
367,60
477,193
243,194
352,21
388,51
205,147
192,136
28,121
265,198
146,140
475,206
477,169
190,136
375,148
126,144
201,63
292,194
296,176
494,258
517,242
461,145
432,84
180,132
211,157
29,126
219,173
475,199
98,140
412,153
308,90
312,29
457,142
296,183
244,194
320,45
194,65
271,199
274,41
77,105
298,163
247,196
139,84
53,113
401,59
474,166
477,187
425,77
412,144
379,111
512,206
221,182
42,117
482,153
448,105
383,75
518,242
81,103
151,81
298,170
157,138
147,140
524,233
176,71
53,122
57,127
129,87
477,180
243,49
77,138
170,73
444,101
484,156
251,46
162,136
299,33
377,47
356,37
393,53
219,176
291,200
57,128
312,67
79,105
215,164
418,134
296,172
150,140
448,103
302,134
484,155
256,196
516,216
298,156
450,134
312,74
480,150
502,182
379,114
506,189
276,39
465,154
302,137
87,103
125,144
306,116
183,69
495,258
227,55
120,91
500,258
21,124
460,121
173,134
414,69
61,134
306,111
257,196
518,222
187,135
316,52
209,150
260,198
410,160
504,187
285,202
361,41
416,135
172,134
248,47
306,102
159,77
96,99
316,51
300,149
272,41
381,94
75,105
125,89
308,100
474,140
59,128
477,145
26,123
27,123
393,162
51,113
514,212
477,258
482,258
119,91
215,57
348,17
463,149
453,111
471,256
292,35
95,99
149,81
406,63
379,161
308,99
390,52
138,85
362,58
143,83
177,71
197,140
345,19
492,166
60,111
132,87
428,80
469,242
90,140
472,138
310,84
39,117
386,51
297,33
322,43
342,46
476,142
386,162
508,196
453,138
424,75
468,156
55,123
111,142
186,134
260,43
428,79
140,142
471,235
175,73
451,135
195,138
508,195
442,132
153,79
83,138
377,118
199,142
304,124
381,98
181,69
471,224
317,48
202,144
294,191
337,21
338,44
377,127
467,253
363,60
383,49
510,246
331,23
245,48
74,136
314,52
63,110
375,136
142,140
325,25
209,59
391,162
19,125
352,24
422,74
355,53
319,27
400,57
473,162
421,130
462,124
483,258
466,131
473,211
240,194
96,140
25,128
446,101
339,45
375,129
412,141
145,81
94,140
97,99
209,60
156,138
123,89
383,86
520,242
352,31
358,37
469,159
473,212
475,200
76,138
221,57
477,175
99,142
408,63
375,158
469,256
128,142
347,50
292,196
147,81
75,137
477,192
376,45
340,19
269,41
109,95
454,111
439,132
352,22
355,35
205,146
334,21
191,67
473,221
475,193
440,93
477,168
225,55
375,151
504,250
303,33
308,92
73,107
292,195
296,177
61,111
133,87
201,143
520,224
295,184
461,144
246,196
304,128
432,85
107,142
211,156
304,31
213,59
219,172
475,198
283,37
412,154
379,105
308,91
457,141
296,184
262,43
320,46
178,132
271,198
383,77
298,160
396,162
271,41
477,186
27,128
154,79
121,144
412,145
379,110
512,207
221,181
245,196
247,47
376,66
383,74
151,80
301,142
401,162
475,167
519,223
524,234
234,194
57,126
477,179
426,77
335,21
379,103
459,143
279,39
484,157
323,25
132,142
82,103
377,159
216,166
312,68
130,87
193,138
160,136
296,173
302,135
305,116
516,217
187,136
206,148
298,157
415,136
405,162
377,160
471,161
480,151
502,183
414,67
219,57
112,93
256,45
465,153
302,142
87,102
490,163
313,29
296,35
227,54
267,41
93,140
259,198
498,178
307,31
239,194
21,123
22,123
123,144
330,23
239,51
306,108
518,223
187,134
65,136
121,91
88,140
252,45
398,162
295,35
374,45
504,188
410,161
394,54
306,103
300,150
