141,183
143,183
456,108
351,143
172,88
135,100
200,145
117,185
407,30
393,161
287,115
365,37
464,181
12,138
15,143
516,189
521,14
323,139
453,110
474,229
571,10
314,128
179,172
569,65
224,72
580,10
573,53
294,117
134,185
212,147
457,108
283,117
378,61
197,82
144,98
362,147
367,29
478,240
409,66
119,187
587,16
551,110
107,183
491,20
166,91
556,10
189,154
462,104
525,171
506,14
487,32
236,155
404,161
44,120
100,109
499,229
47,157
322,35
378,68
412,161
550,12
78,171
480,65
409,75
319,135
305,42
431,163
507,210
108,108
185,167
257,143
555,96
243,153
528,14
162,177
522,177
563,81
159,177
129,102
476,238
349,24
505,215
378,79
470,98
308,121
567,69
202,145
148,181
367,35
441,165
409,76
466,103
339,143
429,113
395,161
108,107
181,171
343,26
587,14
185,168
152,95
150,181
136,185
86,173
366,88
463,104
356,22
472,96
425,110
500,227
373,155
505,216
275,121
538,139
409,85
484,244
58,161
372,84
155,179
448,167
488,30
14,129
363,52
365,147
189,165
282,50
484,42
233,155
360,88
181,86
561,85
263,133
169,90
133,100
227,153
409,94
482,243
484,243
250,151
20,125
76,114
537,141
556,95
363,45
415,161
474,88
352,143
28,124
450,112
510,14
298,44
409,39
340,28
16,143
538,12
81,114
245,153
373,84
542,129
391,32
376,157
450,169
549,113
205,145
541,130
45,157
28,123
411,101
361,88
87,173
571,61
239,155
478,79
206,80
579,45
173,174
582,10
529,158
36,122
368,149
170,90
460,176
281,117
409,40
462,180
405,28
388,36
468,199
261,136
361,65
531,157
456,171
474,221
498,231
41,122
460,175
409,49
545,119
18,145
438,164
60,161
43,155
226,153
82,114
388,35
563,10
585,25
472,212
382,159
384,159
143,98
312,38
224,152
62,118
409,58
31,151
305,121
468,102
583,31
112,184
422,110
285,115
472,219
401,161
493,240
553,105
331,32
53,120
283,50
11,137
356,143
512,199
308,42
36,151
493,18
42,122
333,30
503,217
515,195
244,65
380,78
470,200
310,124
426,162
406,30
542,12
170,175
154,94
482,54
106,183
490,22
520,14
100,179
229,70
376,81
486,42
469,98
466,190
432,114
251,150
585,12
90,175
127,102
497,231
277,118
405,161
118,186
267,128
361,61
359,83
557,95
279,52
448,112
251,62
583,10
269,126
40,154
209,147
523,177
265,129
466,185
292,48
360,144
359,72
472,95
73,167
149,181
190,84
179,88
490,24
521,178
464,184
137,185
486,36
96,110
132,100
509,14
75,114
38,122
386,36
223,74
282,117
543,125
122,187
194,147
304,42
359,65
342,27
547,118
354,22
256,60
365,43
476,82
449,112
12,140
288,50
344,143
116,104
408,161
523,175
109,183
456,109
172,89
211,78
546,119
586,14
435,163
477,239
374,84
193,149
13,130
180,88
569,63
365,36
464,182
12,139
35,122
573,59
294,115
372,153
474,226
22,146
115,185
574,10
407,161
233,70
124,102
329,32
314,129
98,178
10,134
51,120
569,64
236,68
224,73
82,171
232,153
12,130
183,171
556,12
117,104
146,181
283,116
378,58
536,143
367,28
386,160
478,241
151,181
409,65
587,19
551,105
439,165
345,26
127,187
556,11
187,165
189,153
462,105
525,170
44,121
100,110
499,228
504,217
50,157
378,69
72,114
235,155
480,66
409,74
10,136
301,44
411,161
52,120
507,213
237,68
257,142
555,99
541,12
366,86
24,147
563,80
476,239
478,80
505,214
567,68
308,122
128,187
312,125
367,34
409,83
429,112
160,177
163,92
201,145
318,134
488,24
494,18
60,118
259,139
578,10
227,72
484,44
130,100
561,83
293,46
275,120
316,129
409,84
484,245
537,139
390,161
486,245
488,31
189,164
282,51
484,43
214,148
89,112
90,110
561,84
501,227
28,149
544,12
529,163
56,161
184,86
350,24
575,10
409,93
84,172
20,126
257,145
537,140
498,16
279,117
338,28
363,44
491,243
474,89
553,12
332,143
370,86
26,148
228,72
430,114
492,18
332,30
206,78
579,39
386,159
575,51
298,45
462,178
409,38
84,171
413,161
16,128
539,137
501,14
234,68
549,112
541,129
393,30
411,100
529,12
90,112
571,60
478,76
579,44
173,173
529,157
17,126
238,155
368,150
460,177
462,181
409,47
523,14
545,125
455,110
203,145
392,32
468,192
492,241
361,64
70,167
452,169
531,156
182,86
456,172
248,153
250,62
134,100
172,175
409,48
322,137
583,33
438,165
60,162
539,135
469,199
472,213
553,103
92,175
165,175
320,136
312,39
94,110
224,153
370,152
535,145
409,57
583,30
548,12
508,14
112,185
366,148
427,112
380,48
472,220
553,104
493,239
482,60
250,64
432,163
259,60
565,77
515,194
244,66
463,181
470,201
310,125
497,237
426,163
543,129
377,157
361,59
359,85
54,118
458,173
482,55
124,187
513,199
490,23
533,12
224,151
439,114
376,82
583,12
112,183
151,96
428,112
466,191
527,14
107,108
93,177
496,16
277,117
118,187
561,10
361,60
359,82
557,94
532,153
137,183
177,88
486,34
269,125
416,106
570,10
40,155
349,143
131,100
403,161
519,183
523,176
171,90
191,151
360,145
359,75
430,163
88,112
344,26
38,153
221,151
476,84
223,151
521,177
464,185
137,184
412,102
486,37
114,185
321,36
536,12
366,35
386,37
371,84
354,23
121,187
193,147
195,147
374,82
215,76
256,61
365,42
476,83
517,189
230,70
12,141
178,88
15,128
309,40
116,105
523,174
456,110
403,28
499,16
172,90
526,167
268,56
34,151
57,161
460,106
27,124
154,179
193,148
506,213
365,35
464,183
135,185
102,180
12,132
573,58
372,154
474,227
292,46
22,147
43,122
425,112
142,183
325,34
515,14
98,179
10,135
365,28
224,74
248,64
232,154
12,131
183,170
441,114
189,159
192,82
484,48
474,234
314,38
152,181
99,110
337,143
378,59
362,145
221,74
367,31
386,161
409,64
390,34
587,18
509,207
510,203
518,185
299,117
525,169
304,120
149,96
574,53
44,122
426,112
499,231
174,88
378,66
72,115
273,54
78,169
480,67
409,73
10,137
500,14
507,212
162,92
382,46
257,141
555,98
367,149
243,155
392,30
249,64
366,87
59,118
442,114
208,145
156,94
467,102
159,179
289,48
421,110
243,66
478,81
261,58
409,161
522,14
524,171
505,213
286,50
470,96
308,123
567,71
312,126
59,161
225,153
409,82
318,135
488,25
363,49
511,201
422,161
410,98
484,45
302,44
130,101
150,96
561,82
175,88
379,78
253,62
316,130
409,91
109,106
54,160
19,126
153,94
180,171
189,163
176,88
214,149
90,111
110,106
492,20
501,226
263,135
30,150
529,162
379,71
471,96
98,110
388,161
280,117
409,92
318,38
84,173
575,53
341,143
551,12
257,144
338,29
14,142
363,47
491,242
26,149
211,147
360,65
492,19
332,31
478,74
206,79
99,179
375,155
167,175
575,50
462,179
409,37
545,123
539,136
83,171
450,167
234,69
230,153
145,183
571,63
478,77
240,66
368,151
409,46
465,185
545,124
266,58
526,14
438,163
560,10
468,193
161,177
240,155
354,143
29,122
435,114
456,173
297,117
250,63
215,149
147,96
409,55
103,181
583,32
287,50
18,143
573,10
60,163
539,134
558,91
82,112
472,214
553,102
353,24
429,163
527,163
255,145
320,137
347,26
312,40
535,144
370,153
409,56
29,149
123,102
252,149
366,149
299,44
380,49
235,68
472,221
309,123
310,123
329,143
497,235
539,12
381,46
436,114
76,169
381,159
419,107
148,96
503,219
565,76
559,89
106,108
380,72
470,206
452,112
497,236
446,167
543,128
361,58
359,84
54,119
271,56
81,171
482,52
320,135
106,181
513,198
490,20
36,152
515,189
486,40
306,121
519,185
461,177
466,188
324,34
380,71
272,56
295,46
69,167
359,77
364,24
94,177
557,93
79,114
409,98
358,143
126,187
453,169
483,52
66,116
249,153
486,35
269,124
92,110
519,182
467,191
186,86
191,150
547,115
359,74
214,76
52,159
476,85
581,39
272,54
398,161
113,185
208,78
264,133
543,127
359,67
401,28
460,108
26,124
374,83
543,12
195,146
503,14
256,62
365,41
455,171
517,188
246,153
395,30
413,104
116,106
260,58
578,45
147,181
315,129
525,14
139,98
378,54
361,22
369,86
460,107
389,161
218,149
102,181
573,57
372,155
252,62
471,209
474,224
292,47
63,118
10,132
103,108
364,147
365,27
418,161
281,52
232,155
346,143
189,158
192,83
484,49
474,235
310,40
475,235
408,32
140,98
378,56
367,30
409,71
565,10
361,145
587,21
509,206
56,118
551,107
480,60
540,133
164,177
39,153
187,167
525,168
563,77
304,121
359,22
396,28
218,76
495,237
297,46
499,230
378,67
72,116
552,105
567,73
480,68
409,72
500,15
433,114
112,106
555,101
243,154
392,31
531,12
343,143
208,146
300,117
302,42
285,50
159,178
325,139
421,109
451,112
470,97
567,70
312,127
316,132
409,81
391,161
513,14
220,149
132,185
66,165
488,26
363,48
398,28
511,200
494,16
167,90
259,141
23,124
48,157
484,46
304,119
214,147
561,81
445,112
271,121
572,10
97,110
316,131
409,90
584,29
434,114
54,161
420,161
445,167
474,92
371,153
189,162
140,183
350,143
477,82
501,225
263,134
30,151
529,161
535,143
575,52
153,181
64,163
409,35
262,58
544,125
328,141
14,143
380,46
363,46
182,171
370,84
444,165
355,143
32,122
380,157
95,177
480,241
478,75
579,41
409,36
545,122
77,114
539,139
63,163
306,42
111,183
169,175
424,161
411,102
531,153
145,182
273,121
571,62
331,143
115,106
240,67
315,38
409,45
89,175
294,46
157,179
68,165
468,194
288,115
517,14
527,165
74,168
278,54
423,161
104,181
303,42
37,122
204,80
409,54
583,35
366,147
82,113
49,120
88,173
72,167
472,215
553,101
496,237
454,170
533,151
554,12
576,49
298,117
535,147
367,86
409,63
503,221
385,38
85,173
160,92
380,50
313,127
497,234
502,14
364,43
482,58
394,30
530,12
415,105
419,106
75,169
205,80
577,47
61,118
503,218
158,94
565,75
108,183
54,159
206,145
423,110
559,88
524,14
263,58
50,120
341,28
360,22
380,73
470,207
199,82
74,114
42,155
426,161
361,57
359,87
533,153
335,30
482,53
579,10
513,197
490,21
36,153
572,59
335,143
249,151
178,173
486,41
91,110
519,184
466,189
161,92
326,140
255,62
20,145
185,86
118,185
359,76
96,177
557,92
409,97
155,94
457,173
444,112
249,152
86,112
486,32
269,123
270,123
564,10
359,69
451,169
13,141
476,86
133,185
321,137
358,22
158,179
348,24
296,46
260,60
479,72
136,98
523,171
581,38
49,157
253,149
272,55
470,208
452,110
348,143
543,126
302,119
359,66
332,32
189,84
46,120
174,173
362,53
291,115
365,40
517,187
239,68
77,169
459,175
102,179
284,50
413,103
87,112
202,80
183,86
534,12
222,151
520,181
260,59
474,230
378,55
196,82
512,14
179,171
31,122
573,56
474,225
22,145
95,110
387,161
378,62
98,177
10,133
465,104
47,120
123,187
33,151
35,151
551,109
365,26
142,98
203,80
295,117
189,157
192,84
374,155
484,50
528,163
217,76
474,232
420,108
494,239
48,120
322,36
378,57
360,143
125,102
416,161
337,30
390,32
409,70
507,209
587,20
509,205
551,106
480,61
175,173
55,118
187,166
525,167
396,29
163,177
385,159
104,108
378,64
567,72
437,163
404,28
480,69
336,143
409,79
466,104
382,44
555,100
257,60
208,147
300,118
84,112
247,153
302,43
564,77
421,108
73,114
384,40
316,133
409,80
220,150
516,14
318,133
488,27
14,130
566,10
363,51
473,92
184,169
511,203
494,17
259,140
64,116
484,47
171,175
190,153
105,108
213,147
153,179
409,89
488,243
330,32
212,76
548,115
91,175
419,161
189,161
85,112
307,42
200,80
501,224
231,70
529,160
237,155
364,88
384,38
418,106
222,74
153,180
64,164
409,34
318,36
122,102
379,54
328,142
509,209
274,54
24,124
210,78
231,153
487,243
380,47
186,167
370,85
26,147
444,166
65,116
541,133
380,158
346,26
74,167
165,177
242,155
480,242
478,72
579,40
462,177
409,43
545,121
584,12
442,165
188,84
539,138
213,76
468,196
261,139
62,163
334,30
145,181
201,80
474,222
207,78
365,88
240,68
409,44
122,104
195,82
266,56
254,62
291,48
459,108
25,124
68,166
468,195
472,209
449,167
527,164
489,24
74,169
196,145
414,104
535,149
409,53
176,173
502,223
583,34
464,104
88,174
585,29
289,115
380,52
472,216
549,111
568,67
421,161
567,10
454,171
255,147
533,150
58,118
216,76
535,146
370,151
409,62
545,12
194,82
503,220
468,98
351,24
102,108
160,93
380,51
126,102
17,143
146,96
554,101
497,233
120,187
361,55
275,54
482,59
428,163
513,195
415,104
475,88
577,46
565,74
559,91
251,149
380,74
470,204
328,32
314,127
361,56
359,86
533,152
27,149
83,112
513,196
128,102
515,191
466,186
470,199
326,141
359,79
472,92
129,187
557,91
409,96
501,223
286,115
198,145
383,159
476,88
424,110
80,171
558,10
444,113
105,181
486,33
399,161
265,133
71,116
186,84
336,30
300,44
547,117
359,68
22,124
540,12
317,133
434,163
180,86
476,87
577,49
560,87
505,14
363,88
417,106
348,25
168,90
136,99
120,104
581,37
253,148
470,209
452,111
549,12
191,153
232,70
131,185
365,39
517,186
577,10
413,102
274,121
234,155
474,231
80,114
278,117
207,145
317,38
303,119
327,141
587,25
550,111
569,67
534,149
519,14
355,22
488,32
37,153
573,55
121,104
484,52
39,122
242,66
283,115
378,63
144,96
307,121
497,16
480,72
461,106
562,10
552,12
551,108
365,25
311,125
296,117
485,245
437,114
40,122
189,156
462,106
484,51
474,233
499,227
340,143
50,158
68,116
216,149
378,70
409,69
390,33
587,23
509,204
382,42
402,28
130,185
480,62
528,12
166,92
559,10
193,82
563,79
396,30
218,74
476,236
166,175
495,239
339,28
378,65
145,96
537,12
367,33
480,70
481,243
407,32
409,78
483,243
362,22
382,45
144,183
570,63
438,114
300,119
476,235
582,35
69,116
55,161
93,110
275,119
384,41
387,36
409,87
500,16
269,56
220,151
440,165
353,143
394,161
488,28
363,50
402,161
511,202
64,117
228,70
282,52
157,94
267,127
561,87
271,123
409,88
326,34
537,143
209,78
212,77
487,245
363,43
474,90
189,160
200,81
272,121
188,165
30,149
16,126
384,39
298,46
64,165
118,104
318,37
409,33
122,103
489,243
363,147
328,143
417,161
454,110
509,208
41,155
187,84
425,161
376,155
14,141
549,115
444,167
541,132
411,99
380,159
532,12
571,59
165,176
292,115
480,243
25,147
478,73
579,43
562,81
409,42
545,120
19,145
458,108
405,30
79,171
468,197
514,14
383,42
261,138
531,155
399,28
474,223
569,10
290,48
409,51
119,104
266,57
322,138
68,167
585,27
141,98
396,161
472,210
238,68
357,143
527,167
431,114
57,118
168,175
278,52
241,66
535,148
409,52
320,36
468,100
583,29
101,108
447,112
88,175
585,28
380,53
363,23
472,217
67,165
51,159
54,120
255,146
533,149
78,114
333,143
101,179
504,14
308,40
409,61
580,39
301,119
503,223
468,99
515,193
228,153
267,56
160,94
380,76
470,202
327,34
497,232
116,185
361,54
359,88
458,174
576,10
482,56
419,108
577,45
443,114
565,73
566,73
21,145
316,38
559,90
585,14
380,75
470,205
328,33
326,139
97,177
361,63
359,81
217,149
114,106
518,14
262,135
71,167
515,190
265,131
466,187
70,116
44,156
389,34
359,78
472,93
92,176
129,186
21,124
345,143
555,12
444,114
486,38
197,145
111,106
265,132
366,28
186,85
386,38
44,155
547,116
359,71
586,25
354,24
180,87
521,181
577,48
288,48
348,26
136,100
523,173
581,36
253,147
191,152
342,28
407,31
342,143
365,38
517,185
12,137
324,139
125,187
34,122
474,228
219,149
179,173
587,24
569,66
183,169
573,54
294,116
138,183
378,60
362,146
144,97
406,161
409,67
375,82
414,161
587,17
290,115
551,111
365,24
139,183
199,145
166,90
189,155
100,108
210,147
446,112
266,129
322,34
50,159
378,71
78,170
244,153
480,64
409,68
507,211
587,22
509,203
382,43
555,97
204,145
480,63
443,165
61,163
528,13
397,161
511,199
277,54
563,78
218,75
476,237
535,12
495,238
478,82
265,58
378,78
367,32
480,71
479,241
409,77
466,102
429,114
108,106
587,15
185,169
152,94
490,243
330,143
191,84
568,10
130,102
425,111
505,217
567,67
384,42
409,86
246,64
156,179
508,209
436,163
113,106
555,95
352,24
229,153
488,29
14,128
363,53
254,147
64,118
228,71
581,10
447,167
561,86
378,80
271,122
276,119
478,239
409,95
137,98
338,143
392,161
400,161
20,124
537,142
338,30
212,78
487,244
491,241
474,91
261,135
427,163
268,127
530,157
200,82
557,10
547,12
359,143
16,127
507,14
311,40
575,49
409,32
247,64
173,88
376,156
450,168
468,191
234,70
549,114
270,56
256,145
258,141
481,60
541,131
28,122
411,98
473,221
258,60
478,78
579,42
173,175
529,159
397,28
53,159
409,41
138,98
323,34
405,29
468,198
363,24
261,137
33,122
531,154
293,115
225,72
334,143
357,22
177,173
409,50
322,139
18,144
219,74
539,133
388,34
284,115
585,26
472,211
198,82
527,166
433,163
495,16
278,53
260,139
485,42
409,59
468,101
559,87
45,120
319,36
378,157
380,54
363,22
400,28
472,218
493,241
454,169
164,92
440,114
226,72
308,41
152,96
409,60
503,222
515,192
220,74
347,143
511,14
244,64
65,165
380,77
470,203
23,147
192,149
361,53
458,175
482,57
106,182
415,106
376,80
67,116
369,151
251,151
585,13
328,34
277,119
267,129
361,62
359,80
165,92
241,155
280,52
11,132
583,11
159,94
269,127
40,153
519,181
245,64
265,130
44,157
191,149
32,151
359,73
379,157
472,94
92,177
129,185
514,195
521,179
377,80
30,122
486,39
313,38
546,12
18,126
110,183
410,161
547,119
359,70
342,26
368,86
195,145
276,54
521,180
288,49
362,88
523,172
264,58
46,157
581,35
