323,130
346,33
182,150
186,93
115,177
207,138
104,115
142,174
350,77
392,152
180,95
276,61
560,64
539,116
141,176
381,86
554,78
494,224
421,117
152,172
499,23
69,158
34,144
307,114
103,115
63,156
105,174
412,113
92,119
556,19
433,154
498,214
44,129
47,148
273,63
327,132
387,51
301,52
305,49
214,85
431,154
237,76
315,120
387,64
155,172
417,115
570,43
496,217
59,127
294,108
405,103
134,176
319,124
289,57
129,109
432,154
470,107
308,114
148,174
441,156
387,56
52,127
311,116
333,39
387,73
484,85
516,170
437,121
438,121
462,115
236,146
400,91
571,17
335,37
373,146
275,112
354,52
389,152
544,108
109,115
315,118
316,120
387,78
448,160
358,40
566,54
180,162
39,146
496,215
371,143
406,105
467,109
233,146
252,71
218,83
400,82
574,33
243,73
354,92
231,77
552,84
170,97
280,108
227,144
480,95
84,164
250,140
514,176
326,41
76,123
296,108
358,35
86,164
400,58
256,132
517,22
186,144
26,140
463,113
410,111
268,65
400,73
401,93
310,49
536,123
69,123
215,140
276,112
477,198
361,136
19,133
353,134
81,121
321,125
391,43
400,49
365,140
518,167
228,79
360,95
487,68
181,95
400,64
239,146
526,150
493,46
133,109
281,108
483,232
29,140
502,201
455,118
459,115
351,33
563,60
395,37
487,236
400,40
352,134
408,152
578,22
272,114
400,71
456,164
475,192
576,32
190,142
415,113
93,119
493,39
479,212
363,138
439,156
556,77
523,156
373,93
450,160
251,138
254,133
400,47
205,138
578,17
230,146
530,140
532,21
384,152
532,132
550,90
368,140
97,117
411,152
123,111
488,235
159,101
366,140
422,119
479,98
299,53
235,77
400,38
309,116
568,46
53,127
27,131
500,206
569,17
532,131
572,42
460,166
287,57
345,34
259,69
352,60
226,144
425,154
66,156
563,19
166,99
385,82
377,149
32,131
469,178
95,168
485,82
352,68
468,109
54,152
402,98
463,170
432,123
549,21
475,191
295,55
405,152
424,154
481,95
45,129
564,57
114,113
518,21
495,33
266,65
504,23
395,152
126,178
308,49
453,162
352,91
119,113
301,110
448,121
473,103
510,188
402,93
260,67
356,95
321,43
68,158
524,153
356,46
149,172
52,150
153,103
137,176
229,79
67,124
413,152
469,107
270,116
473,104
491,50
534,127
321,44
554,82
349,33
95,118
574,17
304,51
546,101
567,18
79,121
354,31
262,124
101,172
481,218
485,77
323,126
33,143
506,194
71,158
552,19
383,152
344,136
40,129
160,101
182,156
477,101
502,23
139,107
471,182
57,153
369,95
350,75
576,17
515,174
519,21
87,119
162,170
222,144
189,142
157,101
447,159
182,151
494,222
115,176
297,53
47,129
504,196
124,111
142,175
497,27
557,74
103,117
236,77
560,65
246,146
232,146
346,134
381,85
109,176
554,79
257,69
188,142
105,115
140,105
303,112
550,19
220,142
139,176
105,173
548,92
125,178
197,138
127,178
520,160
337,136
63,125
505,196
329,41
390,45
301,51
433,123
237,75
112,113
387,67
264,65
445,158
483,87
346,136
516,172
496,218
59,126
117,113
134,177
285,59
325,132
353,91
387,59
261,67
354,58
357,95
417,154
387,72
279,110
142,105
180,164
199,136
549,92
516,171
534,21
444,158
400,92
130,109
154,103
373,145
445,121
446,121
512,23
347,33
354,53
320,124
566,55
180,163
277,61
371,142
489,63
400,83
350,134
387,152
354,93
451,119
552,85
128,178
477,204
280,109
250,141
514,177
264,118
338,37
391,45
157,170
177,97
358,32
288,108
400,59
517,21
186,145
522,160
211,139
528,140
253,71
400,74
536,124
434,156
477,197
77,123
101,117
321,124
390,152
391,42
486,236
400,50
365,139
39,131
518,164
351,72
578,28
411,111
487,71
163,168
400,65
535,21
378,89
184,93
493,45
315,47
133,108
483,235
502,206
351,32
558,72
289,108
490,234
400,41
578,23
427,154
182,95
30,131
419,117
493,38
41,129
556,78
373,92
501,23
231,146
566,19
198,89
473,187
258,130
97,170
205,137
87,165
469,175
115,113
173,166
532,133
550,91
138,107
488,236
400,39
473,188
238,75
327,41
309,115
568,47
70,158
292,108
96,170
500,207
177,164
507,23
418,115
311,49
98,117
443,121
172,166
345,33
259,68
43,147
351,31
352,61
423,119
524,21
385,81
42,146
223,81
194,140
377,148
469,177
54,127
165,168
495,27
485,81
36,144
224,144
352,69
112,176
510,186
402,99
428,121
467,174
452,119
180,156
549,20
475,190
20,136
295,54
481,94
564,58
255,132
293,108
495,32
225,81
453,161
555,19
119,112
270,114
219,83
347,134
403,152
43,129
244,73
126,109
310,116
524,154
356,47
261,124
262,122
408,107
124,178
196,138
71,160
533,21
352,83
133,178
412,111
491,53
474,103
369,142
71,123
182,154
554,83
118,178
389,47
67,157
302,110
546,98
241,146
481,217
189,93
101,171
121,178
406,152
374,91
33,142
506,195
230,79
183,95
131,109
538,122
420,117
477,100
139,106
416,154
57,152
369,94
350,72
460,115
409,109
88,119
486,77
38,144
221,144
449,119
114,176
447,158
494,223
371,93
504,197
513,178
497,26
465,113
103,116
185,146
560,66
346,135
309,49
419,154
203,89
192,91
109,175
495,220
188,143
522,21
125,111
59,154
156,170
512,178
516,23
105,172
548,93
570,46
55,127
184,146
520,161
258,69
149,103
498,212
47,150
325,43
327,134
387,53
575,17
540,21
517,168
367,140
243,146
387,66
248,71
483,86
516,173
203,87
496,219
285,58
325,131
492,47
166,168
547,21
197,89
200,136
387,58
482,228
119,178
339,136
35,131
387,75
577,17
107,174
506,23
400,93
149,105
335,39
373,144
213,140
535,126
354,50
358,95
566,52
26,131
467,111
489,62
400,84
243,75
231,79
552,86
471,107
477,203
280,110
227,146
250,138
260,124
264,119
391,44
177,96
358,33
485,236
400,60
497,214
65,125
211,138
356,31
447,160
410,109
528,141
89,119
253,70
531,136
400,75
487,73
536,125
175,97
450,119
344,35
414,113
475,101
477,196
462,168
483,229
19,135
383,83
77,122
442,156
558,70
372,93
400,51
365,138
39,130
332,136
518,165
282,59
487,70
307,49
398,152
400,66
537,122
155,101
526,148
359,136
202,136
240,75
365,97
493,44
315,46
133,107
134,107
540,112
483,234
341,136
252,136
343,35
511,23
555,78
459,117
558,73
560,19
395,39
270,63
400,42
169,168
578,20
192,140
48,129
74,160
475,194
190,140
493,37
479,214
119,111
29,131
340,37
538,21
82,121
373,91
378,150
106,115
473,186
205,136
45,148
530,138
87,164
469,174
27,140
532,134
550,88
204,87
352,72
575,32
541,112
195,89
291,55
422,117
309,114
240,146
329,134
354,134
120,178
32,142
568,48
435,123
92,168
476,194
495,29
393,152
147,105
311,48
572,36
424,119
118,113
465,171
489,234
352,62
43,146
492,224
314,118
389,51
564,60
359,95
469,176
95,170
318,122
485,80
128,109
551,88
312,47
352,70
479,205
465,172
305,112
510,187
402,96
168,99
549,19
180,157
514,23
401,152
481,93
524,156
564,59
76,160
275,61
495,35
78,121
453,160
64,156
66,125
270,115
453,119
493,224
167,99
336,37
524,155
263,65
356,40
408,108
262,123
266,118
534,130
352,84
177,95
306,112
363,97
491,52
369,141
156,101
272,63
182,155
554,80
457,117
258,126
208,87
99,117
389,46
67,156
546,99
576,28
189,92
481,216
101,170
506,192
198,138
508,188
183,94
209,138
234,146
477,99
80,121
525,21
369,93
332,39
350,73
106,174
342,136
443,157
100,170
162,168
255,69
132,109
187,144
519,164
494,220
115,178
542,110
504,198
497,25
461,115
465,112
156,172
565,56
507,192
459,165
150,172
560,67
246,144
203,88
116,113
489,65
109,174
425,119
527,146
216,140
125,110
481,227
156,171
394,39
33,144
512,179
38,131
239,75
102,172
548,94
184,147
96,117
520,162
193,91
49,129
509,23
498,213
233,77
325,42
145,105
169,99
387,52
481,228
508,192
364,138
387,69
483,89
516,174
496,220
285,57
325,130
385,152
387,61
354,56
544,104
562,62
565,19
215,83
291,108
58,154
130,178
132,178
387,74
440,156
249,71
566,50
299,109
304,112
528,144
361,97
149,104
426,120
335,38
72,123
235,146
354,51
434,123
458,117
209,87
355,48
284,108
468,174
566,53
531,21
366,95
518,168
371,144
467,110
489,61
400,85
574,36
243,74
25,131
354,91
231,78
552,87
477,202
153,172
262,67
544,102
250,139
328,134
383,85
187,93
260,125
498,23
264,120
358,38
490,230
400,61
370,93
406,103
355,134
446,158
463,114
528,142
487,72
253,69
400,76
536,126
526,146
311,47
477,195
483,228
247,71
19,134
77,121
558,71
541,21
285,108
400,52
578,26
487,65
90,119
400,67
554,19
526,149
365,96
493,43
476,101
540,113
502,204
89,166
252,137
294,55
459,116
395,38
548,96
490,232
400,43
494,37
578,21
206,87
334,136
190,141
375,147
241,75
520,21
479,209
484,236
158,101
88,166
234,77
72,160
254,136
473,185
258,128
449,160
530,139
567,50
532,135
550,89
256,69
203,136
392,41
85,164
313,118
353,31
431,121
568,49
403,101
495,28
250,71
303,51
530,21
572,37
205,87
352,64
61,125
465,170
21,138
352,63
316,45
492,225
481,91
389,50
194,138
217,142
350,82
495,37
500,208
501,206
437,156
367,95
352,71
479,204
249,142
491,57
510,184
402,97
180,158
496,27
481,92
495,34
409,152
265,118
383,151
457,164
444,121
108,174
398,37
538,118
341,37
386,81
356,41
451,160
474,188
81,163
408,109
418,154
352,85
376,91
358,31
178,164
491,55
369,140
110,176
182,152
554,81
258,127
389,45
176,97
34,131
576,29
81,164
189,91
190,91
226,81
481,223
506,193
508,189
284,59
178,95
324,130
269,116
220,83
111,113
349,134
538,120
522,158
323,129
511,182
426,154
100,117
135,107
303,111
379,150
471,179
350,78
387,81
61,154
443,156
162,169
49,150
399,37
536,21
348,134
494,221
542,111
504,199
307,113
497,24
375,91
455,163
77,162
459,164
560,68
246,145
396,152
416,113
227,81
489,64
191,140
543,108
360,136
196,89
125,109
293,55
481,226
337,37
512,180
281,59
135,176
548,95
570,44
37,131
184,148
520,163
138,176
49,128
360,96
546,21
498,210
426,119
28,140
342,35
325,41
165,101
169,98
387,55
336,136
215,85
387,68
483,88
566,56
330,134
441,121
374,146
400,88
314,47
480,214
222,81
387,60
354,57
544,105
562,63
387,77
229,146
566,51
39,145
406,106
64,125
299,108
528,145
489,59
574,34
426,121
174,97
276,110
354,48
500,23
224,81
209,86
208,138
85,119
489,60
400,86
571,42
557,19
362,136
73,123
364,97
552,88
221,83
477,201
225,144
544,103
247,73
274,63
383,84
260,126
264,121
173,97
358,39
490,231
400,62
211,140
528,143
140,176
487,75
472,107
400,77
25,139
526,147
379,89
475,103
477,194
523,21
338,136
483,231
502,202
455,117
188,93
83,164
400,53
578,27
85,121
268,116
400,68
110,115
25,140
155,103
248,142
365,95
493,42
540,114
483,236
502,205
252,138
363,137
548,97
490,233
254,134
473,183
400,44
23,138
578,18
357,135
242,146
375,146
412,152
379,87
435,156
479,208
479,97
464,113
213,85
473,184
258,129
23,131
530,136
87,166
145,174
201,89
331,135
207,87
490,57
388,152
194,91
195,91
291,57
102,117
49,127
470,178
146,105
20,133
313,117
568,50
495,31
485,85
529,140
55,152
572,38
439,121
352,65
478,204
176,164
103,172
510,182
21,137
43,148
355,93
463,169
107,115
492,226
389,49
194,139
429,154
396,37
217,141
454,162
350,83
404,101
495,36
317,122
500,209
216,83
370,142
352,88
479,207
62,125
362,97
491,56
510,185
402,94
180,159
456,117
171,97
542,112
436,123
275,63
428,154
322,126
381,150
383,150
148,105
279,59
67,123
269,65
473,107
491,49
538,119
521,21
341,36
22,138
95,117
300,53
263,67
356,42
546,102
567,17
515,23
98,170
81,162
83,121
266,116
345,136
534,128
352,86
31,142
491,54
461,168
46,148
324,43
326,132
182,153
539,21
353,58
283,108
393,41
67,158
471,181
576,30
117,178
154,172
481,222
33,131
198,136
508,190
223,144
80,162
377,91
491,47
538,121
522,159
466,172
323,128
488,65
380,87
147,174
317,45
303,110
471,178
350,79
481,215
387,80
505,23
37,144
334,39
120,111
113,176
242,75
542,108
504,200
232,77
144,105
307,112
94,168
562,19
514,174
455,162
77,161
521,160
560,69
464,170
416,114
274,112
227,80
404,152
478,99
78,162
481,225
465,111
305,51
512,181
63,155
355,31
528,21
570,45
553,19
184,149
59,125
520,164
62,154
134,178
360,97
214,140
217,83
498,211
165,100
148,172
169,97
387,54
503,23
215,84
287,108
387,71
136,176
483,91
413,113
516,168
437,123
319,123
267,65
400,89
510,23
387,63
298,53
354,54
544,106
562,60
269,63
56,127
257,130
387,76
180,160
39,144
421,154
406,107
559,19
528,146
489,58
400,80
574,35
28,131
339,37
271,114
537,21
276,111
354,49
250,142
514,178
259,126
209,85
161,170
144,174
400,56
256,130
186,146
300,110
263,122
302,51
487,77
400,87
150,103
221,82
477,200
247,72
391,152
454,119
41,146
60,154
245,146
264,122
376,148
391,41
358,36
490,228
400,63
164,168
402,152
48,150
191,91
267,116
487,74
400,78
25,138
379,88
53,151
475,102
540,116
483,230
29,142
502,203
19,136
79,162
388,51
306,49
91,167
400,54
578,24
85,120
487,67
272,112
400,69
331,136
155,102
248,143
375,148
290,57
493,41
167,168
540,115
513,23
363,136
201,136
559,70
141,105
548,98
254,135
473,182
400,45
23,133
578,19
542,21
357,134
430,121
380,150
382,150
168,168
278,61
572,17
479,211
320,45
556,74
479,96
183,150
331,41
51,150
530,137
273,112
331,134
499,210
544,21
265,65
283,59
30,142
356,134
418,116
572,40
195,90
163,101
291,56
259,67
352,58
228,146
492,228
313,116
116,178
357,136
57,127
495,30
170,166
485,84
143,105
532,136
572,39
221,143
352,66
176,165
181,156
510,183
402,100
21,136
463,168
467,173
50,127
432,121
447,121
90,166
492,227
475,189
331,39
295,53
389,48
217,140
350,80
333,136
404,102
317,121
500,210
543,21
352,89
479,206
279,61
402,95
422,154
151,103
479,95
356,93
525,150
253,136
278,110
356,44
275,62
170,168
193,140
104,172
75,160
413,154
469,109
269,64
473,106
491,48
538,116
341,35
127,109
74,123
75,123
554,84
407,152
282,108
263,66
122,178
356,43
393,39
524,150
482,91
219,142
298,108
266,117
485,79
506,196
534,129
352,87
449,121
288,57
508,23
461,167
185,93
393,40
139,105
471,180
576,31
151,172
481,221
179,95
198,137
218,142
508,191
377,90
394,152
254,69
570,17
111,115
438,156
573,36
522,156
372,144
212,140
22,133
564,19
350,76
481,214
179,164
397,37
455,164
420,154
443,158
91,119
136,107
161,101
381,87
542,109
211,85
547,98
142,176
164,101
160,170
35,144
514,175
77,160
459,166
560,70
412,112
416,115
202,89
24,131
65,156
121,111
433,155
423,154
47,149
322,43
327,133
497,23
244,146
481,224
301,53
357,40
305,50
51,127
286,108
512,182
237,77
387,65
82,164
63,154
483,85
175,166
158,170
570,42
184,150
496,216
24,138
433,156
146,174
340,136
165,99
148,173
312,116
350,33
387,57
466,111
429,121
123,178
195,138
108,115
387,70
577,28
483,90
509,188
516,169
437,122
60,125
295,108
351,83
319,122
400,90
210,138
50,150
384,83
387,62
354,55
246,73
544,107
562,61
113,113
204,136
315,119
387,79
180,161
343,136
496,214
406,104
299,110
489,57
400,81
574,32
188,144
68,123
56,152
227,145
414,154
382,85
358,34
91,168
400,57
256,131
517,23
442,121
227,79
410,110
84,121
247,144
568,17
487,76
400,72
536,122
286,57
221,81
477,199
551,19
352,31
210,85
321,126
358,37
490,229
400,48
399,152
39,129
518,166
529,21
487,69
400,79
171,166
410,152
53,150
238,146
94,119
493,47
315,45
137,107
483,233
29,141
502,200
545,102
548,21
162,101
400,152
455,119
330,41
558,74
212,85
91,166
400,55
578,25
159,170
452,160
200,89
272,113
400,70
475,193
487,66
561,64
248,144
237,146
493,40
386,152
479,213
318,45
122,111
556,76
254,132
400,46
111,176
23,132
533,130
53,152
479,210
503,200
323,43
488,234
348,33
21,133
556,75
422,118
479,99
427,121
400,37
491,228
93,168
331,40
356,48
562,64
357,31
532,130
418,117
550,92
572,41
526,21
345,35
352,59
206,138
415,154
199,89
385,83
377,150
458,164
95,169
170,167
99,170
485,83
221,142
352,67
176,166
397,152
402,101
296,53
46,129
319,45
467,172
432,122
70,123
475,188
277,110
561,19
564,56
271,63
58,127
440,121
350,81
404,103
317,120
352,90
152,103
279,60
407,107
436,156
40,146
356,94
553,84
524,152
356,45
430,154
463,115
297,108
358,136
335,136
67,125
31,131
413,153
469,108
473,105
491,51
534,126
573,17
538,117
321,45
527,21
328,41
292,55
95,119
42,129
524,151
546,100
567,19
73,160
368,95
280,59
481,219
174,166
485,78
251,71
323,127
569,46
71,159
36,131
290,108
545,21
449,120
86,119
183,93
461,166
245,73
472,182
143,174
351,134
44,148
172,97
57,154
129,178
131,178
350,74
481,220
558,19
377,89
111,114
313,47
522,157
