178,45
111,227
293,433
42,294
186,93
331,194
314,22
100,112
177,310
195,348
331,339
171,272
308,20
331,288
16,205
34,123
58,312
241,421
331,106
333,397
178,36
38,119
331,251
248,352
177,303
200,152
331,328
98,181
280,16
300,435
50,304
103,115
124,414
111,128
331,99
60,104
333,390
173,455
195,445
75,102
39,116
331,240
265,15
105,117
177,288
182,19
329,42
114,390
331,321
190,115
180,45
83,337
239,265
296,433
175,278
17,265
254,309
109,163
236,352
59,313
22,175
331,233
28,143
249,352
331,326
180,52
109,122
226,227
90,345
94,353
185,16
319,430
321,27
257,425
331,238
295,433
260,341
297,18
156,262
32,284
177,338
217,203
325,31
184,71
183,348
331,383
82,337
12,223
125,237
252,302
180,51
18,197
111,159
78,332
65,102
48,303
321,28
234,253
328,421
237,352
256,316
331,231
260,348
44,110
177,331
201,10
184,78
93,108
96,357
95,215
331,372
325,425
167,268
207,350
248,421
319,26
232,244
331,156
22,176
260,347
177,332
72,102
218,205
331,365
205,438
43,295
315,23
190,111
326,32
129,431
183,451
263,427
105,371
223,423
242,12
26,151
212,190
232,10
236,255
331,149
99,177
177,325
165,459
331,354
134,446
257,350
258,324
222,216
246,281
228,231
89,210
128,429
331,61
26,158
248,290
32,126
216,203
331,138
260,329
208,10
30,130
36,122
331,283
60,315
116,392
28,281
252,306
180,23
240,266
115,391
178,29
179,345
331,50
26,153
173,278
285,18
141,248
221,10
331,131
78,102
30,133
234,352
331,272
279,16
83,198
12,250
331,90
204,164
44,299
193,448
126,422
90,210
109,225
181,57
256,352
113,230
331,43
177,287
88,345
125,417
331,184
208,435
305,435
307,435
331,265
332,409
118,398
105,222
86,104
145,461
331,83
204,163
188,101
135,245
237,421
148,256
143,250
147,255
331,177
244,280
10,240
101,177
246,12
235,352
220,212
331,270
242,274
120,405
230,421
12,232
89,189
217,427
255,423
331,72
331,415
87,192
15,210
93,185
113,144
331,217
194,134
182,58
331,182
220,211
331,263
12,231
87,104
274,16
331,65
24,162
80,335
117,395
192,126
250,300
88,191
181,20
113,137
185,81
97,183
331,222
98,360
194,129
214,196
92,187
182,61
331,175
208,179
196,137
159,263
238,260
331,316
100,365
31,130
14,259
92,108
219,425
331,70
192,117
145,254
130,439
331,215
132,439
205,167
136,455
317,24
177,315
250,422
91,349
182,451
20,268
331,164
10,237
194,11
305,20
198,148
164,268
331,309
174,278
16,208
58,311
96,110
221,350
331,386
331,127
191,12
186,83
331,204
194,348
177,316
86,342
112,386
20,267
331,349
148,461
331,298
260,425
14,216
234,12
203,161
331,116
296,18
167,458
333,403
244,421
277,16
178,42
111,226
186,90
42,295
331,197
104,116
177,309
331,338
286,431
331,291
16,206
35,122
58,313
331,109
333,396
178,37
200,10
218,425
38,116
331,250
95,109
116,230
177,302
324,427
200,153
331,331
50,305
103,114
52,106
107,375
246,288
105,173
124,415
111,131
221,425
331,98
333,389
213,10
254,307
331,243
43,112
300,20
265,14
105,116
177,295
329,41
114,391
331,320
279,431
190,112
303,435
124,236
180,46
40,291
21,271
294,18
162,266
204,350
176,455
272,16
109,162
20,184
331,232
22,172
28,136
177,344
331,377
223,352
81,335
180,53
39,291
321,26
238,12
331,225
259,348
260,342
44,112
151,257
32,285
140,457
177,337
325,30
202,158
184,72
331,382
315,24
31,283
125,236
251,423
252,303
26,275
65,319
284,18
18,194
309,22
220,10
111,158
78,333
234,250
256,317
331,230
44,111
63,104
229,421
318,431
177,330
178,344
179,26
303,20
184,79
96,358
95,214
331,375
53,307
281,18
232,245
230,238
275,16
331,159
22,177
119,233
177,323
331,364
205,437
315,22
190,108
206,172
133,244
15,261
72,325
26,148
212,191
216,197
331,148
95,183
177,324
203,350
331,357
208,350
134,447
159,461
258,325
222,217
246,286
192,449
89,209
108,224
235,421
128,430
331,60
295,18
248,291
32,127
54,106
331,141
260,330
30,131
129,242
131,242
331,282
116,393
281,431
12,252
252,307
240,267
313,433
258,348
86,206
179,344
178,26
331,53
151,461
173,277
110,126
331,130
284,431
231,421
329,421
331,275
83,201
12,251
221,352
331,93
77,102
168,457
204,165
139,248
107,121
126,423
252,12
109,224
113,229
331,42
277,431
27,277
249,421
177,286
143,252
331,187
10,246
84,337
210,350
307,434
130,242
331,264
42,112
132,242
118,399
120,399
331,82
331,409
188,102
135,244
255,14
274,430
157,461
147,254
331,176
244,281
10,241
101,176
220,213
331,257
242,275
12,233
196,350
141,459
217,426
146,461
237,12
222,352
331,414
331,75
227,10
192,120
140,248
87,195
113,151
331,216
299,435
194,135
214,194
182,59
331,169
298,434
244,352
286,432
331,262
12,224
107,223
91,108
331,64
24,163
315,433
192,127
29,281
250,301
328,36
113,136
203,10
97,182
331,209
98,361
210,184
67,321
214,197
331,174
99,218
196,138
159,262
198,146
238,261
331,319
62,104
212,10
103,222
331,121
170,457
192,118
264,14
266,427
50,108
145,253
74,102
130,436
331,214
316,431
210,179
177,314
250,423
240,12
20,269
331,167
245,352
106,371
198,149
38,290
331,308
14,214
16,209
331,126
333,409
249,12
111,228
331,207
137,455
30,282
86,343
177,307
92,349
112,387
186,451
331,348
100,218
331,301
320,26
122,410
14,217
16,200
34,126
331,119
333,402
155,261
121,405
178,43
324,30
186,91
331,196
177,308
195,350
251,301
35,287
331,341
171,274
153,259
64,317
318,24
103,116
52,108
331,290
211,431
105,171
16,207
111,133
21,178
331,108
333,395
178,34
71,102
38,117
331,253
95,108
177,301
200,154
329,39
331,330
187,449
153,260
102,220
323,427
52,107
269,16
246,289
102,175
105,172
17,200
143,461
111,130
221,424
331,101
333,388
195,447
20,178
204,439
22,170
331,242
227,421
138,456
177,294
329,40
114,388
331,323
190,113
180,47
18,190
40,292
226,230
244,12
107,169
90,348
331,417
109,161
20,185
331,235
22,173
23,273
28,137
212,350
331,376
180,54
110,382
312,433
18,200
78,331
12,256
177,455
175,281
331,224
260,343
151,256
118,232
245,421
140,458
177,336
160,264
214,10
202,159
184,73
331,369
224,224
82,335
232,352
291,18
243,352
107,167
18,195
309,21
238,421
242,421
246,421
234,251
256,318
331,153
177,329
68,102
75,329
184,80
111,383
96,359
97,111
331,374
189,449
134,450
167,270
206,170
281,17
232,246
195,10
88,208
191,449
230,239
182,66
331,158
170,272
119,232
177,322
218,203
331,367
190,109
192,348
233,352
222,215
206,173
133,243
72,326
128,424
26,149
216,198
91,211
331,151
260,332
99,179
18,266
331,356
288,433
327,421
258,322
246,287
211,350
267,16
216,350
89,208
91,187
128,431
112,228
331,63
26,156
155,461
248,292
57,104
222,423
331,140
260,331
247,421
322,28
329,419
129,241
331,285
116,394
193,348
12,253
33,285
144,461
240,268
258,349
223,221
228,232
178,27
331,52
173,276
191,117
232,421
158,262
331,133
244,276
209,350
329,420
331,274
83,200
215,10
126,238
180,24
331,92
204,166
188,104
134,244
190,348
107,120
126,420
19,267
113,228
331,45
207,173
193,12
177,285
163,267
93,214
58,104
331,186
259,425
79,103
244,275
10,247
84,338
331,267
149,256
42,113
187,14
118,396
136,246
120,400
107,224
71,325
218,350
331,85
188,103
246,352
270,16
327,33
274,431
66,320
331,179
85,341
220,214
331,256
242,272
99,361
12,234
217,425
290,433
331,74
45,110
192,121
87,194
108,376
144,252
110,161
113,150
331,219
97,359
194,132
214,195
331,168
298,435
249,295
286,433
196,140
238,259
331,313
12,225
87,106
107,222
331,67
24,164
315,432
247,352
49,108
250,298
108,375
113,143
241,271
97,181
331,208
206,10
210,185
302,435
331,161
88,106
196,139
198,147
331,318
14,257
331,120
188,12
299,19
192,119
193,127
87,208
145,252
236,256
130,437
96,216
186,86
331,201
265,16
177,313
179,45
20,270
96,183
331,166
261,425
209,435
38,291
331,311
247,12
14,215
16,210
331,113
333,408
289,18
38,120
186,81
132,440
331,206
225,10
30,283
177,306
92,350
331,351
25,275
51,108
331,300
245,281
122,411
16,201
111,127
331,118
333,401
155,260
178,40
186,88
42,293
97,216
331,199
138,455
177,299
87,343
331,340
153,258
64,318
101,220
106,169
56,104
331,293
262,426
320,429
105,170
111,132
331,111
333,394
208,173
210,10
178,35
20,180
331,252
243,421
177,300
200,155
56,309
329,38
331,333
50,303
306,20
221,423
331,100
333,387
195,446
109,167
20,179
331,245
22,171
98,216
117,231
120,234
138,457
177,293
237,259
114,389
331,322
207,10
195,137
18,191
109,126
182,348
239,421
40,293
259,14
226,231
107,168
90,349
331,416
84,104
235,12
254,312
20,186
331,234
28,138
198,350
184,67
331,379
180,55
110,383
210,433
230,242
12,257
177,454
175,280
331,227
260,336
140,459
177,343
184,74
331,368
224,225
194,127
104,368
68,321
18,192
309,20
115,230
169,271
229,237
85,104
256,319
331,152
48,108
102,366
177,328
184,81
331,361
97,110
134,451
190,107
257,321
187,93
206,171
281,16
232,247
215,427
111,161
247,289
52,305
182,67
186,14
331,145
123,236
177,321
331,366
207,435
253,423
330,42
258,328
133,242
137,247
72,327
128,425
331,57
149,461
26,146
61,315
212,185
103,367
216,199
199,443
91,210
331,150
260,333
99,178
73,102
254,423
18,267
239,12
331,359
134,445
221,215
258,323
246,284
137,248
233,249
217,10
331,62
26,157
248,293
142,250
53,106
186,16
331,143
45,299
129,240
331,284
116,395
298,18
265,427
12,254
161,266
240,269
81,104
189,348
228,233
209,179
179,346
126,418
128,423
331,55
173,275
156,461
177,283
33,126
214,191
331,132
244,277
84,340
30,136
196,144
219,209
331,277
83,203
217,350
180,25
202,10
131,439
204,167
331,95
188,105
46,300
138,248
87,207
126,421
113,155
331,44
177,284
163,266
93,213
331,189
79,102
10,244
84,339
57,311
94,108
331,266
118,397
120,401
283,431
12,236
103,173
288,18
331,84
331,411
224,10
188,96
82,104
135,246
214,350
180,346
327,32
24,273
66,321
181,453
276,431
331,178
83,104
220,215
331,259
242,273
85,197
12,235
323,29
331,77
242,352
192,122
34,286
108,377
289,433
113,149
331,218
152,258
194,133
214,192
182,57
331,171
27,146
196,141
331,312
85,206
12,226
331,66
24,165
250,299
76,329
113,142
331,211
98,359
136,451
210,182
161,461
331,160
46,110
233,421
106,374
331,305
227,352
122,406
200,350
331,123
188,13
299,18
236,257
113,135
130,434
186,87
331,200
177,312
250,421
20,271
94,185
331,345
209,434
184,16
331,310
67,102
14,212
308,433
19,190
331,112
333,407
208,176
268,428
331,193
132,441
177,305
86,341
92,351
201,443
331,350
331,303
228,352
122,408
16,261
16,202
34,124
111,126
331,105
333,400
268,427
178,41
186,89
331,198
177,298
331,343
64,319
101,219
56,105
331,292
262,427
211,433
105,169
287,433
142,460
40,114
331,110
333,393
208,174
64,104
178,32
20,181
331,255
95,110
80,104
188,348
177,291
325,32
200,156
56,310
329,37
203,441
224,221
187,451
331,332
226,423
214,429
323,429
108,122
181,348
199,151
331,103
333,386
254,310
109,166
20,188
331,244
22,168
206,437
117,230
227,423
28,140
250,12
177,292
326,425
220,350
331,325
109,125
226,228
213,431
198,445
90,346
165,268
94,354
310,433
331,419
64,102
319,429
254,313
20,187
331,237
28,139
163,459
184,68
203,439
331,378
188,449
12,220
216,10
180,48
110,380
206,350
18,198
205,350
225,352
230,243
177,453
256,313
331,226
260,337
278,16
117,232
151,258
280,431
177,342
202,157
256,424
184,75
331,371
224,226
229,10
319,25
104,369
68,322
215,429
18,193
36,288
111,155
169,270
243,275
321,429
234,249
235,253
331,155
260,344
48,109
102,367
122,236
177,335
218,206
331,360
207,437
134,448
13,220
147,256
205,10
206,168
232,248
231,352
93,351
111,160
257,14
153,461
226,352
230,237
52,306
199,445
182,64
186,15
331,144
119,234
28,144
177,320
331,353
95,216
301,20
158,461
254,12
258,329
188,93
246,282
101,114
137,246
128,426
331,56
26,147
212,186
216,200
331,137
260,334
99,181
218,208
273,16
331,358
190,449
29,136
180,20
127,240
327,423
222,220
246,285
178,30
73,327
91,189
331,49
150,461
26,154
248,294
174,455
179,453
92,212
331,142
95,185
30,134
13,257
331,287
97,112
83,197
28,277
11,247
12,255
104,222
161,265
240,270
331,89
44,296
316,24
228,234
102,114
126,419
224,423
331,54
173,274
304,20
177,282
331,135
25,158
244,278
84,341
196,145
331,276
118,395
83,202
11,236
70,324
180,26
331,94
315,431
44,295
188,106
46,301
106,120
107,122
87,206
113,154
130,431
331,47
282,18
32,128
87,191
93,212
331,188
261,14
62,316
10,245
331,269
276,16
98,112
120,402
127,239
331,87
331,410
188,97
54,308
274,429
113,147
327,35
24,274
181,452
128,240
331,181
331,258
85,196
12,228
323,28
313,22
331,76
192,123
34,287
108,378
113,148
331,221
229,352
194,130
214,193
161,459
307,20
182,62
331,170
298,433
196,142
331,315
85,205
12,227
197,350
331,69
166,459
24,166
171,457
250,296
76,330
113,141
331,210
136,452
210,183
47,301
161,460
293,18
331,163
10,238
101,175
194,12
106,375
198,145
238,264
331,304
332,386
100,361
122,407
194,447
14,210
16,264
183,67
331,122
331,385
188,14
236,258
256,320
113,134
130,435
186,84
331,203
230,352
177,319
253,12
331,344
209,433
159,264
197,10
184,17
38,289
331,297
311,22
14,213
252,352
36,287
331,115
167,457
333,406
208,177
268,429
90,189
202,441
331,192
132,442
301,435
30,281
177,304
201,442
331,337
283,18
219,10
331,302
122,409
196,445
14,220
16,203
16,262
34,125
55,106
331,104
333,399
155,262
178,38
256,350
331,249
187,348
228,10
177,297
331,342
101,218
56,106
168,270
331,295
225,227
211,432
51,305
124,412
89,345
142,461
253,352
40,115
111,134
331,97
333,392
208,175
173,457
178,33
271,429
20,182
331,254
105,119
177,290
200,157
219,350
56,311
203,440
166,268
187,450
224,222
331,335
204,10
329,36
323,428
181,347
256,14
124,411
110,226
331,102
254,311
109,165
20,189
331,247
22,169
227,422
28,141
105,120
182,20
114,387
331,324
190,116
109,124
241,12
226,229
213,430
90,347
94,355
331,418
64,103
331,236
121,235
184,69
331,381
12,221
180,49
110,381
26,276
18,199
111,157
48,301
230,240
175,282
89,106
256,314
331,229
260,338
101,365
121,236
213,350
177,341
184,76
256,425
96,355
331,370
224,227
325,427
180,56
186,348
172,274
319,24
104,370
68,323
124,416
176,282
215,428
36,289
24,158
79,333
250,352
178,453
331,154
22,178
260,345
259,329
48,110
304,435
177,334
218,207
74,328
202,350
331,363
207,436
134,449
95,355
206,169
232,249
22,271
260,14
212,188
52,307
90,106
199,444
236,253
182,65
331,147
28,145
177,327
69,102
236,12
256,423
331,352
116,391
216,427
327,425
258,326
222,218
188,94
246,283
101,113
230,10
128,427
240,352
94,351
331,59
154,461
245,12
212,187
251,352
216,201
91,212
112,383
331,136
260,335
99,180
18,265
36,120
255,313
218,209
312,22
331,281
60,313
135,451
252,304
180,21
327,422
76,102
258,321
222,221
228,236
178,31
91,188
272,429
331,48
26,155
248,295
141,250
331,129
95,184
211,10
30,135
258,425
331,286
28,278
12,248
161,264
240,271
331,88
44,297
228,235
46,299
292,18
241,352
22,272
175,455
88,343
180,453
146,254
331,134
244,279
307,433
37,120
331,279
154,260
248,12
84,197
12,247
70,325
112,134
331,81
204,161
188,107
264,427
255,13
113,153
331,46
32,129
196,10
163,268
310,22
331,191
62,317
10,242
213,191
233,11
202,160
331,268
190,12
120,403
66,102
84,204
103,175
267,427
89,191
127,238
292,433
331,86
331,413
188,98
250,295
54,309
93,187
113,146
327,34
24,275
194,136
160,461
181,451
184,451
331,180
233,12
240,421
220,209
331,261
242,271
100,177
85,195
12,229
91,107
41,293
331,79
24,160
80,333
192,124
108,379
253,307
113,139
331,220
211,185
194,131
231,10
268,16
182,63
331,173
99,217
196,143
238,262
331,314
85,204
103,221
285,431
331,68
24,167
250,297
76,331
113,140
331,213
136,453
210,180
49,303
215,197
127,423
254,352
331,162
278,431
10,239
106,372
198,150
309,433
238,265
330,419
331,307
100,362
63,317
14,211
14,260
16,265
108,167
197,145
331,125
331,384
299,20
119,399
236,259
256,321
130,432
186,85
132,444
331,202
177,318
55,309
112,384
331,347
184,18
331,296
14,218
306,435
294,433
331,114
150,256
333,405
208,178
178,44
70,102
239,352
186,92
132,443
331,195
177,311
195,349
255,352
201,441
271,16
331,336
171,273
331,289
222,10
16,263
16,204
34,122
142,459
331,107
333,398
178,39
256,351
38,118
331,248
177,296
200,151
331,329
189,107
331,294
262,425
124,413
198,10
40,116
111,129
331,96
169,272
333,391
173,456
302,20
20,183
224,352
331,241
139,457
105,118
177,289
182,18
224,223
331,334
190,114
234,421
181,346
311,433
263,14
123,411
175,279
254,308
109,164
220,425
20,190
331,246
22,174
189,12
28,142
252,423
331,327
190,117
266,16
109,123
110,379
113,387
213,429
94,352
319,431
331,239
260,340
133,445
121,234
32,283
177,339
290,18
74,327
184,70
331,380
226,10
82,336
12,222
125,238
252,301
180,50
185,348
26,277
18,196
111,156
152,461
48,302
230,241
197,445
234,252
256,315
331,228
260,339
177,340
199,350
184,77
96,356
331,373
325,426
180,57
167,269
206,167
192,12
104,371
232,243
124,417
24,159
223,10
331,157
260,346
102,365
177,333
218,204
74,329
164,459
331,362
205,439
190,110
228,421
251,12
236,421
201,157
112,155
227,231
69,323
26,150
212,189
231,243
236,254
199,10
331,146
282,431
28,146
177,326
331,355
327,424
183,18
258,327
222,219
188,95
101,112
128,428
275,431
331,58
297,433
248,289
216,202
331,139
36,121
238,352
41,114
60,314
331,280
28,280
157,262
252,305
180,22
240,265
258,350
228,237
178,28
331,51
26,152
141,249
94,214
331,128
30,132
286,18
331,273
61,104
83,199
28,279
12,249
70,323
331,91
44,298
193,449
104,367
86,195
126,417
109,226
22,273
322,429
88,344
37,289
331,185
258,14
62,315
331,278
42,114
83,204
331,80
204,162
188,100
54,307
255,12
113,152
114,230
327,36
32,130
143,251
331,190
10,243
233,10
202,161
331,271
120,404
191,348
103,174
106,222
89,190
331,73
331,412
169,457
188,99
87,193
200,443
291,433
93,186
113,145
194,137
331,183
79,104
220,210
331,260
209,10
12,230
323,30
87,105
91,106
331,78
24,161
80,334
317,431
192,125
34,285
215,350
184,348
113,138
331,223
23,168
194,128
218,10
273,429
182,60
185,451
331,172
99,216
104,173
238,263
331,317
100,364
103,220
14,258
331,71
24,168
66,319
270,429
109,379
130,438
331,212
314,433
225,423
99,112
136,454
210,181
331,165
10,236
194,10
106,373
198,151
147,461
331,306
100,363
262,14
122,405
269,429
14,261
287,18
221,351
331,124
130,433
77,331
132,445
186,82
331,205
177,317
162,459
112,385
331,346
243,12
47,110
212,431
331,299
14,219
201,350
331,117
59,104
167,459
333,404
172,457
193,447
