266,351
109,365
71,111
218,417
34,153
76,201
209,424
47,119
104,130
33,154
324,306
187,39
78,193
322,248
324,321
172,448
193,77
271,422
202,430
39,127
27,194
210,158
301,426
197,105
94,174
263,313
104,137
229,19
324,313
35,147
110,366
83,328
140,257
322,243
324,328
143,451
37,135
123,389
96,225
207,152
248,359
300,27
322,40
324,401
180,446
253,21
300,426
263,310
29,175
324,288
35,152
312,424
21,256
102,160
322,202
78,322
173,448
204,428
156,271
324,408
255,286
111,367
230,413
324,303
253,415
219,19
322,197
110,235
37,137
55,115
238,412
193,80
125,395
269,347
237,359
187,357
324,391
239,244
103,158
322,173
141,445
324,278
79,209
248,414
322,220
19,228
250,359
269,340
297,27
23,208
324,398
99,349
28,268
104,229
158,454
324,285
35,143
256,21
243,359
322,215
19,237
224,414
89,113
234,228
98,225
189,22
165,450
168,324
243,255
101,229
29,179
322,191
195,96
31,270
124,247
126,247
324,260
221,193
186,357
246,262
253,283
199,116
19,242
112,235
21,218
39,128
191,69
208,19
261,23
27,188
303,27
254,416
168,331
43,284
322,182
324,259
86,182
19,251
21,227
22,260
205,145
244,412
137,433
138,257
191,66
285,25
324,84
90,115
217,182
160,274
257,294
168,306
281,424
120,384
322,177
324,266
241,412
134,255
102,126
267,23
89,219
93,174
113,237
277,423
61,304
245,19
211,159
103,352
231,224
324,83
235,229
260,304
135,421
210,358
249,270
307,426
255,288
312,31
130,250
168,313
81,211
84,184
322,136
195,87
107,233
324,369
324,164
95,344
105,358
272,422
247,264
211,164
324,90
127,397
92,174
310,29
94,222
241,247
189,58
45,288
168,288
320,38
194,86
322,131
195,92
89,180
324,376
217,418
324,163
203,140
45,119
324,50
90,221
256,359
292,27
21,254
204,357
139,440
86,330
324,65
237,235
208,426
81,188
322,107
177,353
267,348
159,273
197,19
164,279
168,295
225,202
82,213
154,269
322,154
324,170
324,359
145,454
274,25
203,133
49,117
324,57
137,429
302,426
324,72
244,359
322,98
168,302
187,26
245,256
84,213
322,149
234,19
324,366
242,412
170,449
316,32
209,154
121,387
229,215
87,217
25,197
139,438
47,289
261,418
322,125
267,330
178,355
184,443
311,29
261,307
322,236
324,341
121,388
324,47
184,356
170,347
201,122
92,178
98,169
117,379
283,25
104,149
322,116
148,454
168,284
187,40
260,418
227,209
263,354
322,231
324,348
292,424
131,407
224,19
155,269
229,217
214,359
254,286
49,294
230,359
251,277
197,102
91,338
104,156
324,308
187,33
89,332
324,347
131,412
115,374
193,75
109,364
207,149
197,111
56,300
76,202
47,118
104,131
33,153
51,115
324,307
187,38
322,249
324,322
277,25
193,76
231,219
202,431
111,235
23,207
43,123
322,46
197,104
92,338
263,312
104,138
233,412
303,426
324,314
35,146
257,359
294,27
140,258
322,240
324,252
324,329
143,450
37,134
123,388
37,279
322,41
30,270
324,402
29,174
266,23
324,289
312,425
187,52
78,208
102,161
322,203
324,251
260,21
243,256
213,19
204,429
44,121
249,359
324,409
290,25
111,366
168,336
31,274
324,296
253,414
167,281
322,194
200,357
37,136
55,114
125,394
269,346
272,23
250,19
324,384
100,228
141,444
324,279
53,298
190,440
322,221
287,424
19,231
21,215
52,296
269,339
188,357
23,211
133,420
324,399
99,348
100,227
264,316
104,230
234,412
35,142
324,286
322,212
231,359
19,236
149,454
154,454
189,21
168,325
95,223
243,254
318,33
29,178
322,188
195,99
159,452
142,260
324,261
201,131
202,19
221,192
108,233
253,282
199,119
19,245
112,236
21,217
39,131
191,68
127,401
163,277
275,25
27,191
122,243
129,249
94,117
168,332
322,183
125,247
324,268
201,132
313,424
95,341
133,253
86,183
19,250
93,340
21,226
259,299
205,144
137,432
174,448
88,332
324,85
217,181
133,415
160,275
257,293
168,307
171,347
322,142
324,267
221,359
168,450
192,19
102,127
289,424
97,170
277,422
191,74
211,158
103,355
324,92
235,228
259,417
135,420
210,359
249,269
213,170
255,291
130,251
131,251
168,314
98,122
84,185
322,137
31,169
324,165
324,370
288,25
251,21
195,86
135,255
265,319
29,270
105,357
250,272
324,52
257,21
114,237
247,267
324,91
127,396
92,175
94,223
96,170
276,422
241,246
189,57
45,287
168,289
320,39
102,158
322,128
195,95
324,172
324,377
237,19
86,216
324,51
277,424
297,426
137,427
322,418
324,66
237,234
219,188
322,104
175,446
267,351
168,296
225,201
245,262
322,155
324,171
324,352
145,453
203,132
39,282
324,58
148,264
25,195
170,342
137,428
282,25
157,454
324,73
55,299
245,414
83,111
139,257
322,99
168,303
187,29
84,214
176,351
322,146
324,367
316,33
299,27
121,386
229,214
50,117
25,196
47,288
245,359
322,122
267,333
147,454
184,444
261,306
322,237
324,342
317,422
184,357
25,205
170,344
254,359
218,19
187,442
98,166
117,378
104,150
322,117
36,141
168,285
187,43
227,208
227,359
322,228
324,349
129,406
131,406
229,216
99,123
316,422
229,414
49,293
251,276
252,414
35,278
197,101
76,204
104,157
324,309
187,32
211,422
51,295
269,420
324,324
91,115
190,357
193,74
231,221
215,359
109,363
77,322
207,148
197,110
146,262
76,203
228,414
104,132
324,316
269,23
322,246
179,355
324,323
72,316
143,452
306,28
114,372
167,450
193,438
266,324
195,438
231,218
181,444
314,31
206,428
23,206
43,122
173,349
231,412
322,47
324,404
94,172
76,194
64,308
263,315
104,139
322,94
324,315
35,149
217,359
308,29
257,358
140,259
322,241
324,253
324,330
37,133
223,19
188,23
302,27
123,391
37,278
207,154
324,403
280,25
29,173
324,290
312,426
38,133
78,209
322,200
59,113
260,22
208,154
262,310
84,111
212,164
293,426
204,430
151,267
324,410
199,357
168,337
33,163
324,297
254,21
176,352
322,195
193,86
265,353
125,393
269,345
37,280
59,304
23,213
101,352
324,385
239,246
100,229
323,414
141,443
324,272
53,297
205,19
190,441
322,218
19,230
153,454
269,338
257,416
23,210
133,419
324,392
242,250
82,326
104,231
68,312
232,359
158,452
324,287
291,27
322,213
162,276
199,121
19,239
21,223
39,133
242,19
27,185
102,352
257,298
168,326
100,350
29,177
322,189
195,98
324,262
142,261
201,130
147,263
108,234
253,281
54,298
19,244
112,237
21,216
39,130
255,21
199,118
191,71
174,446
235,233
127,400
217,179
27,190
233,19
213,167
72,111
168,333
43,286
265,419
322,180
324,269
95,340
101,125
263,418
104,356
93,339
19,253
21,225
259,298
205,143
304,27
324,86
90,113
217,180
133,414
27,183
209,357
234,359
238,359
93,117
257,292
168,308
265,420
322,143
31,163
324,372
261,357
134,253
211,359
233,227
150,454
211,161
103,354
324,93
235,231
57,113
93,221
259,416
135,423
249,268
284,424
213,169
255,290
239,19
168,315
98,123
84,186
322,134
31,168
197,357
324,371
144,452
324,166
195,89
203,137
191,440
29,269
105,356
265,318
324,53
233,228
200,432
143,261
247,266
324,68
127,399
237,240
96,171
78,111
99,166
189,56
45,286
322,110
168,290
192,440
102,159
322,129
195,94
324,378
203,142
223,195
86,217
324,60
90,219
137,426
139,442
322,419
324,67
322,105
267,350
305,426
215,171
218,182
168,297
149,265
225,200
82,211
154,267
245,261
322,152
324,353
145,452
274,23
203,135
223,200
191,19
177,446
324,59
237,412
274,422
148,265
170,343
139,435
195,357
324,74
55,298
221,19
136,426
245,413
138,434
322,96
187,28
192,438
84,215
267,420
322,147
324,360
71,315
121,385
229,213
25,203
228,19
47,291
176,446
216,176
196,100
278,424
104,144
212,420
322,123
178,353
267,332
261,305
100,164
102,128
322,234
324,343
36,278
150,266
90,180
289,25
202,432
25,204
316,424
170,345
25,266
117,377
98,167
104,151
322,114
88,113
267,325
168,286
187,42
82,188
227,211
322,229
196,436
324,350
219,416
129,405
41,283
131,409
265,323
249,19
239,359
96,223
316,423
49,292
197,100
255,359
271,23
76,205
104,158
324,310
187,35
228,359
51,294
87,113
324,325
216,359
41,284
115,376
119,384
210,19
265,324
123,392
231,220
109,362
77,321
23,261
206,426
207,151
67,311
322,414
197,109
146,263
76,196
166,279
104,133
33,159
51,117
324,317
186,442
322,247
306,29
324,332
296,27
43,125
317,33
322,44
324,405
201,19
94,173
76,195
153,267
263,314
104,140
322,95
107,361
35,148
324,292
239,412
257,357
21,260
187,49
78,207
320,420
322,206
324,254
324,331
96,117
123,390
116,239
322,39
324,412
193,357
50,294
52,115
324,291
218,359
227,207
322,201
37,141
40,127
221,416
59,112
260,23
293,425
132,412
120,241
324,411
168,338
207,19
33,162
107,359
324,298
176,353
322,192
193,85
265,352
125,392
269,344
23,212
48,117
324,386
239,241
81,326
141,442
324,273
53,296
244,19
210,424
322,219
19,233
79,323
119,381
269,337
73,318
133,418
324,393
168,320
243,251
99,350
207,426
29,183
216,418
158,453
324,280
142,259
40,282
65,310
322,210
162,277
199,120
309,29
19,238
21,222
115,239
39,132
188,52
27,267
85,113
214,170
91,221
27,184
38,280
168,327
257,297
29,176
105,231
322,186
233,359
324,263
201,129
281,25
108,235
253,280
199,113
19,247
191,70
174,447
196,19
235,232
217,178
213,166
70,314
168,334
205,428
226,19
190,21
265,418
322,181
31,165
324,270
253,416
95,343
19,252
93,338
21,224
259,301
97,346
205,142
103,356
251,359
324,87
241,250
133,413
135,425
73,111
255,292
221,191
168,309
322,140
324,373
261,356
316,31
264,418
102,125
174,350
233,226
217,19
235,412
247,268
211,160
194,357
324,94
235,230
53,115
113,371
189,62
135,422
210,357
213,168
57,302
130,249
41,127
168,316
98,120
172,348
102,229
322,135
31,171
106,232
324,380
324,167
323,47
195,88
203,136
223,197
265,317
29,268
69,314
324,54
200,433
98,346
324,69
127,398
237,239
219,185
113,372
96,172
95,172
94,221
189,55
322,111
286,25
215,173
168,291
132,252
172,347
322,158
324,379
223,194
191,21
88,180
324,61
169,341
322,416
231,19
324,76
55,300
79,111
322,102
215,170
168,298
132,251
80,188
245,260
122,388
322,153
324,354
255,416
203,134
24,205
139,434
324,75
219,183
116,376
245,412
322,97
309,426
222,19
187,31
207,357
226,206
192,439
322,144
324,361
71,314
121,384
229,212
25,202
299,426
101,351
47,290
87,331
104,145
212,421
322,120
267,335
261,304
100,165
63,307
102,129
85,215
322,235
324,336
308,426
129,403
150,267
85,184
76,320
26,195
265,23
251,273
201,127
224,200
25,265
117,376
247,414
104,152
322,115
267,324
220,188
168,287
259,21
187,45
227,210
212,19
322,226
196,437
324,351
252,359
129,404
41,282
131,408
265,322
218,418
74,111
291,424
251,278
76,206
324,311
187,34
78,194
67,111
324,326
294,426
231,223
271,421
77,320
259,357
23,260
206,427
207,150
27,193
100,124
67,310
322,415
197,108
76,197
263,316
104,134
33,158
51,116
324,318
241,19
83,327
191,357
322,244
324,333
92,116
263,23
191,63
59,303
43,124
100,123
322,45
324,406
104,141
194,19
107,360
35,151
324,293
21,259
187,48
262,418
320,421
322,207
324,255
92,115
96,118
64,111
130,406
80,111
324,413
238,240
279,424
230,414
214,420
324,300
258,357
227,206
102,164
247,19
322,198
180,355
37,140
193,83
293,424
278,25
280,424
120,242
324,388
240,412
168,339
322,174
33,161
107,358
324,299
204,142
322,193
198,436
19,227
259,304
193,84
84,112
269,343
238,19
23,215
212,359
324,387
182,444
164,450
111,368
239,240
81,325
324,274
322,216
198,112
19,232
79,322
119,380
269,336
73,317
199,19
295,426
98,226
133,417
117,241
30,173
324,394
202,132
168,321
243,250
301,27
29,182
322,160
324,281
65,309
322,211
86,184
253,286
19,241
21,221
296,426
27,266
27,187
68,111
236,19
75,320
257,296
168,328
157,271
322,187
195,100
324,256
201,128
88,217
253,279
199,112
19,246
205,148
191,65
217,177
127,402
92,221
244,256
282,424
213,165
168,335
80,209
103,129
31,164
106,231
324,271
196,357
322,178
95,342
227,19
137,255
109,235
22,215
97,345
259,300
324,80
241,249
133,412
62,306
135,424
183,444
168,310
221,190
322,141
33,275
31,173
324,374
127,249
81,111
261,355
174,351
233,225
91,178
20,254
211,163
113,370
259,418
243,412
189,61
119,241
181,355
57,301
41,126
168,317
98,121
172,349
320,35
322,132
33,276
31,170
106,233
324,381
195,91
203,139
169,450
223,196
265,316
69,313
324,55
200,434
223,414
225,414
246,414
158,271
324,70
128,249
237,238
219,184
189,54
85,330
322,108
267,347
215,172
168,292
132,253
209,19
322,159
324,356
44,286
191,20
319,35
88,181
324,62
229,359
322,417
324,77
58,113
222,414
322,103
267,336
168,299
187,25
80,189
225,206
136,255
245,259
322,150
324,355
71,316
222,359
170,450
266,420
270,420
314,424
170,341
139,437
47,292
232,412
268,23
200,122
219,182
264,353
322,126
267,329
187,30
261,310
322,145
324,362
215,19
313,31
209,158
95,117
25,201
101,350
87,330
307,29
197,112
25,263
98,170
104,146
212,422
322,121
268,336
267,334
168,281
187,23
62,111
100,166
63,306
263,353
322,232
86,113
324,337
129,402
166,450
230,218
179,446
90,178
206,19
251,272
91,337
201,126
293,27
25,264
104,153
322,112
267,327
215,176
187,44
82,186
194,438
322,227
196,438
324,344
89,335
287,25
310,426
165,279
131,411
115,373
265,321
128,402
32,163
178,446
162,452
76,207
243,19
298,426
47,117
286,424
324,304
187,37
228,212
322,250
51,296
89,336
324,327
253,359
59,111
193,79
231,222
268,420
271,420
75,111
27,192
100,125
141,259
197,107
146,261
76,198
204,19
192,357
104,135
33,157
324,319
35,145
83,326
322,245
306,27
324,334
143,449
92,117
191,62
59,302
260,357
322,42
324,407
180,444
189,442
104,142
214,418
324,294
35,150
56,113
75,319
21,258
187,51
320,422
102,162
322,204
195,19
90,336
96,119
225,19
156,269
324,414
198,357
290,26
77,194
223,359
323,94
31,273
324,301
188,442
322,199
198,434
144,261
37,139
55,113
65,111
193,82
232,19
97,225
42,284
116,240
120,243
250,20
324,389
164,452
168,340
322,175
33,160
141,447
288,424
324,276
322,222
225,359
79,324
118,380
84,113
269,342
23,214
63,111
324,396
164,451
239,243
99,347
81,324
324,275
35,141
210,422
322,217
19,235
119,383
48,292
73,316
98,227
133,416
213,359
324,395
256,416
168,322
243,253
318,34
29,181
322,161
124,245
324,282
65,308
230,19
322,208
162,275
253,285
199,122
19,240
94,340
21,220
158,272
27,186
122,244
304,426
168,329
322,184
324,257
126,248
76,111
232,224
88,218
215,418
253,278
199,115
19,249
205,147
191,64
235,234
217,176
213,164
69,111
273,23
168,304
80,210
279,25
322,179
31,167
324,264
290,424
46,288
19,254
240,359
220,19
259,303
97,344
61,306
191,73
324,81
199,434
240,246
241,248
312,29
221,189
168,311
60,304
97,119
322,138
33,274
31,172
324,375
138,255
233,224
114,238
211,162
324,88
236,234
113,369
189,60
211,19
123,245
57,300
41,125
258,416
80,192
168,318
298,27
320,36
66,111
283,424
322,133
195,90
324,161
324,382
203,138
223,199
82,111
45,121
83,186
175,351
69,312
324,48
151,454
156,454
247,263
324,71
237,237
219,187
208,424
189,53
85,329
322,109
215,175
164,277
168,293
134,420
248,19
322,156
324,168
324,357
39,281
242,359
258,298
246,359
88,182
324,63
270,23
137,431
324,78
54,115
219,359
222,415
322,100
235,359
168,300
187,24
80,190
225,205
245,258
322,151
161,275
324,364
189,357
86,215
323,172
205,357
25,199
193,19
139,436
160,452
87,332
322,127
267,328
261,309
190,62
63,308
322,238
141,448
324,363
58,302
80,324
209,157
252,21
200,19
25,200
152,267
92,176
258,21
25,262
246,19
104,147
322,118
168,282
285,424
322,233
324,338
150,265
192,74
265,351
321,39
70,111
90,179
251,275
161,452
35,277
91,336
201,125
201,432
166,280
46,119
104,154
322,113
267,326
311,426
203,357
187,47
82,187
227,212
322,224
89,334
142,448
324,345
131,410
115,372
265,320
109,366
218,416
76,200
104,129
140,442
33,155
106,358
324,305
187,36
78,192
322,251
323,251
306,426
324,320
198,19
193,78
23,262
23,205
43,121
27,195
67,312
197,106
76,199
96,344
77,207
104,136
33,156
251,414
35,144
324,312
322,242
324,335
143,448
60,111
235,19
96,224
207,153
28,183
322,43
324,400
180,445
263,311
104,143
214,419
107,362
35,153
324,295
75,318
21,257
187,50
79,192
102,163
213,420
322,205
319,422
236,359
224,359
156,270
163,452
290,27
255,287
99,227
230,412
31,272
324,302
252,278
26,266
284,25
322,196
198,435
37,138
152,454
193,81
125,396
197,436
220,416
256,292
116,241
318,422
250,21
324,390
239,245
168,341
322,172
141,446
324,277
190,442
322,223
19,229
248,268
269,341
23,209
121,243
32,274
324,397
203,430
239,242
315,31
99,346
216,19
324,284
185,357
210,423
103,229
322,214
201,357
19,234
226,359
119,382
189,23
168,323
208,357
243,252
318,35
29,180
322,190
195,97
31,271
124,246
324,283
221,194
322,209
126,396
253,284
199,117
19,243
20,227
21,219
39,129
275,422
295,27
27,268
321,420
158,273
27,189
122,245
168,330
43,285
322,185
324,258
126,249
236,412
88,219
199,114
19,248
205,146
137,434
138,256
191,67
90,114
145,261
112,368
222,416
118,241
160,273
214,19
257,295
168,305
80,211
61,111
322,176
31,166
324,265
77,111
222,194
134,254
259,302
61,305
249,414
191,72
103,353
324,82
135,426
84,328
249,271
255,289
312,30
221,188
168,312
322,139
324,368
315,424
174,349
241,359
114,239
24,262
155,454
247,265
324,89
113,368
189,59
249,272
168,319
98,119
320,37
322,130
195,93
324,162
324,383
203,141
223,198
45,120
264,23
323,161
324,49
90,220
148,263
21,255
247,262
139,441
322,420
324,64
237,236
219,186
208,425
189,52
85,328
322,106
267,349
215,174
164,278
168,294
42,125
225,203
82,212
154,268
83,213
322,157
324,169
324,358
274,24
39,280
262,355
324,56
203,19
137,430
87,182
324,79
185,442
322,101
305,27
182,355
202,357
168,301
276,25
80,191
206,357
225,204
245,257
187,27
322,148
324,365
146,454
170,448
206,148
209,155
247,359
25,198
227,414
139,439
250,414
220,359
240,19
101,164
322,124
268,347
178,354
267,331
184,442
261,308
262,23
322,239
324,340
209,156
34,276
184,355
170,346
74,318
273,422
92,177
201,123
98,168
117,380
226,414
104,148
322,119
168,283
187,41
263,355
322,230
324,339
171,448
66,310
229,218
108,362
251,274
197,103
35,276
201,124
183,355
166,281
104,155
187,46
322,225
124,392
89,333
324,346
115,375
