21,28
11,90
130,59
41,57
11,83
26,67
20,82
59,9
45,54
35,96
91,79
96,114
32,68
110,72
29,62
105,117
72,74
169,126
170,116
26,74
27,72
154,135
155,63
47,5
12,41
88,74
108,117
37,63
59,14
24,28
101,82
173,122
119,40
161,133
60,103
116,68
33,67
14,95
12,81
142,131
58,44
169,103
27,65
34,21
112,119
173,115
123,34
116,67
117,123
63,19
28,23
157,74
32,82
139,60
53,9
21,48
37,80
169,104
61,74
44,6
17,44
77,74
42,60
151,57
173,108
102,82
123,59
55,72
167,89
157,67
14,41
129,127
114,32
65,23
5,32
170,97
9,37
30,56
52,77
25,101
116,34
119,55
33,86
44,101
105,81
54,10
37,66
170,104
27,84
111,60
59,42
120,44
101,118
60,11
63,14
11,28
50,49
83,75
48,103
68,106
94,116
41,8
108,80
128,62
23,25
116,48
120,51
31,73
70,28
132,58
136,61
29,99
90,115
110,118
57,106
39,14
21,84
69,109
66,27
108,79
24,70
116,63
106,117
160,75
18,41
36,18
110,121
154,69
46,79
112,50
97,117
115,31
61,103
27,59
118,120
66,18
47,52
50,75
126,123
57,11
60,16
58,106
39,60
115,119
7,87
47,76
12,98
105,77
51,9
108,46
112,41
34,66
24,84
25,74
132,128
82,109
10,43
157,136
32,20
161,77
144,131
18,27
57,12
172,126
63,34
28,64
90,76
78,112
94,80
41,100
119,120
122,121
123,125
162,134
55,10
20,24
6,31
160,80
40,59
169,134
60,38
117,51
29,71
159,137
115,69
103,81
160,137
24,51
42,101
150,130
159,80
113,56
131,124
25,84
167,97
149,59
171,98
121,57
53,74
165,91
148,133
22,97
79,112
44,54
103,78
69,74
16,74
19,71
37,17
150,133
62,107
158,69
109,52
20,46
132,125
81,72
45,98
49,103
106,80
70,106
39,83
99,115
7,42
88,111
51,101
20,70
62,18
134,58
158,76
31,24
70,109
57,40
33,23
16,41
145,128
110,39
58,9
27,100
9,30
112,76
134,61
172,128
139,130
159,79
91,112
168,93
25,47
82,72
85,77
14,75
107,80
71,110
74,107
75,107
39,65
166,134
104,116
61,37
122,53
56,102
37,12
20,84
113,75
126,57
111,122
25,48
8,88
64,21
45,77
106,77
48,78
12,92
162,77
112,122
20,83
153,67
45,53
49,50
35,99
92,112
23,87
64,108
120,121
53,6
110,73
29,61
12,91
105,116
124,125
54,47
110,56
36,81
169,125
170,117
155,62
66,34
88,75
69,23
37,62
62,14
173,121
30,87
92,79
166,88
116,69
63,21
135,61
84,110
33,66
40,12
29,54
12,82
142,128
147,55
167,136
169,102
109,121
163,87
20,97
76,70
131,62
173,114
67,70
123,37
40,100
23,101
65,108
135,58
50,5
32,83
114,38
152,130
115,61
5,38
30,54
69,25
162,86
113,119
42,61
151,56
120,31
173,107
123,58
167,88
157,66
26,53
63,104
65,22
54,48
170,110
30,57
86,74
25,100
62,35
119,54
40,82
33,85
89,112
130,127
95,78
26,60
44,102
170,105
152,63
27,87
138,126
156,132
86,77
120,45
13,41
70,26
144,55
18,71
22,72
149,133
29,26
72,110
19,28
94,117
87,78
24,64
116,49
81,113
67,34
31,72
70,29
64,70
90,112
57,105
39,9
22,67
112,60
9,95
66,24
111,77
89,75
36,19
46,76
15,41
108,48
145,58
19,42
112,51
115,30
27,58
66,19
47,55
30,21
109,79
25,64
23,46
64,37
153,59
107,121
161,75
21,101
39,63
7,86
47,79
108,47
112,42
27,51
153,60
10,40
13,77
161,76
18,24
129,59
172,127
28,65
114,119
79,109
26,27
151,133
171,132
17,97
112,33
94,81
168,98
42,10
160,81
114,31
117,50
29,70
159,136
168,128
151,130
155,71
42,98
34,85
35,65
113,63
96,81
59,71
131,127
31,21
167,96
28,87
11,41
121,56
53,73
54,73
168,135
44,55
118,42
48,50
125,60
19,70
37,16
62,104
86,114
52,6
109,51
20,47
23,50
28,63
84,76
106,81
141,131
95,113
99,114
172,100
154,62
68,21
78,74
47,99
122,32
88,112
51,100
62,19
158,77
50,103
142,58
172,99
33,22
130,62
34,15
52,101
94,77
67,109
30,99
159,78
55,105
59,106
8,82
85,76
32,72
39,64
8,33
7,27
150,60
61,36
103,116
15,24
37,11
112,68
113,74
138,56
161,137
55,102
8,89
64,22
45,76
13,99
114,58
48,79
11,85
12,93
16,24
110,54
169,123
118,54
12,44
113,67
153,66
49,49
92,113
164,137
60,106
23,86
156,72
163,134
110,78
21,44
80,109
124,126
54,44
110,57
169,124
170,114
66,35
163,81
113,68
173,120
30,84
63,20
28,26
156,71
57,75
40,13
29,53
12,83
22,28
169,101
44,9
69,31
17,41
111,35
24,101
173,113
119,35
30,95
31,87
123,36
38,15
57,76
39,100
152,131
104,81
125,122
143,58
36,64
115,60
5,37
27,88
30,55
69,24
51,78
162,87
173,106
30,70
144,58
71,74
127,57
63,107
170,111
152,57
9,43
137,126
17,27
56,10
30,73
31,69
40,83
60,14
11,25
85,114
32,98
50,52
130,124
26,61
46,56
68,109
51,47
55,43
76,108
120,46
158,133
70,27
21,73
51,52
66,30
15,75
111,71
24,65
155,131
43,60
64,71
58,102
80,71
43,77
140,59
112,61
97,114
62,74
9,94
66,25
111,76
148,58
77,108
6,40
135,129
32,24
50,78
28,76
124,56
7,88
154,67
16,96
108,49
36,99
19,45
112,52
10,95
30,26
109,78
153,58
64,38
102,119
14,99
107,120
40,79
117,47
63,39
28,75
124,55
159,133
54,101
12,28
112,43
41,97
98,114
27,50
35,82
56,45
59,72
13,76
74,74
129,58
149,55
60,41
22,85
133,62
26,24
48,5
12,27
69,70
112,34
24,46
168,99
42,11
6,29
160,82
127,123
117,49
135,125
68,32
168,129
115,71
83,110
46,102
155,70
137,60
56,76
141,56
34,82
35,64
113,62
96,82
31,20
75,70
11,40
139,127
168,136
118,43
48,51
122,38
16,76
128,123
113,55
60,71
23,77
141,130
38,65
172,101
65,37
29,87
68,22
36,63
58,12
61,17
27,97
118,34
122,33
17,75
109,43
146,55
111,118
113,40
81,71
50,100
142,59
74,110
7,29
110,37
170,134
122,40
17,76
27,23
66,70
67,108
30,96
13,24
159,73
113,33
23,67
8,83
64,16
138,129
53,50
21,25
80,112
8,34
100,115
41,62
115,35
150,61
103,119
15,27
112,69
113,73
41,79
45,58
138,57
8,90
13,98
14,80
114,59
117,30
11,84
12,94
72,70
36,84
110,55
169,122
26,78
122,58
15,96
108,121
19,101
113,66
59,10
24,24
42,78
153,65
96,117
60,107
25,63
116,120
156,73
32,71
163,137
21,43
143,55
170,115
26,73
27,77
47,6
163,80
111,37
131,59
62,12
10,30
173,119
119,37
166,94
65,105
28,27
156,64
139,56
18,97
38,100
29,52
73,74
37,84
58,43
169,100
44,10
27,66
69,30
34,16
163,89
151,61
10,25
173,112
119,34
31,86
35,19
55,76
117,120
121,125
85,111
70,70
129,123
114,36
167,131
5,36
61,71
9,33
162,84
77,71
25,97
133,128
173,105
31,95
167,90
33,82
14,44
129,124
170,108
152,58
56,11
31,68
38,62
60,15
64,74
28,96
11,24
50,53
165,137
21,79
80,74
48,99
46,57
51,46
54,9
169,95
15,77
128,58
55,42
111,57
62,40
120,47
101,115
132,62
25,28
136,57
57,102
21,72
22,78
83,76
5,31
66,31
15,74
111,70
24,66
45,9
49,78
35,15
18,45
29,96
58,103
114,72
104,78
69,106
112,62
93,116
22,48
61,107
9,93
148,59
64,32
135,128
119,31
57,7
146,128
44,77
51,5
16,97
108,50
112,53
93,77
27,60
34,70
96,78
24,80
82,113
102,116
14,96
126,126
57,8
117,46
63,38
121,43
164,81
114,122
115,120
78,108
61,12
171,129
37,99
112,44
119,124
122,125
86,111
34,65
35,85
56,46
20,28
59,75
24,87
25,79
157,133
32,23
60,42
121,44
29,75
90,75
165,86
133,61
155,64
112,35
24,47
52,50
55,7
168,100
42,8
25,80
40,62
121,53
68,33
168,130
115,70
44,58
83,113
103,82
41,82
141,55
116,30
45,102
167,98
149,56
99,79
139,126
118,40
122,39
16,77
27,24
113,54
23,76
49,100
172,102
65,36
46,6
154,60
68,23
140,127
58,13
61,16
9,26
27,96
42,82
62,17
109,42
74,111
57,45
7,28
46,9
11,89
16,44
150,59
61,41
122,41
152,64
49,5
159,72
113,32
23,66
8,84
64,17
14,78
53,49
75,108
21,24
166,133
80,113
43,7
8,35
104,119
41,61
115,34
26,68
56,105
112,70
41,78
136,129
45,57
126,60
92,116
25,53
8,91
64,104
114,56
8,42
11,87
54,43
169,121
118,52
15,99
113,65
59,13
24,25
30,83
31,99
25,62
120,124
156,74
40,8
170,112
27,76
154,131
88,78
34,22
20,101
113,122
76,74
111,36
131,58
62,13
173,118
119,36
38,10
166,95
116,64
65,104
156,65
139,59
32,95
33,71
50,9
12,77
37,83
58,40
167,133
34,17
109,118
163,88
173,111
123,38
166,86
121,124
85,110
32,86
140,130
165,134
114,37
65,18
63,108
5,35
26,88
9,32
162,85
77,70
42,56
173,104
141,127
58,75
21,69
26,48
131,128
22,44
170,109
156,136
30,60
86,73
18,75
80,75
43,81
48,100
72,106
19,24
94,113
41,11
169,94
9,82
156,135
163,79
23,28
120,48
70,25
33,99
90,116
39,13
22,79
149,130
29,23
11,97
41,12
170,95
66,28
108,76
59,39
120,55
13,95
35,14
18,42
53,105
54,105
39,10
21,80
114,73
73,110
22,49
153,134
9,92
108,75
64,33
119,30
74,70
147,132
43,55
99,82
65,70
146,129
48,9
108,51
93,76
118,124
52,45
42,7
25,69
24,81
82,110
10,44
67,21
13,81
106,120
144,128
8,26
117,45
121,42
164,82
114,123
115,123
78,109
61,11
171,128
112,45
137,129
66,105
122,122
35,84
168,126
25,78
157,132
75,74
100,82
121,51
29,74
14,27
36,12
164,89
165,85
151,134
137,57
68,74
10,79
87,111
52,51
25,87
40,63
171,97
121,52
53,77
168,131
26,97
44,59
42,97
158,70
60,74
25,88
81,75
161,83
95,117
7,41
54,76
148,129
22,101
118,41
47,103
125,57
19,75
93,80
27,27
146,58
20,42
113,53
161,84
70,110
39,79
95,114
166,136
100,79
154,61
33,18
145,131
9,25
88,115
17,73
67,105
109,41
168,90
57,44
100,118
11,88
145,132
170,132
61,40
150,56
122,54
20,73
152,65
138,60
87,115
91,116
164,134
111,121
113,39
25,51
8,85
45,80
85,73
14,79
53,48
71,106
75,111
43,6
8,36
48,75
104,120
169,119
162,78
20,80
126,61
25,52
8,92
107,77
110,74
114,57
8,43
11,86
16,27
58,39
169,120
98,78
170,118
118,53
113,64
49,54
31,98
92,76
38,16
70,74
143,128
18,100
110,77
40,9
38,99
11,79
105,120
170,113
24,97
10,28
173,117
119,39
38,11
40,97
116,65
135,57
156,66
157,76
33,70
57,72
65,24
12,78
125,126
36,68
97,82
167,132
47,9
51,74
109,117
151,63
173,110
67,74
35,21
166,87
167,95
23,97
84,113
157,69
33,95
127,61
39,97
152,134
43,98
26,54
65,17
36,67
5,34
133,125
9,39
118,30
30,58
42,57
101,79
173,103
30,69
89,115
127,58
58,72
21,68
95,77
26,49
46,52
22,45
98,82
170,106
9,40
30,61
52,74
17,24
55,47
116,47
62,39
102,78
123,55
13,44
142,127
92,80
38,60
18,72
44,98
51,48
72,107
19,27
169,93
9,81
87,77
111,59
76,111
148,55
120,49
67,33
49,75
158,136
70,30
43,56
33,98
149,129
29,22
11,96
54,6
66,29
87,74
77,112
59,38
116,61
120,56
155,132
13,94
160,73
121,31
124,60
53,104
22,71
43,78
44,80
15,44
112,48
27,57
66,20
30,22
24,75
23,45
64,34
102,115
121,32
124,59
164,84
46,80
108,44
19,46
98,118
47,51
30,25
52,46
109,75
56,41
24,82
25,68
6,38
67,20
32,18
13,80
8,27
172,124
117,44
121,41
90,78
164,83
21,97
39,59
26,28
171,131
108,43
145,55
112,46
27,55
47,56
34,95
168,127
38,83
172,123
14,24
36,13
164,90
165,84
56,72
28,84
165,93
158,71
35,69
109,54
60,75
23,49
161,82
7,40
54,77
78,71
48,54
47,102
160,133
125,56
128,126
19,74
49,9
158,78
20,43
23,78
136,125
84,72
50,104
142,55
53,45
166,137
99,118
29,84
33,17
51,104
17,72
66,74
34,99
52,9
109,40
168,91
23,71
11,91
41,58
170,133
20,74
10,96
87,114
113,38
8,86
14,76
8,37
63,74
48,76
97,78
115,36
79,74
26,66
69,32
52,104
15,100
162,79
19,97
20,81
91,76
59,103
32,67
107,76
21,47
29,63
98,79
170,119
26,77
27,73
154,134
66,36
122,57
173,123
49,53
161,134
116,123
143,131
18,101
38,96
95,81
11,78
124,122
73,70
22,25
26,84
112,118
10,29
173,116
119,38
123,35
166,93
116,66
117,124
121,121
157,75
65,31
37,81
147,58
115,59
51,77
17,45
151,62
173,109
31,83
35,20
55,73
84,114
157,68
39,96
43,101
5,33
170,96
9,38
30,59
56,7
173,102
30,74
28,100
71,70
26,62
46,53
37,67
170,107
134,125
55,46
59,43
62,36
101,119
102,79
123,54
38,61
60,10
25,24
63,15
28,99
50,48
53,101
83,72
68,105
51,51
9,80
15,78
128,61
111,58
120,50
43,59
136,60
65,74
39,15
21,85
140,56
73,107
54,7
153,131
62,71
66,26
77,111
24,69
116,62
45,6
155,135
160,74
147,129
146,132
114,71
22,68
44,81
154,68
36,96
112,49
93,113
97,118
61,104
27,56
10,80
111,72
24,76
81,109
50,74
126,122
117,34
134,128
28,72
89,78
54,102
105,78
12,97
51,6
16,100
68,70
108,45
112,40
27,49
66,108
34,69
35,81
109,74
56,42
24,83
25,75
6,39
32,19
117,43
172,125
63,35
28,71
90,79
22,86
171,130
12,24
37,96
112,47
41,101
27,54
119,121
123,122
162,137
6,30
107,117
127,126
129,62
40,58
38,80
169,135
60,37
117,52
36,14
164,91
133,58
26,100
155,69
46,99
17,100
24,50
141,59
35,95
171,99
165,92
148,132
16,73
37,18
35,68
109,53
132,124
64,15
45,99
38,66
39,80
65,32
11,44
48,55
122,34
128,127
20,69
159,71
136,126
28,52
84,73
31,25
53,44
57,41
43,10
63,71
110,38
58,8
79,71
9,31
112,75
42,81
13,27
109,39
168,92
23,70
82,75
28,51
138,130
