213,234
233,94
34,153
219,159
41,57
340,227
33,154
223,155
55,100
49,139
159,218
80,116
47,143
194,228
302,125
76,192
171,220
340,234
126,208
128,68
58,141
131,49
294,117
46,175
49,140
89,21
123,207
177,157
83,23
35,152
296,119
82,165
126,42
59,127
336,252
29,55
53,177
220,236
77,192
246,119
102,200
127,208
237,69
318,158
157,217
234,99
39,149
300,122
301,260
32,82
145,213
242,114
93,19
59,175
29,161
122,72
76,124
120,30
250,244
31,82
158,149
70,43
161,151
205,230
62,138
192,165
141,212
312,148
21,57
100,19
337,252
72,127
112,22
57,192
275,121
118,28
198,228
40,194
76,123
330,183
132,52
227,78
305,262
256,125
299,260
174,222
304,260
79,167
50,94
234,92
126,70
162,218
326,179
132,51
259,246
306,135
272,123
114,82
167,220
27,188
101,157
338,244
320,162
105,90
235,132
55,177
58,192
151,215
89,161
36,194
307,135
330,185
132,58
315,266
320,266
233,133
51,138
124,39
159,149
214,161
93,198
78,31
338,239
213,162
231,120
98,98
61,110
64,190
244,116
63,175
228,238
304,129
88,163
252,244
144,149
332,188
122,149
297,119
94,102
59,192
29,158
276,252
244,115
82,114
66,133
238,74
332,187
42,170
207,163
227,106
45,143
67,190
87,163
121,151
310,140
80,194
184,224
40,165
293,258
280,254
253,244
93,160
238,77
262,248
287,256
252,121
225,89
190,163
339,209
177,222
36,151
60,192
61,121
153,149
31,156
324,170
277,252
133,210
323,169
67,172
225,82
236,105
19,62
61,114
336,261
118,77
172,155
125,149
185,224
258,246
109,204
74,126
114,25
23,171
68,45
70,130
308,137
110,21
130,47
333,191
261,125
338,202
47,91
174,156
340,215
129,208
41,86
39,194
116,26
134,210
72,192
96,198
97,200
44,158
192,228
81,167
122,35
340,222
19,76
107,202
332,268
46,155
29,82
69,171
225,101
191,226
340,229
287,117
236,86
113,82
130,208
98,19
155,216
229,113
110,204
96,101
59,107
332,267
32,55
73,192
98,200
23,182
65,49
193,228
302,123
51,194
219,158
313,264
334,264
340,236
160,149
33,153
17,71
56,102
111,21
223,154
49,57
103,202
222,155
89,19
80,117
47,142
334,196
285,256
340,235
81,27
61,175
226,238
156,216
25,57
89,20
144,212
165,151
123,206
52,194
219,236
172,222
79,194
126,43
59,126
336,253
103,19
26,82
202,230
131,62
335,262
318,159
138,212
157,216
184,159
77,33
300,123
51,177
145,212
109,155
254,246
242,115
99,157
195,228
50,148
247,119
29,160
122,73
94,19
120,31
267,123
326,268
312,149
27,161
45,194
112,23
136,210
118,29
227,147
84,165
322,165
206,165
66,190
49,94
38,56
132,53
49,175
230,238
305,261
166,220
338,250
231,69
142,149
199,230
223,236
264,125
234,93
326,176
132,60
82,25
306,132
338,245
320,163
55,176
151,214
119,151
324,268
227,238
140,212
251,244
127,68
132,59
45,156
56,192
273,123
240,242
213,161
56,175
115,25
98,99
61,109
109,86
275,252
244,117
63,174
119,29
304,130
332,189
42,160
207,165
118,206
193,165
94,103
29,157
161,218
55,55
204,165
82,115
101,96
248,119
231,139
238,75
42,171
227,109
85,23
232,96
75,33
331,187
298,119
121,150
35,194
128,149
310,141
224,153
301,123
324,172
40,166
293,257
77,31
43,147
235,69
110,153
233,127
216,161
252,122
94,198
168,153
98,157
225,88
336,197
337,201
269,250
61,120
324,171
257,246
25,82
297,258
102,96
249,121
322,266
187,226
23,173
32,155
291,256
76,167
78,120
225,81
338,208
215,161
71,171
236,106
19,65
241,113
61,113
79,27
336,262
54,144
109,203
23,170
145,149
36,55
308,138
57,142
225,106
338,203
47,90
174,157
195,165
108,20
237,109
41,85
61,138
116,27
75,124
60,53
188,226
225,99
81,166
262,125
191,228
340,223
108,19
19,79
45,90
48,194
46,152
106,88
325,175
238,110
313,149
130,62
59,140
170,153
334,262
99,200
226,106
225,100
340,230
229,112
20,61
96,102
59,106
99,19
23,177
65,48
128,208
334,265
334,194
340,237
160,150
17,70
225,238
175,157
55,102
25,55
211,233
80,118
233,69
130,48
171,222
100,200
334,197
69,45
218,159
236,69
81,26
137,211
41,194
25,56
208,163
46,173
100,96
283,119
215,234
36,82
83,25
289,256
201,230
137,212
234,102
126,40
216,234
336,254
55,175
101,200
246,117
220,157
66,173
184,160
39,151
77,32
42,194
209,232
212,163
304,127
234,240
143,149
109,154
312,143
25,187
50,149
129,149
58,53
225,153
118,27
29,191
30,55
128,43
259,125
120,32
86,163
234,104
111,153
62,136
229,238
217,161
91,197
170,220
25,188
58,175
222,236
49,93
38,57
132,54
189,163
227,112
210,232
305,260
235,240
148,214
338,251
73,126
151,216
316,153
248,244
229,143
139,212
234,90
126,68
163,218
326,177
311,263
97,159
132,61
259,248
47,194
233,130
306,133
53,98
57,103
114,80
188,161
171,155
27,190
338,242
320,164
276,121
34,55
328,179
132,149
234,69
134,149
63,49
228,112
233,139
236,240
273,122
57,104
129,64
117,206
231,122
61,108
249,244
271,250
329,268
304,131
231,141
284,119
235,86
164,218
332,190
260,248
207,164
232,122
54,98
336,200
50,176
306,262
71,191
272,250
310,139
40,160
226,151
300,260
248,120
85,165
238,72
62,175
227,108
85,22
232,97
71,39
237,240
58,104
130,64
97,19
121,149
202,165
240,112
104,202
86,110
324,173
35,82
181,159
40,167
293,256
43,146
120,74
42,147
261,248
104,19
233,126
252,123
57,131
78,118
225,95
336,198
236,108
61,119
79,29
336,256
180,157
183,224
166,152
23,172
69,190
44,57
338,209
47,92
174,155
52,137
71,170
236,107
19,64
131,209
61,112
34,82
54,145
40,149
282,254
46,143
318,266
109,202
74,124
39,84
114,23
70,128
308,139
130,45
225,105
340,209
108,21
221,157
41,84
229,77
102,19
158,218
205,165
120,206
225,98
81,165
122,33
340,216
123,149
53,194
19,78
229,118
45,89
28,55
46,153
106,89
238,111
97,199
130,63
148,149
334,263
340,231
236,80
80,167
150,149
154,216
65,134
92,19
57,55
95,102
23,176
334,195
340,238
86,21
160,151
17,69
54,194
128,64
225,237
60,108
211,232
25,167
130,49
69,44
237,80
133,149
81,25
137,210
30,82
254,123
59,123
23,81
168,220
100,97
319,266
314,150
78,167
61,53
83,24
106,155
234,103
126,41
110,86
336,255
323,267
56,142
37,84
94,159
250,121
60,138
318,157
102,94
229,147
87,21
184,161
39,150
116,78
109,153
312,144
21,61
169,220
242,113
25,186
53,135
239,241
314,152
243,242
225,152
29,190
103,155
322,168
128,44
120,33
232,240
234,105
74,37
114,204
62,137
267,125
33,82
217,160
91,196
147,214
115,151
27,163
227,149
239,111
260,125
135,149
49,92
40,84
132,55
120,151
90,108
18,74
338,248
46,57
231,71
53,137
242,242
244,242
316,154
51,95
41,149
208,232
279,119
83,165
247,244
233,240
234,91
90,196
126,69
311,262
97,158
132,62
24,182
231,239
233,129
268,123
70,171
53,97
57,102
330,268
114,81
43,87
188,162
338,243
320,165
200,165
53,146
22,57
95,198
175,222
328,180
68,190
183,159
186,161
279,253
233,138
273,121
117,205
126,149
327,268
83,194
179,224
37,194
318,160
67,45
231,140
238,70
332,191
51,148
107,19
71,41
149,149
336,201
50,177
71,190
64,136
111,84
40,161
248,121
85,164
285,119
165,220
238,73
169,153
42,169
227,111
85,21
284,254
232,98
75,35
39,57
103,92
240,113
84,194
86,111
324,174
180,224
38,194
40,168
120,75
68,171
87,196
289,117
238,80
44,172
49,194
233,125
57,130
78,119
225,94
336,199
236,109
75,169
61,118
79,28
81,194
64,134
336,257
127,149
281,254
180,158
329,183
38,84
166,153
23,175
44,171
124,70
253,123
296,258
225,87
316,266
338,206
19,67
274,252
240,111
131,208
52,57
181,224
138,149
74,125
50,194
70,129
80,27
151,149
225,104
338,201
340,210
75,167
221,156
82,194
229,76
86,112
269,123
162,151
270,123
164,151
48,92
212,234
232,94
225,97
226,81
340,217
286,117
17,74
229,117
182,224
45,88
294,258
97,198
67,132
232,69
217,234
146,214
29,192
339,238
340,224
17,67
236,81
108,155
307,262
59,108
49,150
57,54
23,179
99,98
210,163
28,190
302,126
152,216
334,192
66,47
17,68
73,39
128,65
58,142
225,236
45,57
227,81
140,149
234,133
315,153
25,166
218,234
30,192
69,43
124,208
35,151
290,117
230,118
126,39
109,21
112,204
187,161
23,80
295,117
100,98
238,240
149,214
314,151
61,52
153,216
117,151
310,262
60,140
105,155
234,100
204,230
299,119
118,151
323,266
56,143
37,83
173,222
103,157
31,192
125,208
60,139
61,190
102,95
229,146
88,196
113,204
116,79
84,112
312,145
21,60
25,185
53,134
239,240
295,258
314,153
154,149
322,169
128,45
76,120
314,264
234,86
227,77
267,124
89,108
70,190
255,246
43,88
27,162
104,90
47,175
231,73
33,194
54,55
93,104
316,156
64,173
299,259
317,266
227,148
178,157
112,153
41,147
279,121
246,244
84,23
286,256
89,196
311,264
85,112
92,198
116,204
334,191
338,249
231,70
235,131
53,136
316,155
280,119
51,94
41,148
77,120
234,88
330,186
97,157
315,265
43,57
231,238
51,137
124,36
233,128
53,96
306,131
43,86
44,88
188,163
338,240
34,194
245,244
328,181
60,175
279,252
63,51
233,137
124,35
311,143
21,80
96,159
293,117
117,204
71,192
101,19
156,149
318,161
66,134
231,143
35,55
238,71
121,33
211,163
71,40
74,169
241,242
176,222
302,260
55,131
40,162
114,153
59,53
85,163
285,118
86,196
165,219
238,78
227,110
265,250
232,99
233,123
75,34
22,80
119,206
46,90
273,251
102,157
47,57
324,175
91,19
54,133
40,169
120,76
141,149
44,173
67,171
233,124
124,72
308,135
92,161
57,129
225,93
125,39
273,252
19,61
75,168
336,258
61,117
79,31
118,78
64,135
85,196
321,165
201,165
23,57
180,159
325,268
23,174
48,175
266,250
124,71
225,86
338,207
340,212
19,66
257,125
23,167
28,82
217,159
143,212
340,211
88,108
51,96
52,146
19,75
112,82
221,155
229,75
92,104
232,95
225,96
340,218
17,73
19,80
229,116
37,151
53,55
238,109
23,181
44,145
189,226
214,234
219,157
340,225
52,96
236,82
38,151
223,153
103,201
274,121
203,165
26,163
135,210
57,53
23,178
298,258
47,141
122,206
302,127
167,153
334,193
340,232
73,38
54,192
128,66
20,80
55,99
227,80
211,234
234,130
53,57
25,165
190,226
219,235
57,175
296,117
79,193
59,125
69,130
61,51
176,157
55,192
185,161
234,101
26,188
300,120
110,84
25,183
47,152
33,55
56,144
37,82
224,236
131,149
122,74
123,72
103,156
41,160
102,92
229,145
232,139
106,19
255,123
60,123
205,232
192,163
46,194
84,113
48,152
300,119
263,125
312,146
21,59
25,184
123,208
53,133
322,166
76,121
41,169
42,57
234,87
45,173
91,198
115,153
191,163
104,91
50,139
33,193
231,72
271,123
256,123
150,214
225,151
227,151
27,82
299,258
316,157
199,229
279,120
234,94
96,19
132,49
228,77
48,150
231,240
90,106
146,149
338,246
196,165
235,130
89,163
108,86
43,171
234,89
290,256
38,55
330,187
132,56
315,264
48,141
233,135
124,37
18,67
338,241
267,250
51,57
98,100
245,243
100,157
281,119
160,218
179,157
328,182
54,177
63,173
326,175
63,50
233,136
231,119
55,133
113,23
82,116
67,47
231,142
288,117
129,45
45,145
71,43
50,175
268,250
310,142
256,246
40,163
24,82
60,190
43,158
65,173
285,117
72,169
253,246
165,218
113,153
238,79
265,249
233,122
57,127
75,37
225,91
173,155
273,250
331,268
61,123
27,55
209,163
147,149
40,57
111,204
42,158
285,255
233,99
327,179
57,128
225,92
55,144
336,259
61,116
79,30
85,195
105,202
31,155
87,110
56,55
185,226
121,74
90,161
23,169
142,212
225,85
79,118
338,204
340,213
52,148
131,210
119,76
88,21
24,167
157,149
44,156
288,256
265,125
340,220
88,109
52,147
19,74
112,83
229,74
106,202
92,105
186,226
283,254
68,130
258,125
282,119
170,154
225,103
340,219
17,72
236,84
132,210
136,149
229,115
59,105
206,232
46,156
163,151
93,159
23,180
28,161
121,206
334,266
317,157
340,226
33,155
196,228
236,83
291,117
221,236
77,167
78,192
103,200
55,101
312,264
25,163
302,124
171,221
340,233
73,37
54,193
37,55
128,67
58,140
200,230
55,98
207,232
46,174
49,141
53,56
243,115
25,164
117,27
303,127
56,131
219,234
335,197
197,228
35,153
71,128
296,118
79,192
305,131
59,124
23,82
314,149
246,118
177,224
251,121
62,51
157,218
123,35
300,121
145,214
308,262
110,85
25,182
333,266
32,192
50,150
323,268
328,268
120,29
63,136
229,144
102,93
72,128
235,105
205,231
192,164
84,114
312,147
21,58
26,55
72,126
112,21
239,242
322,167
178,224
76,122
107,155
116,80
117,78
227,79
50,57
115,152
338,252
104,92
33,192
90,19
292,256
256,124
227,150
108,88
199,228
63,190
91,161
326,178
132,50
43,194
259,247
48,151
306,134
90,107
309,139
292,117
152,149
27,189
338,247
320,161
235,133
97,100
89,162
108,87
203,230
330,184
132,57
62,190
194,165
233,134
51,139
124,38
127,43
338,238
263,248
30,157
213,163
124,149
231,121
61,111
245,242
319,161
328,183
130,149
81,116
304,128
31,55
44,194
279,254
264,248
231,118
52,177
55,132
137,149
29,159
66,132
67,46
238,69
95,19
227,107
45,144
71,42
310,143
94,104
40,164
60,191
43,145
245,117
228,147
155,149
253,245
93,161
238,76
115,204
265,248
230,143
75,36
225,90
177,223
270,250
61,122
31,157
324,169
197,165
64,49
108,202
42,159
67,173
285,254
58,127
225,83
48,57
321,266
198,165
71,169
19,63
336,260
61,115
118,76
85,194
91,106
54,146
185,225
278,252
65,190
114,24
23,168
65,47
72,39
308,136
309,262
74,192
130,46
95,159
225,84
83,114
338,205
340,214
24,57
139,149
303,260
116,25
68,132
166,151
44,157
125,70
115,80
122,34
340,221
88,110
19,77
112,84
42,86
229,73
230,73
92,106
46,154
68,131
106,90
107,88
182,159
277,121
116,151
278,121
73,169
75,192
170,155
225,102
191,227
104,155
105,19
340,228
266,125
236,85
76,33
229,114
199,165
96,100
59,104
332,266
