287,349
279,297
263,179
55,269
20,273
98,186
226,103
126,169
289,368
238,280
275,270
241,31
258,407
260,407
210,124
137,164
102,182
115,380
78,368
189,136
66,264
287,346
131,275
279,294
214,227
265,407
251,106
239,403
242,299
278,288
220,60
238,402
259,149
98,407
280,302
100,407
209,248
66,259
66,204
265,190
105,319
109,351
209,265
111,358
228,386
232,368
195,132
251,99
113,393
114,281
65,251
255,119
220,59
259,154
205,244
261,162
66,282
250,341
141,162
235,11
109,344
77,367
57,259
226,112
286,387
54,208
257,143
248,407
246,317
285,388
88,192
255,124
220,50
261,171
245,54
66,277
244,303
231,393
267,208
234,261
57,260
274,258
88,397
224,93
125,275
186,137
245,63
209,227
234,253
244,310
284,330
224,229
247,77
107,336
36,220
55,208
271,237
203,235
204,128
224,84
232,244
144,160
256,132
20,229
276,274
44,214
134,165
245,56
229,233
230,233
285,333
267,206
86,390
269,222
222,70
247,74
230,390
70,351
36,219
271,234
257,146
240,284
80,373
243,364
249,85
197,285
220,31
244,405
265,195
232,10
218,37
190,135
281,310
160,283
222,73
210,263
247,67
215,122
107,334
271,243
38,218
224,98
228,231
144,158
220,22
265,196
158,281
163,283
111,283
13,261
216,122
270,230
156,153
191,288
53,271
208,227
116,174
47,214
95,186
243,37
195,285
239,17
111,401
283,322
86,192
26,224
66,331
229,370
49,212
103,409
253,108
56,258
113,375
243,42
285,337
80,194
12,241
53,273
242,362
72,352
22,228
66,322
52,273
277,282
273,248
129,275
185,289
16,235
108,180
252,351
237,13
41,245
224,14
66,298
84,384
103,318
87,192
182,139
24,277
27,224
194,134
230,370
74,198
92,188
10,251
289,363
108,179
66,293
211,257
103,311
88,191
287,353
236,271
45,250
248,325
51,239
255,130
113,282
289,364
228,375
164,148
66,316
211,262
105,322
103,300
143,160
236,262
166,148
115,281
248,332
263,188
253,112
94,186
170,145
279,395
250,92
269,230
289,357
238,271
275,259
205,126
150,156
228,382
16,267
14,266
252,356
61,245
66,311
103,293
287,343
72,199
205,277
263,181
51,253
217,229
254,361
222,118
226,109
251,95
289,382
109,405
238,278
185,138
275,264
209,124
252,355
18,231
220,47
246,321
66,270
66,251
283,316
287,348
115,176
279,296
263,178
55,268
20,274
226,100
289,375
238,281
275,273
241,30
59,243
102,183
174,288
144,275
184,138
165,285
115,383
78,369
118,279
66,265
279,289
242,296
193,287
220,61
238,403
223,16
259,148
209,255
66,256
265,189
105,318
109,350
76,361
209,264
55,258
111,353
228,387
31,222
251,98
113,392
242,291
246,315
255,118
220,52
259,157
43,216
79,371
261,161
169,287
66,283
205,243
250,338
235,10
109,343
219,229
57,258
226,113
153,279
88,391
54,209
257,142
189,289
172,287
68,344
285,387
255,127
220,51
261,170
245,53
207,248
66,274
37,281
177,142
267,211
234,258
57,267
253,407
271,231
255,407
257,135
224,94
80,376
208,248
161,150
205,229
44,216
245,62
133,275
102,409
234,250
126,275
146,158
244,311
70,202
224,230
247,76
176,142
107,339
271,236
203,234
224,85
132,166
249,83
232,245
20,230
44,215
151,279
285,332
86,391
269,221
202,128
222,71
247,69
230,391
106,330
70,348
240,285
257,145
80,374
249,84
220,24
265,194
67,202
231,237
251,364
218,34
281,309
18,269
222,78
247,66
11,253
234,398
71,351
271,242
224,99
115,385
144,159
220,23
208,124
34,222
156,154
269,405
241,403
15,267
111,178
169,146
116,175
68,202
140,162
277,279
243,36
239,16
111,400
220,118
283,325
22,226
187,289
26,225
66,328
47,277
103,408
253,107
113,374
168,146
243,45
139,275
285,336
53,239
80,195
117,279
84,192
12,242
53,272
204,279
41,243
72,353
19,273
223,81
46,239
66,323
67,339
113,367
277,281
243,50
245,405
196,132
273,255
16,236
237,12
112,176
41,244
224,15
66,299
84,385
103,313
246,405
255,132
10,248
50,275
106,180
107,405
159,281
289,362
281,395
85,192
48,212
66,290
211,256
103,310
287,352
236,264
166,146
45,249
248,326
253,118
113,281
279,397
289,355
222,20
104,318
242,404
207,273
66,317
105,321
103,303
236,263
110,178
115,280
248,333
52,239
142,162
254,359
146,276
94,187
225,99
82,377
160,152
269,229
289,356
275,258
168,285
228,383
283,393
104,293
16,268
14,267
252,357
41,239
259,160
66,308
105,330
287,342
72,200
90,190
205,276
263,180
51,252
56,241
226,106
119,174
251,94
289,381
109,404
238,279
275,267
253,362
114,176
115,377
78,367
66,271
283,319
287,351
225,12
279,299
218,229
55,271
20,275
98,184
25,277
226,101
160,150
289,374
55,241
275,272
130,168
241,29
242,302
283,391
174,289
115,382
66,262
247,325
236,364
239,362
279,288
242,297
225,231
79,196
259,151
261,167
209,254
207,245
66,257
66,202
265,188
216,227
109,349
76,362
209,271
45,214
128,275
111,352
167,146
251,101
264,407
220,53
275,399
259,156
205,242
261,160
100,408
66,280
250,339
109,342
237,364
209,256
89,397
215,227
111,361
88,392
257,141
224,88
64,204
135,164
248,78
68,345
231,368
255,126
261,169
245,52
66,275
138,164
104,407
12,256
250,346
267,210
234,259
57,266
220,229
271,230
257,134
224,95
222,229
80,377
127,168
19,230
239,281
205,228
245,61
234,251
244,304
267,203
224,231
267,405
107,338
271,239
203,237
40,281
224,86
65,204
249,82
232,246
51,273
72,351
24,226
250,364
221,61
207,126
281,307
285,331
86,388
269,220
202,129
222,68
247,68
230,388
232,366
107,331
70,349
201,130
219,120
257,144
271,244
240,286
80,375
249,91
108,285
220,25
210,227
265,193
218,35
281,308
33,222
57,208
111,397
58,206
222,79
234,399
37,218
115,384
249,92
241,362
208,125
265,202
49,277
218,42
271,403
243,405
99,184
171,144
74,358
43,279
12,253
220,120
147,277
83,381
228,232
112,283
66,334
277,278
243,39
104,180
285,342
195,287
234,366
35,220
58,208
239,19
111,403
12,244
14,240
235,261
220,119
283,324
22,227
66,329
266,202
253,106
113,373
277,287
243,44
74,360
239,24
80,196
84,193
12,243
41,242
72,354
118,174
66,320
56,267
240,24
113,366
277,280
45,279
174,144
54,239
273,254
112,177
62,206
66,296
103,312
47,239
122,172
194,132
230,368
257,407
259,407
10,249
101,184
173,144
282,393
289,361
273,247
222,18
281,394
48,213
66,291
157,152
103,305
211,259
236,265
54,256
147,158
166,147
45,248
66,338
248,327
253,117
279,396
289,354
222,21
97,407
99,407
162,150
242,405
207,272
66,314
212,122
105,320
103,302
248,334
50,252
141,275
146,277
112,397
269,228
289,379
54,240
275,261
168,286
228,376
283,392
175,142
16,269
14,264
252,358
96,405
66,309
66,254
105,329
103,295
205,275
279,301
263,183
47,250
49,239
35,281
56,242
226,107
84,381
289,380
109,403
238,276
275,266
241,27
203,281
174,287
234,10
42,239
43,247
115,376
243,303
48,250
66,268
283,318
211,227
287,350
73,198
279,298
85,385
52,254
55,270
76,196
148,156
98,185
160,151
124,275
198,132
289,373
241,28
242,303
78,196
64,248
220,32
41,216
95,405
66,263
122,277
76,364
188,136
279,291
128,168
203,279
60,244
242,294
68,340
238,401
204,238
259,150
150,278
261,166
209,253
207,244
66,286
66,203
216,228
109,348
76,363
42,279
209,270
200,130
111,355
77,196
226,116
233,395
251,100
31,279
257,139
60,243
226,231
68,339
220,54
204,229
42,216
259,159
205,241
100,409
48,239
66,281
105,293
235,12
209,263
32,280
111,360
222,80
88,393
257,140
113,391
224,89
26,278
68,346
255,121
261,168
245,51
66,272
12,257
251,347
250,347
119,277
267,213
52,210
234,256
57,265
214,122
257,133
232,240
158,152
15,236
205,227
245,60
138,275
175,289
183,289
244,305
156,280
267,202
86,386
70,200
222,66
247,78
107,341
70,347
271,238
182,289
203,236
224,87
249,81
232,247
223,118
230,236
244,312
281,306
156,279
285,330
123,275
86,389
269,219
18,272
222,69
247,71
230,389
232,367
107,330
90,398
240,287
203,229
249,90
220,26
265,192
49,275
218,32
271,405
281,315
71,200
58,207
222,76
178,142
234,396
110,283
241,35
115,387
283,329
233,249
287,385
201,283
208,126
265,201
49,276
218,43
281,316
34,220
74,359
239,21
83,194
12,254
14,238
90,400
181,140
241,36
228,233
120,172
66,335
113,371
277,277
243,38
278,397
104,181
285,341
195,286
239,18
222,62
111,402
12,245
283,327
116,176
27,279
66,326
47,279
56,208
113,372
277,286
243,47
174,142
235,364
74,361
245,315
84,194
41,241
66,302
72,355
258,146
97,186
66,321
109,285
113,365
273,253
57,243
81,194
153,154
112,178
227,12
66,297
103,315
180,289
194,133
49,251
230,369
96,186
277,288
151,156
107,407
289,360
53,255
273,246
222,19
281,393
94,404
62,246
63,204
48,214
66,288
29,279
212,124
103,304
34,281
287,354
211,258
73,357
143,275
236,266
248,328
66,339
49,252
212,227
253,116
202,281
82,380
192,287
82,194
228,370
14,262
107,285
240,288
43,248
207,275
206,227
66,315
212,123
105,327
103,297
248,335
263,185
232,393
142,160
269,227
289,378
199,283
54,241
238,274
275,260
168,287
228,377
102,184
14,265
252,359
96,406
66,306
66,255
105,328
103,294
90,188
273,258
152,279
279,300
263,182
51,254
56,243
273,403
166,285
226,104
171,287
84,382
247,407
126,170
198,130
110,352
289,371
275,269
241,26
203,280
238,277
115,379
43,246
44,248
246,324
66,269
287,345
279,293
263,175
249,337
50,239
252,407
254,407
76,197
148,157
221,118
226,99
251,105
289,372
275,274
130,166
242,300
64,249
43,239
206,244
209,251
66,260
76,365
279,290
111,357
225,116
60,245
242,295
68,341
220,56
259,153
150,279
261,165
209,252
207,247
66,287
105,291
216,229
250,342
109,347
165,148
241,291
209,269
111,354
251,103
257,138
113,397
167,285
64,247
246,318
285,391
220,55
275,401
259,158
205,240
261,174
66,278
105,292
250,337
17,269
23,275
32,281
52,212
57,263
111,363
222,81
226,12
88,394
40,216
113,390
224,90
26,279
68,347
255,120
186,138
245,50
66,273
138,162
12,258
250,344
234,254
267,212
52,211
234,257
57,264
240,403
229,10
230,392
257,132
224,81
262,407
249,79
266,407
232,241
162,283
199,130
277,399
134,166
245,59
230,234
234,249
244,306
156,281
32,279
267,205
86,387
70,201
222,67
247,73
230,387
267,407
179,140
107,340
271,233
240,281
243,363
136,164
249,80
232,248
51,275
220,28
230,237
106,407
218,38
116,279
244,313
281,305
269,218
18,273
38,281
222,74
247,70
178,289
107,333
90,399
249,89
220,27
46,214
265,199
249,407
218,33
271,404
152,154
23,226
281,314
106,289
239,15
222,77
111,399
234,397
241,34
115,386
283,328
287,384
201,282
265,200
218,40
280,395
120,277
34,221
239,20
12,255
14,239
90,401
236,400
155,154
283,321
232,237
22,275
120,173
66,332
253,111
112,364
113,370
277,276
243,41
104,182
285,340
234,364
238,364
222,63
60,206
12,246
236,399
39,218
224,116
283,326
66,327
47,278
69,202
198,285
277,285
243,46
174,143
273,251
16,232
161,283
252,348
203,128
41,240
66,303
247,364
103,317
287,383
72,356
93,188
109,284
113,364
10,252
273,252
93,403
252,347
62,204
66,294
103,314
236,268
54,271
49,250
255,129
107,406
289,367
53,254
273,245
204,126
222,16
228,372
17,232
92,401
94,405
62,247
66,289
211,261
176,289
103,307
236,267
248,329
66,336
253,115
170,146
82,381
193,134
199,285
256,407
228,371
14,263
125,170
162,148
240,289
224,16
242,403
207,274
66,312
105,326
103,296
45,239
263,184
232,394
248,336
213,227
142,161
254,362
146,275
226,110
261,407
269,226
289,377
238,275
275,263
135,275
228,378
252,352
18,232
220,44
41,281
96,407
246,322
66,307
66,252
90,189
217,120
163,148
273,257
274,401
263,177
273,402
226,105
84,383
123,172
198,131
289,370
275,268
241,25
244,50
137,275
197,132
253,359
220,43
114,376
115,378
78,370
246,325
66,266
287,344
113,176
279,292
228,10
191,134
263,174
181,289
237,271
76,198
148,158
30,222
251,104
53,210
130,167
242,301
64,250
254,118
259,147
209,250
66,261
218,120
76,366
209,267
55,257
111,356
228,384
251,97
113,395
242,292
101,409
68,342
220,57
259,152
44,239
261,164
207,246
66,284
105,290
250,343
109,346
209,268
264,188
248,364
51,212
114,387
226,114
251,102
54,210
257,137
113,396
246,319
285,390
220,48
275,400
205,239
261,173
66,279
12,260
270,405
260,160
57,262
111,362
88,395
40,217
113,389
224,91
139,162
255,123
138,163
12,259
250,345
234,255
145,275
244,308
119,279
249,364
267,215
230,393
203,233
224,82
249,78
232,242
69,347
277,398
245,58
194,287
230,235
244,307
281,303
285,335
267,204
222,64
132,275
247,72
267,406
271,232
240,282
203,238
80,371
243,362
249,87
232,249
51,274
220,29
218,39
170,287
244,314
281,304
211,124
123,277
160,281
269,217
18,270
236,12
222,75
247,65
11,248
179,289
107,332
271,241
203,231
224,96
249,88
230,10
25,226
173,287
265,198
152,155
190,136
281,313
216,120
239,14
111,398
210,256
233,366
33,281
178,140
142,275
241,33
287,387
91,188
201,281
218,41
113,376
74,357
238,362
239,23
59,206
206,275
12,248
14,236
236,401
283,320
232,238
26,226
120,174
192,134
66,333
253,110
113,369
277,275
243,40
285,339
124,170
234,365
157,281
12,247
103,182
87,391
224,117
246,364
66,324
149,156
243,49
277,284
272,244
273,250
16,233
252,349
39,281
224,12
66,300
103,316
72,357
24,275
246,406
109,283
129,168
10,253
164,284
282,316
107,289
94,403
42,246
207,271
62,205
66,295
103,309
236,269
182,140
242,36
46,250
231,10
255,128
244,364
289,366
273,244
164,283
204,127
222,17
100,184
172,144
121,277
228,373
92,402
66,318
211,260
103,306
286,342
115,279
248,330
66,337
253,114
82,378
288,383
289,359
199,284
58,243
228,380
105,180
107,287
162,149
252,362
240,290
41,279
63,247
66,313
105,325
103,299
205,279
248,337
263,187
232,395
30,279
226,111
245,364
251,93
269,225
289,376
238,272
275,262
228,379
252,353
220,45
41,280
246,323
66,304
66,253
213,122
273,256
279,302
228,12
263,176
273,401
75,198
226,102
126,168
289,369
275,271
241,24
130,275
186,289
115,381
78,371
207,227
66,267
287,347
109,178
279,295
228,11
229,387
55,267
30,223
221,229
242,298
64,251
259,146
209,249
66,258
265,191
108,342
109,352
76,367
209,266
177,289
55,256
111,359
131,166
228,385
191,287
251,96
196,285
251,407
113,394
242,293
68,343
107,180
220,58
259,155
150,277
261,163
155,279
66,285
105,289
250,340
109,345
267,216
111,364
226,115
257,136
113,387
208,271
246,316
285,389
255,125
220,49
205,238
261,172
245,55
66,276
12,261
238,14
267,209
234,260
110,403
57,261
88,396
200,283
40,218
113,388
21,275
224,92
26,277
255,122
186,136
234,252
206,126
244,309
119,278
267,214
268,216
246,64
107,337
203,232
224,83
223,229
232,243
20,228
277,397
134,164
245,57
281,302
285,334
32,222
86,385
267,207
269,223
202,130
222,65
154,154
247,75
107,342
70,350
36,218
271,235
240,283
80,372
61,206
227,231
46,279
249,86
220,30
183,138
240,362
218,36
184,289
276,399
244,315
190,134
262,174
281,311
123,276
160,282
269,216
18,271
222,72
136,275
247,64
107,335
90,397
271,240
203,230
224,97
21,228
265,197
152,156
281,312
105,407
216,121
91,401
156,152
191,289
178,141
234,395
53,256
241,32
283,330
287,386
190,289
252,106
28,224
124,172
238,363
239,22
28,279
14,237
283,323
263,407
232,239
268,405
180,140
66,330
159,152
253,109
113,368
277,274
243,43
134,275
285,338
124,171
127,275
75,361
222,61
12,240
224,118
66,325
50,212
103,407
108,405
277,283
243,48
29,224
233,10
219,43
273,249
89,190
16,234
252,350
237,14
41,246
224,13
66,301
235,399
272,403
182,138
24,276
246,407
250,407
145,158
221,22
81,377
10,250
288,354
219,32
164,285
149,277
154,279
13,240
107,288
108,178
187,136
44,279
66,292
103,308
88,190
236,270
148,277
255,131
113,283
117,174
30,224
289,365
222,22
228,374
252,364
92,403
62,245
245,64
66,319
211,263
105,323
103,301
236,261
237,401
248,331
253,113
170,144
82,379
121,172
289,358
228,381
14,261
107,286
252,363
240,291
66,310
48,277
105,324
103,298
72,198
205,278
263,186
254,360
94,188
188,289
226,108
284,391
251,92
269,224
289,383
238,273
275,265
133,166
140,275
252,354
18,230
36,281
220,46
246,320
66,305
283,317
