50,96
141,183
47,152
104,109
131,118
53,188
128,184
52,94
40,179
113,24
25,116
20,136
73,82
116,51
114,31
99,68
19,117
126,76
130,176
124,68
37,170
122,52
133,133
129,173
64,88
22,111
123,57
134,138
122,137
131,200
119,195
46,97
28,108
46,194
35,123
138,163
101,131
37,158
9,123
124,145
52,182
17,124
114,34
130,105
112,62
134,198
132,119
124,143
114,60
117,17
54,138
113,17
51,200
116,58
119,31
109,110
115,39
120,198
20,116
124,67
125,75
23,128
21,112
123,62
72,134
26,109
41,179
127,85
28,107
48,159
37,135
9,124
24,132
126,156
135,197
98,120
90,141
132,126
84,76
47,148
101,110
63,88
97,70
38,173
115,44
75,82
116,47
88,74
120,42
138,194
128,91
121,43
26,116
41,180
132,200
55,92
37,166
80,137
63,133
53,195
122,133
49,163
140,177
33,105
37,128
50,168
117,114
120,127
44,98
98,115
104,66
100,136
74,135
82,78
141,188
18,124
131,115
52,200
99,123
19,136
17,136
135,140
129,176
117,55
121,44
117,190
77,81
119,33
129,170
49,164
127,161
119,196
37,137
136,152
137,161
86,140
138,166
51,174
37,147
71,83
119,117
129,102
17,121
130,108
124,148
125,153
85,76
109,63
49,144
78,136
47,154
141,181
136,196
53,186
117,22
114,29
60,134
37,168
122,50
133,131
101,68
123,59
134,136
30,106
46,192
34,121
138,161
32,105
101,129
37,156
140,189
9,121
124,147
116,112
17,114
114,32
36,103
37,127
95,70
126,155
113,61
50,142
107,110
113,23
123,200
118,28
52,196
9,128
115,41
118,185
81,137
27,117
130,110
125,73
103,109
120,37
123,185
76,81
127,87
42,182
48,145
138,168
140,180
118,194
37,133
24,134
120,122
89,140
99,136
48,96
107,65
98,118
132,120
137,159
94,141
47,150
118,23
69,133
86,76
16,136
25,110
135,145
92,141
85,140
22,127
14,136
128,93
37,164
139,168
53,193
140,179
92,72
37,142
136,147
123,138
110,111
23,111
45,190
80,78
98,113
12,117
71,84
118,116
129,99
100,111
141,186
21,136
131,117
116,10
53,191
22,135
128,165
98,69
122,198
116,48
135,142
101,127
129,182
117,53
108,110
65,87
19,112
130,181
117,188
121,185
90,73
42,184
119,35
122,138
58,135
126,83
127,163
46,98
40,101
136,154
130,112
128,96
46,191
138,164
117,192
51,176
37,145
101,134
121,133
119,119
129,100
130,106
65,133
125,151
106,65
18,117
53,184
117,20
100,124
115,60
118,27
114,27
139,192
59,135
115,34
48,160
124,64
43,184
133,129
128,200
23,135
57,137
21,115
123,61
33,121
11,133
12,134
48,156
98,138
140,191
37,154
9,127
10,119
24,129
49,143
97,117
105,110
59,91
100,134
100,123
113,21
52,198
93,141
86,75
128,169
66,133
99,113
115,43
19,126
20,112
38,174
113,111
24,115
75,81
116,44
39,175
120,39
125,71
71,134
14,135
29,117
48,147
47,197
94,71
122,134
118,192
37,131
61,134
50,173
120,124
37,102
34,104
99,138
11,118
70,85
118,115
132,122
129,104
137,157
53,138
18,136
13,116
61,90
62,88
113,14
116,13
114,13
110,63
140,192
20,127
111,62
84,139
53,94
135,147
128,95
121,47
37,162
103,66
119,36
23,115
139,170
21,111
47,194
49,167
127,164
140,173
37,140
136,149
123,140
10,121
31,118
41,100
83,77
37,150
51,173
77,136
87,140
119,120
16,114
129,97
121,130
36,125
48,198
141,184
47,153
131,119
53,189
128,167
106,110
40,178
113,25
116,50
73,83
114,30
101,125
99,69
121,48
126,79
130,179
117,186
37,171
122,55
137,195
129,174
28,117
122,136
126,81
51,140
34,122
138,162
51,178
37,159
101,132
105,65
124,144
52,181
130,104
39,102
43,99
125,149
79,137
117,18
113,18
133,126
118,25
116,57
114,25
139,194
100,68
115,36
48,162
109,111
118,186
120,197
24,110
43,186
124,66
39,176
125,76
137,196
23,129
44,189
123,63
134,140
26,108
32,119
89,74
67,86
115,112
48,158
37,152
9,125
57,91
17,118
126,159
25,130
111,111
132,125
137,154
45,98
108,64
68,133
47,149
101,111
38,172
10,131
116,46
70,133
82,138
120,41
125,69
129,184
134,135
128,90
41,181
127,83
55,93
37,167
124,200
66,87
53,196
140,176
127,185
37,129
50,171
57,92
76,136
120,126
93,71
98,114
74,134
141,189
131,112
116,15
114,11
22,128
51,94
102,110
99,120
135,141
22,115
121,45
95,140
130,182
127,88
120,185
37,160
90,74
117,191
83,138
129,171
139,172
31,106
49,165
140,175
37,138
123,142
136,151
76,135
51,175
37,148
121,128
64,133
68,86
129,103
17,122
130,111
36,127
125,154
49,145
109,64
141,182
47,155
18,118
53,187
128,185
87,75
115,59
114,28
54,93
15,115
19,116
79,79
126,77
130,177
124,69
37,169
122,53
133,132
129,172
125,200
123,56
114,111
134,139
51,142
125,185
35,122
91,73
42,99
37,157
101,130
9,122
124,146
52,183
126,154
134,199
95,71
55,138
113,62
18,113
114,61
117,16
14,116
113,16
116,59
119,30
9,129
115,38
19,125
81,138
125,74
120,36
21,127
71,133
127,84
73,134
37,134
24,133
126,157
30,118
96,140
89,141
120,121
99,137
129,200
11,117
81,78
84,77
94,140
99,111
115,9
47,151
118,22
97,69
10,129
88,75
138,195
64,87
128,92
121,42
134,133
49,200
37,165
139,169
53,194
29,107
35,104
49,162
33,104
37,143
140,178
123,139
50,169
117,113
45,191
44,99
12,116
38,102
141,187
47,156
96,70
18,125
131,114
116,9
123,199
114,9
99,122
122,185
67,133
135,143
129,183
117,54
19,113
130,180
77,80
74,82
127,90
117,189
13,135
119,32
126,82
127,160
37,136
136,153
137,160
52,140
58,91
121,127
138,167
130,200
51,177
37,146
119,116
129,101
17,120
39,101
130,109
124,149
125,152
78,137
141,180
136,197
53,185
117,21
14,115
118,26
114,26
139,193
115,35
112,111
50,200
60,135
43,185
122,51
133,130
101,67
21,116
123,58
134,137
52,139
12,133
30,107
46,193
15,136
32,106
35,124
37,155
101,128
140,190
10,118
116,113
17,113
114,33
75,135
50,143
133,199
113,22
118,29
52,197
128,168
117,56
115,40
27,116
10,132
125,72
120,38
29,118
58,136
127,86
42,183
126,185
48,146
118,195
37,132
50,172
52,184
120,123
37,103
135,198
48,97
70,84
107,64
98,119
132,121
118,114
137,158
53,139
113,15
116,12
114,12
121,198
20,126
111,63
91,141
25,109
72,83
135,144
85,139
50,95
128,94
37,163
103,67
63,134
139,171
53,192
56,92
47,195
32,120
92,73
37,141
127,165
136,148
50,167
10,120
23,110
123,141
31,119
80,79
45,189
41,101
37,151
121,131
119,121
129,98
82,77
36,124
48,197
141,185
131,116
116,11
53,190
128,166
40,177
122,199
116,49
101,126
117,52
78,80
121,49
49,199
126,78
130,178
37,172
122,54
117,187
119,34
129,175
114,112
126,80
127,162
51,141
97,139
124,185
62,134
128,97
138,165
42,100
37,144
51,179
105,66
101,133
119,118
52,180
130,107
121,132
55,137
125,150
97,115
117,19
100,125
113,19
133,127
118,24
116,56
119,29
126,200
115,37
48,161
120,196
124,65
43,187
122,49
39,177
133,128
23,134
44,188
57,136
123,60
33,120
124,63
11,132
132,199
97,140
12,135
48,157
98,139
37,153
9,126
24,130
69,85
17,119
52,179
126,158
25,131
127,159
97,116
105,109
59,90
100,135
132,124
137,155
49,96
113,20
52,199
22,136
128,170
99,112
115,42
79,80
10,130
116,45
122,56
39,174
120,40
125,70
103,110
44,187
134,134
119,185
27,108
41,182
47,97
66,86
48,148
47,196
35,103
122,135
118,193
37,130
50,170
120,125
25,132
93,72
98,117
132,123
137,156
88,140
61,89
62,89
113,13
131,113
116,14
114,10
56,137
51,95
117,15
99,121
127,200
25,115
116,52
53,93
135,146
102,67
121,46
127,89
37,161
83,139
139,173
49,166
140,174
37,139
136,150
123,143
37,149
121,129
68,85
60,90
16,115
17,123
36,126
48,199
