50,96
127,235
195,227
111,227
97,219
170,243
63,76
86,211
40,179
127,120
92,14
142,174
143,36
147,33
121,55
27,122
127,70
112,229
144,10
86,22
130,170
13,157
82,40
134,172
150,10
76,54
127,138
70,68
151,243
177,168
60,81
88,17
127,144
30,171
195,232
106,225
116,229
197,182
127,97
16,159
138,241
121,56
90,214
157,10
148,33
10,153
102,222
131,43
129,47
127,79
186,168
23,128
48,185
144,174
41,179
127,85
143,241
125,60
82,35
34,114
132,239
183,168
195,203
26,168
180,243
127,153
123,233
154,243
195,209
38,110
31,171
197,191
120,231
127,110
127,116
125,68
20,132
132,43
44,181
14,138
127,82
135,173
42,179
64,76
195,176
58,83
30,120
56,191
46,182
126,12
127,134
47,183
185,241
195,214
36,113
197,184
18,135
22,129
197,194
148,174
18,161
17,136
127,125
20,131
33,173
84,31
76,204
124,234
106,12
48,183
127,91
10,149
37,175
191,237
146,242
129,170
28,121
80,45
150,31
127,161
161,21
142,241
163,172
66,73
157,243
12,141
76,57
127,143
161,15
70,67
82,208
195,223
102,12
27,169
163,17
121,233
61,80
195,229
152,10
127,149
90,14
135,239
57,191
194,235
127,122
61,193
168,243
147,35
76,203
158,243
89,213
38,177
121,53
185,168
101,221
86,20
123,59
170,170
69,199
124,60
40,106
115,229
128,236
82,38
145,35
11,153
127,146
184,241
141,174
30,169
195,234
24,165
140,12
104,223
152,174
116,231
197,180
140,241
127,99
34,174
14,159
131,45
127,73
129,45
136,41
167,243
127,87
78,206
94,216
56,84
80,49
135,41
146,35
151,10
195,205
68,69
12,153
30,119
36,110
123,12
44,101
127,155
48,96
195,211
140,11
38,108
90,16
98,219
141,10
189,240
197,189
120,233
131,12
155,27
129,12
183,241
62,195
96,217
127,104
16,136
131,171
32,171
127,118
125,66
132,172
50,94
88,213
126,70
100,221
127,92
174,170
86,24
155,174
15,159
159,172
195,178
12,144
66,197
127,128
119,231
152,31
81,207
195,216
191,170
70,199
153,30
43,104
18,133
154,29
72,202
156,27
197,192
54,188
157,26
127,127
24,127
136,174
54,89
84,25
26,125
10,147
191,239
72,63
86,19
110,12
169,170
129,168
73,62
175,168
80,47
127,163
74,61
46,98
66,71
162,16
12,143
131,237
127,137
161,13
70,65
193,173
127,48
155,243
22,164
163,19
127,151
195,231
52,90
142,37
127,100
72,64
84,32
125,235
173,243
64,195
149,174
32,117
127,168
40,108
134,43
92,215
125,63
94,215
82,36
189,170
168,170
51,185
186,241
195,198
187,168
84,210
12,156
44,104
127,156
89,16
142,10
62,79
24,167
174,243
45,100
55,189
78,50
197,178
128,12
127,109
189,239
14,157
109,225
127,75
149,32
123,50
127,81
141,241
149,10
56,86
135,43
194,174
42,105
137,12
195,207
52,185
58,84
12,155
188,170
44,103
127,133
48,98
122,233
21,163
127,12
195,213
125,12
78,53
197,187
18,136
59,191
113,14
145,241
127,106
155,29
183,243
62,193
22,130
51,92
16,138
96,219
18,162
54,187
159,243
133,12
193,237
32,173
197,197
125,64
127,112
65,197
119,14
16,160
84,28
50,92
159,25
127,94
10,150
55,88
79,207
107,12
195,174
174,168
125,49
80,42
68,197
127,164
161,16
127,47
66,74
12,146
31,118
161,243
141,39
49,185
162,172
60,192
127,130
195,218
71,201
22,163
106,223
190,239
103,12
195,224
138,239
40,178
127,121
92,13
143,37
84,27
26,123
108,225
127,71
112,228
190,170
74,59
45,181
127,139
50,185
60,80
88,16
127,145
30,170
73,203
195,233
63,195
106,224
197,183
86,213
144,241
94,12
127,102
25,126
196,197
84,34
138,240
156,10
192,237
121,57
157,11
127,76
10,152
64,197
157,174
48,184
99,219
171,243
146,10
137,39
137,174
147,243
125,61
82,34
136,12
168,172
132,238
195,200
187,170
103,223
127,158
124,12
62,77
70,201
21,130
127,111
165,243
132,12
187,241
130,12
127,117
43,179
125,69
44,180
161,172
133,43
127,83
137,40
64,75
56,88
121,14
110,227
11,146
122,13
195,177
52,187
58,82
85,211
56,190
156,243
127,135
195,215
59,82
83,209
146,174
143,10
36,112
197,185
130,237
18,134
19,163
79,50
113,12
134,239
22,128
197,195
117,14
127,114
20,130
29,169
54,90
114,229
84,30
44,179
124,233
14,140
151,174
26,126
127,88
10,148
182,168
160,23
28,120
80,44
111,12
68,199
74,62
109,12
161,22
151,31
139,39
127,166
66,72
12,140
141,37
76,56
41,106
127,140
70,66
195,220
26,167
175,243
166,172
149,243
195,226
20,163
53,187
58,191
127,123
83,34
155,10
121,54
38,176
85,24
177,243
86,23
145,10
153,243
150,174
128,235
82,41
76,55
173,170
195,197
77,54
60,82
88,18
127,147
195,235
116,230
197,181
154,10
127,96
158,12
23,165
77,205
128,47
14,158
90,215
127,78
102,223
129,46
160,172
130,45
123,49
159,23
29,120
180,168
127,84
145,174
80,48
34,115
42,106
195,202
68,68
138,12
26,169
30,118
44,100
118,231
127,152
80,207
195,208
140,10
172,170
78,54
112,12
35,175
189,241
120,232
197,190
127,105
62,194
114,14
163,243
127,119
125,67
134,12
158,25
14,139
100,220
124,49
127,93
47,98
154,174
135,172
165,172
108,12
110,225
161,19
46,183
181,243
127,129
191,171
195,217
153,31
39,108
36,114
18,132
115,14
72,201
197,193
157,27
127,124
24,126
53,90
54,88
124,235
84,24
76,205
36,175
121,51
17,161
26,124
10,146
100,219
72,62
172,243
86,18
146,243
149,31
67,70
148,243
65,74
28,122
80,46
139,174
129,169
74,60
161,20
127,160
91,215
69,68
66,70
99,12
12,142
97,12
162,19
76,58
127,142
161,14
70,64
82,209
195,222
127,49
193,174
163,16
127,148
195,228
90,15
153,10
188,241
91,14
127,101
95,12
93,12
147,34
121,52
122,51
86,21
179,168
123,58
32,116
46,100
40,107
144,35
128,237
133,172
82,39
138,174
195,199
24,128
84,209
187,169
171,170
127,157
62,78
24,166
196,178
176,168
25,167
126,235
197,179
87,213
153,174
62,80
127,98
34,175
169,243
128,168
90,213
131,44
127,72
102,221
122,58
149,33
123,51
148,10
127,86
164,172
78,207
127,90
94,217
158,173
56,85
80,50
67,197
42,104
122,14
71,64
68,70
195,204
12,154
36,111
160,243
44,102
127,154
48,97
150,243
195,210
191,172
38,109
105,223
78,52
197,188
117,231
127,107
60,191
96,218
137,239
16,137
131,170
19,132
28,169
32,172
118,14
125,65
127,113
178,243
50,95
127,95
33,116
195,175
13,140
135,174
158,174
127,165
96,12
75,58
12,145
46,181
127,131
195,219
153,29
179,243
167,172
72,203
195,225
147,174
52,92
54,189
40,177
157,25
127,126
92,12
105,12
84,26
26,122
112,227
191,238
146,241
127,162
74,58
46,99
82,42
127,136
161,12
193,172
82,207
101,12
22,165
163,18
127,150
195,230
52,91
86,212
162,243
127,103
164,243
143,35
84,33
181,168
159,12
121,58
157,12
127,77
156,174
39,177
64,196
147,10
123,60
87,18
32,118
184,168
138,39
125,62
82,37
168,171
34,116
15,138
132,237
182,243
195,201
57,84
84,211
12,157
178,168
139,12
127,159
62,76
70,200
78,51
129,237
49,96
127,108
34,173
133,239
193,235
38,175
127,74
125,70
113,229
74,203
75,203
135,12
127,80
137,41
78,205
120,14
93,215
64,74
56,87
135,42
110,226
122,12
136,239
195,206
52,186
56,189
127,132
195,212
107,225
197,186
95,217
113,13
143,174
155,28
116,14
183,242
197,196
139,241
18,163
131,172
193,236
104,12
127,115
16,161
84,29
50,93
159,24
127,89
10,151
176,243
174,169
166,243
158,172
80,43
152,243
68,198
140,174
161,23
81,42
127,167
140,39
160,12
37,110
141,38
35,114
100,12
60,193
98,12
126,49
195,221
192,172
127,141
