59,183
141,183
64,186
73,193
83,61
116,21
104,214
143,183
45,111
65,187
93,21
19,143
89,45
68,190
91,35
122,175
154,181
69,191
150,183
176,234
23,139
188,202
136,32
120,165
153,236
144,183
26,135
120,139
188,185
35,123
55,100
142,28
71,78
118,66
120,113
41,118
31,162
65,188
141,19
49,109
120,224
19,148
85,56
75,71
115,220
160,181
41,169
77,69
188,193
88,204
78,67
100,212
33,126
24,158
45,173
120,146
81,62
118,69
69,83
82,61
136,19
37,122
168,179
112,53
120,120
152,22
47,174
175,236
166,179
43,113
154,20
95,210
188,226
63,88
116,47
39,168
120,42
188,216
117,46
118,45
37,166
184,177
96,19
120,153
53,102
118,92
24,139
57,99
93,207
120,127
25,138
60,93
81,64
120,101
170,236
129,228
167,179
121,224
40,168
140,30
57,182
93,26
89,42
43,171
183,234
75,194
44,172
188,215
89,204
79,65
104,20
133,19
101,212
23,140
188,205
120,160
118,222
122,21
118,87
125,40
120,134
188,188
112,220
186,232
118,73
99,19
120,108
107,216
112,57
171,178
184,234
118,99
139,232
19,145
156,181
29,161
116,61
91,37
48,174
122,173
131,36
118,63
37,168
176,236
134,19
188,196
136,34
120,167
150,22
143,234
126,177
120,141
188,187
35,125
118,64
120,115
100,19
152,17
122,224
21,156
151,235
155,236
39,121
97,210
105,215
114,58
128,177
19,150
142,183
86,53
115,222
137,231
188,229
87,48
38,168
94,21
77,67
185,177
188,195
135,19
67,188
69,192
107,21
79,196
120,148
188,178
125,177
40,119
113,220
118,91
69,81
137,181
120,122
112,55
25,135
42,117
59,94
105,216
152,181
43,115
140,232
91,29
154,18
61,92
21,143
163,236
137,232
63,90
89,39
129,38
186,177
63,185
187,232
188,218
130,37
120,44
32,129
47,109
120,155
126,40
27,134
146,26
124,40
118,82
57,97
165,181
120,129
25,136
131,228
123,224
138,30
120,103
98,210
38,121
73,75
57,180
93,24
89,40
32,162
74,73
116,48
33,163
75,196
188,209
65,87
79,67
76,71
172,236
130,181
52,103
26,158
188,207
120,162
27,159
118,85
120,136
188,190
51,176
71,77
118,79
143,28
106,216
120,110
44,113
151,236
118,97
29,133
73,76
138,232
148,183
19,147
116,63
33,164
188,232
91,39
87,53
122,171
162,236
95,21
188,198
175,177
120,169
119,223
151,17
183,177
67,84
120,143
120,119
188,181
110,218
133,181
118,70
52,178
120,117
112,50
27,160
21,154
135,230
128,179
95,209
19,152
159,236
113,21
188,231
87,50
173,236
42,170
23,156
188,221
155,181
149,183
67,190
118,46
79,198
144,27
134,34
145,26
120,150
49,174
109,21
126,39
127,38
118,89
120,124
119,99
43,117
127,227
91,31
150,234
21,141
118,21
60,184
20,154
53,180
111,219
93,29
115,48
87,203
151,182
58,182
85,55
109,218
131,20
188,212
129,179
141,234
47,111
149,19
51,104
145,19
120,157
150,24
146,24
124,42
118,80
165,179
58,95
120,131
131,230
123,226
118,74
120,105
171,177
73,194
145,234
83,58
73,73
45,112
96,210
88,47
93,22
89,46
20,143
188,211
91,32
65,85
90,206
130,179
122,174
105,21
123,175
132,36
188,201
120,164
99,210
146,19
145,183
147,234
120,138
188,184
51,178
55,101
81,198
71,79
68,83
91,206
118,77
120,112
41,119
172,177
29,131
22,156
35,164
19,149
85,57
115,221
108,216
41,170
77,70
110,21
188,192
132,35
166,236
120,171
133,34
33,127
135,181
124,177
123,21
45,174
120,145
188,183
81,63
50,176
118,68
124,175
85,202
31,130
46,174
37,123
112,52
138,183
182,234
48,109
137,19
152,21
59,93
83,200
129,21
146,183
59,184
127,228
19,154
72,192
111,220
119,21
125,226
188,225
63,89
87,204
116,46
23,158
188,223
130,38
36,166
118,44
37,167
54,101
148,234
123,42
97,19
139,183
120,152
27,133
164,181
53,103
118,95
120,126
25,139
142,19
138,19
70,192
81,65
160,236
55,180
114,49
120,100
149,234
140,29
53,178
93,27
89,43
85,53
109,216
75,72
75,195
188,214
131,181
89,205
104,19
101,213
141,232
122,42
149,17
33,128
23,141
51,106
62,184
188,204
135,34
120,159
98,19
118,86
120,133
173,177
118,72
143,19
120,107
112,56
130,228
59,182
115,21
28,133
139,19
73,192
171,179
83,60
118,98
134,230
65,186
168,236
49,107
126,226
115,59
89,44
116,60
29,162
91,34
86,202
122,172
69,190
176,235
174,177
188,203
136,33
120,166
150,17
111,21
99,212
69,79
187,177
67,83
94,208
120,140
188,186
49,176
118,67
71,192
120,114
161,236
41,117
140,19
101,19
174,236
112,21
35,166
49,108
19,151
116,59
188,228
87,49
41,168
77,68
188,194
87,47
67,189
33,125
79,197
108,21
45,172
120,147
25,158
188,177
81,61
118,90
69,82
125,21
120,121
37,121
112,54
138,181
181,234
59,95
83,202
156,236
39,119
169,236
102,19
61,93
144,234
92,29
188,227
63,91
128,38
151,181
131,19
102,214
90,39
120,43
188,217
130,36
64,87
121,42
51,103
66,85
120,154
117,222
27,135
53,101
114,220
118,93
57,98
93,206
103,214
120,128
25,137
131,229
80,198
81,200
123,225
120,102
103,19
83,57
164,236
57,181
93,25
89,41
43,170
132,19
188,208
104,21
130,180
188,206
120,161
121,21
118,84
158,181
120,135
188,189
51,177
186,233
163,181
118,78
84,202
157,236
120,109
154,236
118,96
176,177
73,77
84,57
117,21
19,144
116,62
29,160
124,226
76,196
91,36
63,87
117,63
149,24
74,194
146,234
188,197
120,168
150,23
78,196
151,22
67,85
120,142
188,180
35,124
82,200
136,230
118,65
31,129
56,180
120,116
128,21
151,234
21,155
165,236
39,120
105,214
114,59
128,178
19,153
114,21
137,230
188,230
87,51
161,181
177,234
95,19
23,157
188,220
179,177
46,111
144,26
128,228
119,44
138,32
120,149
188,179
49,175
126,38
142,234
118,88
69,80
57,95
120,123
153,20
114,50
43,114
179,234
50,107
154,19
61,91
21,142
62,91
72,77
22,141
77,196
151,183
131,21
63,184
188,219
171,236
180,177
51,105
120,156
162,181
124,41
118,83
57,96
165,180
120,130
159,181
70,79
177,177
138,31
120,104
126,21
139,30
30,162
83,59
73,74
45,113
141,28
93,23
28,160
89,47
43,172
178,234
33,162
188,210
91,33
65,86
79,66
148,24
136,181
188,200
56,99
106,21
120,163
99,211
27,158
169,179
120,137
34,125
188,191
132,230
81,199
30,131
118,76
36,123
178,177
120,111
180,234
113,57
147,183
29,132
35,165
54,180
19,146
158,236
133,230
157,181
91,38
87,52
77,71
61,184
95,20
132,34
188,199
120,170
119,222
137,32
121,171
124,176
120,144
170,179
116,222
188,182
127,177
124,21
55,99
118,71
92,206
31,131
112,51
138,182
120,118
152,20
185,234
113,50
83,201
153,17
114,57
130,21
95,208
188,224
181,177
66,188
188,222
147,19
167,236
144,28
120,151
152,236
140,183
118,94
120,125
114,48
120,99
43,116
127,226
91,30
154,17
153,181
127,21
140,28
34,164
111,218
53,179
93,28
87,202
85,54
109,217
182,177
75,73
63,186
188,213
147,24
89,206
148,19
101,214
141,233
47,110
144,19
120,21
33,129
51,107
93,208
149,18
132,181
120,158
146,25
118,81
134,181
120,132
80,65
119,224
186,234
118,75
120,106
