20,25
53,53
59,78
61,82
75,104
47,35
74,106
82,101
87,72
17,20
20,7
76,100
40,60
73,82
49,78
42,62
40,66
10,7
64,88
35,21
83,111
48,59
55,78
12,17
36,22
13,20
56,75
65,96
93,90
46,75
60,81
25,49
15,34
30,14
82,66
28,10
22,48
97,113
29,11
70,94
71,100
60,79
75,97
30,16
82,92
95,98
84,69
41,24
48,77
16,38
72,67
8,12
17,39
50,79
49,71
63,83
79,85
9,9
53,73
54,73
8,18
64,95
9,19
92,89
14,8
66,93
67,89
56,82
78,101
80,63
83,90
47,64
45,71
19,44
94,101
83,64
71,93
16,7
6,14
21,46
54,52
72,100
22,45
46,30
55,49
48,68
18,5
33,59
74,102
47,31
77,100
54,46
82,113
52,74
17,24
95,113
22,7
35,61
18,31
74,64
72,80
53,82
88,74
65,88
14,19
12,7
88,112
10,19
67,94
13,6
44,68
38,22
47,73
69,92
39,23
70,72
96,111
27,53
59,85
47,62
81,64
28,54
93,96
85,67
46,33
20,28
29,55
53,42
33,60
16,20
57,47
61,87
81,90
98,109
87,77
18,22
88,81
49,75
13,37
79,65
48,32
55,85
15,19
11,19
79,111
91,93
24,9
74,63
12,20
68,73
69,69
85,98
24,47
14,38
70,67
96,102
51,57
60,84
15,39
28,13
52,50
80,89
20,27
70,101
75,106
40,24
82,99
73,78
95,103
16,33
72,94
51,76
43,27
52,70
63,84
78,84
44,28
55,82
90,82
45,33
42,70
15,6
49,56
13,18
84,115
26,10
94,94
60,83
57,87
30,12
82,64
93,114
26,52
94,96
70,92
71,102
59,89
51,36
75,99
54,51
52,39
7,16
97,105
62,83
77,105
42,29
16,24
23,45
30,56
81,110
52,77
8,14
49,69
63,93
44,27
9,15
78,65
76,81
42,65
89,79
38,59
78,107
43,71
50,54
83,92
47,66
71,65
68,69
67,97
45,69
86,112
80,87
85,94
71,95
96,106
6,12
21,44
80,109
7,9
56,41
55,51
77,98
33,57
16,31
82,111
54,44
73,66
86,76
17,30
32,18
22,5
55,41
50,68
18,29
33,19
53,80
88,76
37,61
77,86
88,114
10,17
39,59
38,20
47,75
68,76
69,90
58,81
70,78
69,100
73,97
56,48
98,107
20,30
29,53
61,85
62,93
16,22
57,45
81,88
54,39
79,63
87,79
76,105
88,83
34,19
17,41
32,15
13,35
74,83
41,69
55,77
68,75
69,67
25,10
58,88
87,112
85,96
24,49
71,77
27,12
60,86
57,76
66,97
30,11
84,92
53,49
6,16
40,26
95,97
41,27
48,74
72,64
43,29
8,9
41,61
31,54
49,66
63,86
44,30
18,41
90,80
53,76
54,74
49,36
64,92
11,10
76,84
50,35
92,94
55,74
91,84
36,18
69,76
66,94
49,62
56,79
37,19
26,8
50,61
83,89
94,92
38,24
58,77
45,74
19,43
84,91
26,50
93,112
94,102
71,96
51,38
23,49
6,11
72,97
54,49
82,88
84,65
41,28
31,17
73,95
54,43
82,114
52,79
86,75
50,75
18,32
77,65
23,5
75,81
54,77
10,10
76,83
89,77
66,89
49,55
39,60
13,9
56,86
79,101
83,94
47,76
68,71
58,84
39,26
85,92
83,68
20,43
96,108
47,61
72,104
80,111
52,40
93,99
7,11
56,43
46,34
61,90
98,110
85,70
74,98
81,101
72,78
73,64
34,60
76,108
18,27
65,92
37,59
77,84
89,86
15,22
24,6
25,7
92,96
96,99
27,9
51,52
60,89
69,98
77,63
19,31
52,55
98,105
70,102
53,54
59,79
16,8
47,32
82,100
86,69
19,5
17,21
19,30
76,107
81,112
21,7
34,17
13,33
65,85
76,65
48,36
40,65
55,81
90,87
15,31
49,33
79,107
35,18
48,58
36,21
84,112
93,91
46,74
70,71
71,79
60,80
25,50
15,35
73,104
28,9
85,72
81,87
95,99
87,70
84,68
41,25
48,76
76,98
77,108
16,37
30,53
8,11
17,32
50,78
49,64
78,88
9,10
18,39
8,17
64,94
76,86
91,86
42,66
92,88
43,66
50,59
47,65
96,113
68,90
71,68
81,63
15,40
45,72
19,45
94,100
83,65
20,46
68,96
16,6
75,103
21,47
95,104
17,7
32,57
22,44
48,67
77,101
42,25
86,73
52,73
17,25
31,57
35,58
23,7
75,83
53,83
36,61
10,8
90,89
88,73
64,85
65,89
92,87
14,18
89,83
66,87
67,95
39,62
13,7
85,112
83,96
69,93
70,75
96,110
27,50
47,63
81,65
19,24
93,97
97,102
98,108
29,56
61,88
74,96
16,19
81,91
34,58
79,88
16,41
88,80
34,20
13,38
14,21
89,84
79,108
91,90
24,8
68,72
75,63
85,99
91,112
24,46
14,33
70,66
71,80
27,11
51,54
25,47
15,36
57,79
69,96
28,12
73,101
96,101
32,55
20,26
75,107
40,23
47,34
82,98
19,7
73,79
75,65
40,61
21,5
72,93
51,77
73,81
49,77
78,87
18,42
42,63
74,95
40,67
53,79
11,9
35,20
50,36
91,83
14,6
48,60
12,18
49,57
56,76
37,22
78,99
84,114
93,89
46,72
70,69
60,82
25,48
57,80
30,15
58,78
82,67
52,56
31,14
97,112
29,10
70,95
71,103
51,37
75,96
84,70
7,17
53,39
62,82
42,28
77,106
72,68
54,84
8,13
17,38
50,76
49,70
9,8
23,8
9,18
42,64
12,9
67,88
56,83
78,106
43,68
83,93
89,114
47,67
92,112
39,25
45,70
86,115
80,86
85,95
83,67
71,92
68,98
6,15
72,101
54,53
80,108
95,106
17,5
46,31
48,69
62,85
77,99
33,58
16,30
74,103
82,110
54,47
95,112
52,75
73,67
32,17
50,71
63,91
18,28
74,65
72,81
53,81
88,75
64,87
65,95
11,7
77,87
38,61
10,16
15,21
78,109
44,69
83,98
38,23
47,72
69,91
58,80
98,112
70,73
69,101
73,98
28,55
52,52
80,99
85,66
56,47
98,106
20,29
53,41
62,92
70,99
57,46
87,76
76,104
18,23
88,82
51,70
49,74
32,14
13,36
33,15
48,33
55,84
74,82
79,110
35,17
91,92
90,114
68,74
69,68
85,97
91,114
14,39
51,56
57,77
66,96
80,90
52,51
53,50
74,105
80,112
87,69
48,73
16,34
40,63
30,54
54,83
51,79
43,26
52,71
41,62
31,55
49,67
63,87
44,29
18,40
78,85
90,83
45,32
64,91
50,34
83,112
55,75
92,93
91,85
69,77
49,63
56,78
37,20
26,11
50,60
94,95
71,75
68,95
57,86
30,13
84,90
26,53
59,88
51,39
72,96
82,91
54,48
95,111
97,104
42,26
81,109
30,57
54,42
86,74
52,78
8,15
79,86
90,90
54,76
76,82
9,16
89,78
56,85
43,70
85,115
50,55
83,95
89,112
92,114
68,70
58,87
85,93
96,107
59,81
6,13
21,43
72,103
19,23
93,100
94,114
85,71
56,42
55,50
61,91
62,91
72,77
54,45
95,114
17,29
50,69
55,40
18,26
33,18
74,79
65,93
90,79
88,115
79,99
44,71
41,67
24,5
83,100
38,21
26,7
70,79
27,54
51,53
59,86
69,99
80,101
52,54
78,63
87,80
56,49
29,52
61,84
16,23
57,44
86,68
87,78
17,22
20,5
81,113
51,72
34,16
13,34
65,86
44,32
74,80
48,35
40,64
90,86
49,34
11,20
41,68
48,57
90,112
25,9
87,115
93,92
70,70
71,76
51,58
25,51
15,32
57,83
60,87
73,105
85,73
29,13
40,27
95,96
87,71
76,97
77,109
72,65
54,81
17,33
49,65
44,31
9,11
90,81
53,75
45,30
76,85
42,69
83,114
92,95
36,19
49,61
67,87
43,67
94,93
50,58
38,25
71,69
68,89
25,52
57,84
45,73
19,42
84,100
94,103
20,45
71,99
16,5
23,48
75,100
82,89
95,105
84,66
32,56
31,16
22,47
62,86
18,7
23,46
81,99
73,94
54,40
52,72
17,26
50,72
63,94
35,59
74,66
75,80
90,88
88,72
64,84
92,86
89,76
38,62
66,86
15,8
39,63
13,8
78,110
83,97
71,66
69,94
58,85
67,98
84,99
70,74
96,109
27,51
47,60
81,66
19,25
28,52
52,41
7,10
56,44
94,112
61,89
98,111
97,103
74,99
93,98
86,67
34,61
50,67
79,89
33,16
16,40
36,59
51,69
14,20
89,85
11,17
91,91
25,6
80,65
76,63
14,32
70,77
96,100
27,8
69,97
15,37
73,102
28,51
