94,123
192,219
151,208
72,118
160,216
37,82
189,224
56,25
141,145
151,206
35,41
171,193
86,60
41,57
31,74
35,15
68,39
119,165
164,220
184,189
123,174
136,183
60,29
52,98
116,162
157,212
95,144
98,148
120,165
117,163
188,202
111,157
174,154
98,142
171,147
48,17
29,17
55,100
87,132
145,200
143,150
150,131
172,148
35,65
20,32
61,107
69,116
179,224
94,132
29,37
171,198
23,19
165,201
108,96
37,44
170,141
163,203
156,168
147,133
136,190
120,172
180,175
154,166
121,169
47,90
150,160
174,157
124,178
125,179
41,85
96,114
154,201
172,147
158,131
96,139
125,173
33,74
101,150
173,190
105,83
163,176
93,144
142,150
88,62
128,182
161,216
190,224
20,21
39,82
17,24
100,76
108,95
140,196
150,200
66,37
165,220
103,104
102,78
73,45
31,70
37,63
79,120
104,150
111,163
105,151
65,114
80,54
170,184
85,127
149,158
175,161
81,55
133,187
99,143
33,67
176,163
45,90
99,149
100,109
180,224
159,214
104,104
171,189
100,150
172,190
167,179
80,120
161,203
108,86
100,75
106,98
141,150
167,137
44,15
182,183
145,135
86,59
41,54
171,224
123,171
143,199
34,15
188,205
92,69
159,171
156,203
165,176
108,153
33,68
101,152
144,193
143,139
59,106
147,204
67,115
148,198
19,32
94,121
162,133
192,221
173,193
166,135
37,80
94,131
56,27
141,143
153,166
35,43
171,195
23,20
36,44
60,33
190,222
184,191
38,46
136,185
60,31
137,192
126,175
39,47
95,146
120,167
70,43
149,160
169,183
146,135
98,140
76,48
127,180
140,189
48,19
55,102
87,134
191,222
172,150
54,25
178,173
35,67
181,224
128,177
106,84
96,73
114,159
186,199
93,143
146,202
108,98
153,209
68,40
172,224
182,187
72,43
62,34
147,135
101,77
85,131
168,137
117,170
111,164
71,43
169,184
51,97
187,201
160,131
167,201
76,47
96,116
143,153
60,106
177,167
169,201
25,34
99,110
167,180
71,117
172,193
115,167
101,108
102,106
17,30
108,89
146,197
48,92
98,74
150,206
91,138
40,50
81,121
138,192
50,94
41,51
118,170
190,210
162,218
180,176
65,112
85,125
164,176
141,198
159,172
53,100
27,17
137,190
134,182
138,189
162,174
182,224
98,113
109,161
102,146
113,166
176,165
45,88
192,216
96,71
100,144
42,15
186,201
95,120
152,162
17,23
157,131
141,148
153,163
110,157
164,203
173,224
182,181
129,182
41,52
31,73
190,213
143,193
97,146
155,167
188,207
39,48
105,158
38,15
163,174
51,21
166,201
28,17
52,22
108,155
164,133
144,195
53,23
96,120
172,153
168,139
168,201
152,131
94,127
32,74
162,131
107,85
104,81
84,58
94,129
46,16
153,164
85,59
171,197
141,141
103,152
139,192
41,61
118,164
170,142
122,171
151,160
88,64
126,173
120,169
70,41
79,118
174,158
169,181
155,210
25,19
96,146
76,50
127,182
140,191
133,181
77,51
124,173
154,202
96,136
178,171
89,137
192,214
21,33
31,17
158,214
70,116
186,197
33,38
64,36
17,27
108,92
149,205
182,185
66,38
72,45
145,137
49,93
85,129
31,69
161,174
157,169
117,168
170,147
74,47
121,173
104,147
142,193
174,161
26,19
91,67
94,71
62,108
114,160
96,118
82,57
170,199
19,22
37,64
78,53
171,184
98,110
104,101
141,191
184,224
166,137
146,195
102,104
17,28
108,91
112,158
91,140
33,17
154,131
113,159
123,176
106,152
131,179
190,208
130,184
163,218
132,180
180,178
104,154
105,155
173,153
141,196
53,98
27,19
57,103
167,222
149,132
138,187
59,105
147,203
40,15
113,164
176,167
19,31
94,122
192,218
46,15
150,199
151,207
185,193
141,146
155,131
41,58
118,163
131,184
122,174
130,179
119,170
132,179
184,188
123,175
36,15
116,161
157,213
39,50
95,145
105,156
107,160
188,201
151,131
89,65
135,188
57,104
147,202
55,101
87,133
145,201
143,151
164,135
94,125
63,108
97,114
61,108
104,83
27,36
158,203
185,224
94,135
22,21
141,139
29,38
171,199
165,202
147,156
103,154
34,40
58,29
139,194
37,45
122,169
151,162
132,186
176,224
143,200
116,168
179,173
148,133
107,153
180,174
47,91
174,156
155,212
125,180
41,86
96,138
178,169
43,88
50,21
33,75
101,151
173,191
163,133
145,156
166,178
88,61
161,217
107,98
79,53
186,195
39,83
103,147
160,203
17,25
108,94
94,144
184,193
18,30
165,221
69,41
129,184
168,141
31,71
107,158
95,135
161,172
180,181
74,45
83,122
38,63
90,67
104,149
170,145
58,104
39,62
158,170
80,53
149,159
94,69
133,188
137,185
82,55
35,76
33,76
98,114
112,164
186,224
100,143
176,162
37,78
171,186
100,108
159,215
104,103
51,94
108,85
31,38
91,142
182,182
123,178
45,15
177,224
129,177
41,55
163,220
145,154
188,204
78,118
92,68
165,177
65,110
43,86
44,88
138,185
33,69
148,197
94,120
162,132
192,220
37,81
94,130
56,26
141,144
151,201
35,40
33,40
23,21
40,61
57,27
86,61
60,32
183,224
67,39
41,56
131,186
149,199
153,201
130,177
59,29
184,190
136,184
60,30
116,163
126,174
188,203
56,102
120,166
70,42
162,203
127,175
92,67
47,92
174,155
135,190
98,143
127,181
48,18
104,79
87,135
172,149
49,19
148,204
95,71
54,24
178,172
63,110
61,106
30,17
128,176
34,76
94,133
29,36
96,72
186,198
147,158
47,17
39,84
178,224
169,141
58,27
108,97
139,196
181,181
153,210
144,137
182,186
160,172
85,132
135,183
161,131
125,178
41,84
96,115
166,222
168,180
178,167
50,19
24,34
32,69
90,138
25,35
88,63
19,21
22,34
88,136
186,193
168,224
146,196
108,88
32,17
65,37
100,77
150,201
91,139
81,122
102,79
152,201
83,124
90,65
104,151
111,162
65,113
80,55
85,126
46,90
133,186
137,191
93,69
35,78
138,188
98,112
159,203
109,162
25,36
176,164
45,89
99,148
100,110
171,188
167,178
186,200
83,57
174,224
43,15
108,87
102,108
106,99
141,149
18,23
77,118
110,156
38,82
168,140
129,183
41,53
190,212
87,61
152,208
33,15
143,198
97,147
188,206
39,49
159,170
163,175
39,15
52,21
108,154
87,136
144,194
143,138
109,155
172,152
67,114
148,199
94,126
192,222
104,80
153,131
173,192
142,139
169,224
28,36
84,57
94,128
141,142
153,165
35,42
171,194
82,122
103,153
139,193
190,223
97,73
122,170
151,161
97,148
39,46
120,168
79,119
174,153
169,182
155,211
139,189
157,203
86,132
98,141
84,124
76,49
140,190
172,151
124,172
169,199
89,138
178,170
35,66
192,213
73,118
21,34
36,78
175,224
32,38
106,85
186,196
33,39
93,142
64,35
115,161
149,206
153,208
68,41
182,184
147,134
72,44
62,35
49,94
85,130
157,170
170,146
168,138
117,169
74,46
121,174
142,192
174,160
51,96
75,47
155,168
39,61
94,70
96,117
143,152
124,171
66,114
82,56
64,110
134,188
169,200
102,152
19,23
37,65
78,52
170,224
171,185
104,100
71,116
142,191
21,21
115,166
128,175
102,107
17,29
108,90
166,136
98,75
112,157
91,141
110,155
81,120
123,177
92,142
102,77
41,50
63,35
190,211
180,177
163,219
85,124
141,197
53,99
134,183
167,223
149,133
138,186
191,213
109,160
102,147
113,165
176,166
99,150
41,15
171,190
192,217
100,145
23,34
75,118
156,131
141,147
153,162
74,118
110,162
187,224
41,59
31,72
131,185
167,224
130,178
119,171
184,187
155,166
157,214
105,157
37,15
183,187
97,139
135,189
52,23
164,134
145,202
165,135
67,116
94,124
63,109
159,216
104,82
105,100
36,65
84,59
94,134
46,17
141,140
35,44
171,196
165,203
147,157
58,28
41,60
99,75
37,46
61,33
118,165
139,195
148,158
170,143
88,65
106,151
189,207
180,173
24,19
174,159
103,79
169,180
126,180
98,139
76,51
114,166
145,195
154,203
155,203
146,156
96,137
178,168
89,136
50,20
192,215
55,25
21,32
78,51
161,218
106,83
186,194
64,37
188,224
17,26
108,93
149,204
184,192
76,118
66,39
165,222
62,33
106,158
145,136
49,92
85,128
157,168
107,159
161,173
180,180
170,144
83,123
121,172
40,84
90,66
54,100
51,98
104,148
142,198
39,63
156,212
42,86
114,161
96,119
154,210
143,154
54,23
35,77
108,160
101,145
144,200
147,197
176,161
37,79
34,67
26,36
171,187
98,111
104,102
71,118
68,116
30,38
115,168
51,95
102,105
190,207
106,100
98,73
112,159
33,16
106,153
190,209
144,154
180,179
119,172
132,181
159,131
145,155
105,154
27,18
57,102
165,178
96,135
65,111
134,181
43,87
149,131
143,137
59,104
102,145
19,30
