89,11
14,74
95,101
80,125
99,126
104,115
85,63
140,113
92,135
137,91
103,122
128,77
123,31
141,95
126,56
20,58
89,12
90,130
74,149
95,98
80,116
85,56
145,115
79,85
137,92
122,63
52,105
17,57
56,108
106,36
35,96
109,25
92,119
96,114
132,80
82,61
89,21
117,26
11,72
47,148
79,82
138,93
103,104
51,126
112,112
101,82
86,147
142,97
126,42
55,122
117,114
82,52
121,119
50,13
38,97
21,55
26,34
79,91
44,15
122,65
69,17
34,21
120,23
84,5
126,45
18,93
127,54
21,48
26,45
12,72
50,151
78,178
26,92
84,157
123,74
86,50
112,110
113,112
76,124
119,62
101,68
35,23
33,93
107,50
75,13
21,57
78,10
80,80
99,131
12,71
112,22
93,108
97,105
27,95
83,42
138,118
128,32
58,161
76,123
32,96
72,23
74,176
78,13
150,101
99,136
101,148
56,160
75,147
98,80
118,23
83,51
15,64
109,101
101,118
87,39
141,117
18,55
97,153
63,14
107,32
39,17
80,78
29,27
103,52
50,128
104,68
54,13
75,136
93,126
64,167
9,87
15,73
77,117
81,114
63,166
126,73
85,6
33,96
53,109
18,65
76,130
96,155
83,80
53,158
76,17
115,22
78,142
133,86
98,98
9,88
100,159
84,177
128,53
42,16
81,107
136,85
84,32
13,92
146,114
93,174
129,42
45,150
121,29
107,30
53,118
36,18
57,115
115,110
98,138
78,102
101,143
36,97
93,112
76,8
94,102
75,134
78,145
79,13
122,119
89,179
41,139
81,108
119,27
141,96
127,75
129,35
60,16
82,5
45,143
51,152
124,53
54,103
92,174
57,116
96,169
78,105
99,164
108,46
143,98
73,20
55,156
147,103
94,105
78,152
79,10
10,88
30,31
55,13
41,140
81,101
65,163
120,72
102,104
91,140
129,36
38,94
45,136
124,76
53,120
96,160
147,108
88,9
34,93
131,119
24,91
79,128
82,100
65,164
46,134
151,104
50,125
100,93
45,129
28,95
85,26
124,75
54,113
130,84
96,167
114,113
81,181
46,96
105,63
86,11
125,36
108,28
143,112
19,62
75,173
80,176
10,74
102,139
89,134
126,29
77,18
79,137
82,95
28,39
84,68
121,72
106,105
90,175
114,25
42,135
99,74
100,68
121,57
16,59
125,76
98,174
108,27
37,17
81,63
102,130
23,51
81,72
84,67
95,118
139,114
68,20
92,178
47,96
105,41
103,71
52,157
41,95
102,133
88,30
91,123
96,110
25,38
81,65
84,74
50,102
31,24
14,64
93,132
40,16
42,137
44,149
100,74
85,53
69,171
92,137
103,124
52,100
128,119
126,54
109,38
74,24
20,60
25,47
8,81
89,10
14,75
95,100
99,97
104,116
85,62
140,114
58,16
83,8
19,90
123,30
106,58
20,59
23,94
25,48
89,19
80,117
100,120
11,82
12,92
29,36
145,114
79,84
47,127
86,46
52,106
143,93
56,109
6,90
106,37
109,24
96,115
132,81
82,58
89,20
44,130
117,25
135,85
47,151
144,99
79,93
20,90
111,27
62,14
101,81
126,43
117,113
82,53
121,118
32,92
26,35
124,116
112,25
41,19
79,90
112,104
6,84
61,161
120,24
82,157
131,79
63,18
124,28
18,90
26,42
105,102
145,101
97,87
78,179
118,26
137,118
122,73
86,51
112,111
76,125
101,67
142,112
124,27
107,53
75,12
21,56
78,11
80,81
99,130
105,111
125,116
97,104
98,86
83,45
66,15
88,32
109,107
128,33
83,154
87,41
60,13
129,119
101,147
48,97
75,146
98,81
134,115
83,50
30,32
56,16
45,18
101,117
102,77
87,38
141,116
97,152
107,35
110,108
76,132
39,16
80,79
29,26
103,55
104,69
75,139
98,104
9,86
15,72
77,116
81,113
126,78
85,5
124,32
70,172
53,108
76,131
96,156
83,83
53,157
94,124
77,156
115,25
78,143
98,99
100,152
84,178
79,180
81,106
136,86
120,59
84,33
93,173
129,41
45,149
121,28
36,19
98,139
78,103
101,142
83,88
108,48
76,9
94,103
22,53
78,150
66,19
122,116
41,138
119,26
84,40
67,16
127,74
60,17
45,142
85,23
51,155
124,54
76,177
96,170
78,110
61,14
99,167
108,47
55,159
147,102
41,98
24,38
78,153
79,21
10,89
43,147
102,105
13,77
146,101
42,146
99,95
45,135
67,166
58,114
96,161
95,171
99,172
51,17
16,93
15,63
77,24
151,107
82,101
79,131
100,94
85,25
87,176
54,118
81,180
122,30
105,62
125,35
17,90
143,115
108,29
75,172
42,98
80,177
118,66
10,75
102,136
89,133
77,17
132,119
25,91
23,53
82,92
136,114
79,136
84,69
85,177
93,177
114,22
99,77
100,69
29,95
16,60
71,19
94,176
122,25
103,73
81,62
102,131
111,110
23,50
46,145
84,76
49,102
88,135
107,101
42,143
139,117
80,16
105,40
103,70
51,100
41,94
77,178
27,31
119,70
49,14
88,31
89,151
52,13
91,122
55,16
96,111
25,37
81,64
84,75
50,103
14,65
93,131
80,120
85,52
33,22
73,175
110,36
103,127
52,101
42,95
126,55
109,37
55,105
25,46
89,9
117,22
99,96
46,18
11,92
47,128
85,61
104,117
57,161
86,20
19,93
80,157
82,177
106,59
116,112
120,115
89,18
90,128
74,147
80,118
100,121
29,35
80,5
79,87
86,47
51,123
52,107
111,29
101,87
92,113
132,82
82,59
102,62
49,130
75,24
44,131
135,84
11,74
144,100
79,92
44,18
122,68
34,24
20,91
111,26
126,40
38,20
117,112
32,93
14,93
90,146
50,154
112,26
133,119
52,121
112,105
58,157
6,85
61,160
82,154
30,95
26,43
105,101
145,100
37,94
78,176
86,48
108,101
76,126
101,66
66,164
102,80
123,61
31,92
142,113
107,52
53,16
75,15
80,82
99,133
105,110
22,46
98,87
83,44
123,69
109,106
128,34
60,159
83,157
87,40
104,48
87,153
43,95
101,146
48,98
103,57
30,33
101,116
87,33
107,34
110,109
130,119
76,133
104,70
103,54
75,138
76,20
94,122
9,85
113,25
77,115
81,112
86,180
70,18
126,79
139,90
124,33
53,107
130,78
96,157
83,82
105,65
94,125
77,155
79,6
100,153
10,84
60,164
81,105
120,60
84,34
85,156
70,21
127,76
129,40
99,80
82,8
74,171
57,113
21,91
22,91
98,136
78,100
99,161
101,141
78,151
79,15
66,16
30,26
15,89
41,137
60,163
23,41
65,168
101,111
67,19
91,137
45,141
85,22
140,90
53,125
129,82
76,178
95,173
78,111
61,13
99,166
7,81
48,14
75,177
24,39
43,146
151,109
79,133
32,22
68,170
88,179
72,173
13,76
106,101
146,98
91,142
99,94
45,134
67,169
54,124
58,115
96,162
95,170
51,16
15,62
71,173
147,110
134,87
89,131
54,158
77,23
116,22
151,106
82,98
79,130
46,132
13,69
85,24
87,179
130,82
105,61
125,34
37,22
118,67
119,115
102,137
123,116
89,132
23,52
79,139
82,93
136,115
84,70
42,133
99,76
100,70
69,167
16,61
71,18
94,177
96,176
98,172
103,72
102,128
88,25
74,20
25,35
45,96
84,77
49,101
31,29
88,136
135,115
110,34
80,17
61,17
51,103
125,52
27,30
119,65
49,13
106,54
89,150
96,96
25,36
79,153
81,71
85,66
93,130
80,121
43,15
140,117
33,21
144,112
73,174
110,37
80,8
137,87
83,5
103,126
86,18
30,96
123,27
55,104
131,85
25,45
14,73
127,31
95,102
47,131
85,60
104,118
57,160
111,23
106,56
141,92
89,17
90,129
80,119
100,122
29,34
94,173
79,86
86,44
51,122
143,95
111,28
6,88
101,86
31,96
87,7
106,35
126,38
92,114
82,56
28,28
121,115
49,129
50,17
102,63
97,91
79,95
138,88
122,69
69,21
34,25
6,83
86,150
126,41
38,21
82,51
28,27
87,141
90,147
53,13
149,111
26,33
48,126
50,155
97,92
133,118
52,122
112,106
101,88
30,92
35,19
8,79
75,9
76,153
78,6
150,110
65,19
37,93
26,91
84,152
86,49
76,127
101,65
66,165
102,81
123,60
35,24
72,19
75,14
99,132
105,109
56,156
22,47
98,84
83,47
138,117
109,105
128,35
81,5
87,43
127,80
104,49
110,107
80,74
101,145
103,56
64,163
100,148
27,41
77,121
101,115
84,29
87,32
87,145
70,171
129,78
130,116
44,95
75,141
76,21
94,123
98,102
9,84
84,181
77,114
63,163
84,36
97,151
62,162
48,130
121,25
139,93
90,126
54,104
36,22
57,111
130,79
96,158
98,142
78,98
83,85
48,17
105,64
125,29
133,83
100,154
27,39
89,175
81,104
120,61
84,35
85,155
13,89
126,119
127,79
146,113
129,47
62,165
57,112
115,115
98,137
78,101
99,160
7,91
101,140
147,99
78,148
79,14
10,92
89,176
101,110
127,116
45,140
85,21
140,91
53,124
129,81
95,172
78,108
99,169
19,53
75,176
147,104
94,108
24,40
9,79
118,118
131,115
151,108
79,132
32,23
68,171
13,75
72,174
142,92
42,144
96,163
81,177
71,172
143,116
147,113
134,84
89,130
54,159
96,92
24,94
79,141
82,99
46,133
13,68
129,50
39,94
100,88
54,116
130,83
114,108
98,146
105,60
86,14
125,33
37,21
148,104
119,114
123,119
43,131
79,138
82,90
84,71
31,23
99,79
100,71
33,26
16,62
125,73
110,24
98,173
79,125
47,100
103,75
125,58
102,129
88,26
74,21
111,104
77,8
45,95
46,151
84,78
31,28
88,137
95,115
110,35
58,13
80,18
105,46
52,152
16,68
125,51
62,17
119,64
106,55
89,149
91,124
109,42
96,97
81,70
85,65
93,129
40,19
95,120
80,122
99,125
11,89
104,112
69,168
92,132
80,9
81,157
137,86
103,121
86,19
17,67
5,87
123,26
131,84
49,150
88,151
89,15
127,30
74,150
95,97
99,98
100,124
104,119
85,59
138,87
17,68
111,22
106,57
141,91
92,116
132,85
23,91
8,91
82,62
89,16
90,142
100,123
65,15
135,89
105,112
144,111
86,45
143,94
20,94
111,31
59,13
6,89
101,85
142,98
126,39
92,115
55,121
117,117
82,57
28,29
102,60
49,128
89,25
149,101
97,90
79,94
138,89
122,66
69,20
56,119
61,165
126,46
87,140
90,144
127,53
48,127
12,77
124,119
145,97
41,16
78,175
137,114
47,14
108,104
120,27
119,61
124,31
107,49
76,154
78,7
150,111
65,18
105,107
93,111
75,153
59,163
83,41
84,153
58,162
59,16
101,64
84,8
107,54
72,20
149,112
150,102
99,135
105,108
56,157
22,44
98,85
97,109
83,46
138,114
123,71
15,71
87,42
18,56
91,175
48,149
104,50
53,103
127,32
129,116
39,20
80,75
101,144
48,100
104,65
75,151
134,118
100,149
27,40
77,120
45,15
63,165
101,114
84,30
87,35
141,113
126,74
87,144
70,168
129,77
95,176
83,79
75,140
94,120
98,103
9,91
27,33
100,156
128,50
77,113
63,162
84,37
97,150
48,131
121,24
107,29
90,127
36,23
57,110
96,159
115,109
98,143
78,99
83,84
125,28
53,154
75,133
78,146
133,82
9,92
10,82
100,155
81,111
136,89
83,178
68,166
32,26
126,116
91,178
146,110
129,46
97,175
51,151
124,58
57,119
115,114
78,106
99,163
7,90
73,23
147,98
94,106
78,149
79,9
122,115
30,24
41,143
23,43
101,109
119,23
127,119
91,139
129,39
45,139
104,46
85,20
51,156
54,123
78,109
79,97
99,168
7,83
51,13
108,42
73,24
19,52
24,41
78,156
79,22
9,78
43,148
79,135
65,167
102,108
142,93
57,16
42,145
28,92
85,29
124,72
87,180
54,114
58,113
96,164
114,114
19,61
24,48
35,93
126,30
96,93
24,95
79,140
82,96
28,36
85,181
13,67
107,104
129,49
100,89
124,71
54,117
114,109
98,147
46,100
122,29
103,77
86,15
148,105
80,180
118,65
49,17
82,91
49,98
95,117
43,19
99,78
29,92
33,25
125,72
103,74
86,6
125,57
148,112
102,134
88,27
89,147
77,7
31,31
88,138
90,178
68,16
73,171
110,32
80,19
105,45
51,105
52,153
16,69
125,50
128,116
77,175
119,67
89,148
109,41
20,49
81,69
85,64
50,98
93,128
40,20
80,123
46,14
47,132
104,113
92,133
57,157
86,16
17,66
5,86
82,181
55,106
116,116
64,18
88,152
89,14
74,151
100,125
46,17
11,81
85,58
104,120
17,59
56,106
19,94
106,38
87,8
86,154
92,117
96,112
132,86
116,115
120,118
102,58
89,23
90,143
135,88
144,96
59,159
122,56
51,124
111,30
5,88
101,84
126,36
117,116
82,54
28,30
102,61
14,89
89,24
149,100
47,147
104,102
145,111
36,93
97,89
79,89
122,67
103,103
52,125
56,120
128,80
61,164
86,148
106,40
126,47
40,97
63,17
87,143
90,145
47,152
12,78
145,96
122,74
108,105
120,28
66,168
48,152
107,48
75,11
76,155
39,97
43,98
99,129
12,69
105,106
125,119
93,110
75,152
59,162
97,107
83,40
113,107
76,121
83,153
84,9
123,62
87,44
142,116
110,102
150,103
99,134
75,145
22,45
98,82
97,108
83,49
123,70
15,70
56,13
113,108
102,78
123,55
87,37
18,57
91,174
97,155
48,150
104,51
87,154
53,102
78,22
80,76
44,98
48,101
104,66
103,58
76,24
100,150
77,119
45,14
101,113
84,31
85,151
86,176
87,34
70,169
76,128
83,78
75,143
94,121
98,100
27,32
100,157
103,128
128,51
77,112
84,38
70,17
97,149
124,60
90,124
54,110
74,175
57,109
98,140
83,87
53,153
22,54
78,147
10,83
15,93
79,176
81,110
136,90
83,181
68,167
32,27
146,111
129,45
97,174
45,145
85,10
140,94
124,59
57,118
22,94
78,107
99,162
108,44
54,16
94,107
134,88
30,25
15,90
41,142
23,42
81,103
120,70
102,106
49,126
67,20
72,169
91,138
146,102
129,38
45,138
104,47
67,165
76,173
79,96
99,171
7,82
16,90
108,43
37,97
55,155
148,100
134,83
9,77
54,154
42,15
79,134
46,128
102,109
50,127
146,97
67,170
85,28
54,115
96,165
19,60
148,99
24,49
10,76
96,94
77,20
151,103
82,97
28,37
85,180
129,48
100,90
121,59
125,78
71,22
110,23
98,144
122,26
103,76
86,12
108,25
148,106
102,140
111,109
132,115
25,95
43,133
64,14
82,88
46,146
136,118
81,74
95,116
43,18
79,127
105,43
86,7
51,99
125,56
148,113
119,69
102,135
101,63
88,28
91,121
81,67
79,157
84,72
49,154
31,30
14,66
90,179
88,139
100,72
85,55
68,17
73,170
110,33
80,20
81,154
105,44
51,104
16,70
125,49
77,174
126,48
109,40
20,50
79,154
81,68
50,99
80,124
99,127
100,119
104,114
144,115
92,134
122,55
103,123
86,17
17,65
128,76
80,154
82,178
106,60
52,16
91,119
88,153
89,13
74,148
95,99
80,115
11,80
85,57
104,121
122,62
17,58
56,107
106,39
86,155
92,118
96,113
82,60
102,59
89,22
21,47
11,73
47,149
12,89
59,158
79,83
138,92
122,57
51,127
101,83
86,146
126,37
55,123
38,17
82,55
104,103
12,80
97,88
79,88
122,64
34,20
52,126
128,81
56,121
58,158
6,86
86,149
126,44
40,98
87,142
75,21
21,49
26,44
12,79
50,150
144,95
133,115
26,95
84,156
123,75
113,113
81,8
119,63
66,169
35,20
48,153
107,51
75,10
21,58
150,109
99,128
12,70
105,105
93,109
97,106
27,92
83,43
47,17
86,52
113,106
76,122
18,63
72,22
110,103
78,12
56,159
75,144
98,83
118,22
83,48
30,34
109,102
101,119
102,79
123,54
87,36
18,54
97,154
104,52
107,33
53,101
78,23
80,77
44,99
104,67
103,53
75,137
93,127
64,166
100,151
27,42
77,118
81,115
101,112
85,150
86,177
40,94
97,147
139,89
87,146
53,110
18,64
76,129
83,81
75,142
76,16
94,126
98,101
79,5
133,87
100,158
128,52
77,111
42,19
84,39
13,93
70,22
129,43
97,148
62,161
45,151
139,94
107,31
90,125
53,119
54,111
74,172
21,94
115,111
98,141
78,97
83,86
36,96
93,113
76,15
75,135
22,55
78,144
113,22
60,160
23,44
79,179
81,109
136,91
85,152
32,28
141,97
129,44
45,144
85,9
140,95
124,52
57,117
96,168
78,104
99,165
108,45
143,99
94,104
118,114
41,141
81,102
120,71
102,107
49,125
88,176
72,170
91,141
57,13
129,37
45,137
53,121
76,174
96,175
99,170
19,54
147,109
79,16
9,76
118,117
88,8
54,155
131,116
151,105
79,129
46,129
50,124
100,92
45,130
85,27
54,112
96,166
46,99
86,10
71,169
19,63
148,108
24,50
119,118
102,138
89,135
111,103
96,95
77,19
79,142
82,94
28,38
121,73
106,104
42,134
99,75
100,91
121,58
125,77
98,145
86,13
17,93
108,26
37,18
148,107
43,132
81,73
64,15
45,99
46,147
84,66
82,89
116,25
95,119
135,118
92,177
110,31
79,126
47,97
105,42
52,156
100,160
119,68
102,132
88,29
91,120
20,52
96,109
81,66
79,156
84,73
49,153
88,140
14,67
42,136
44,148
100,73
85,54
92,136
80,21
103,125
34,96
126,49
109,39
20,51
131,80
116,111
8,80
