194,295
213,121
158,193
193,229
157,23
181,294
240,56
191,232
160,148
274,228
170,21
244,60
155,222
158,185
256,161
203,167
168,67
150,280
209,135
238,122
20,169
39,127
148,297
207,147
189,249
156,313
177,303
143,45
164,102
150,49
61,63
244,148
250,104
196,279
280,191
244,59
126,35
168,74
150,275
238,125
20,176
243,114
43,113
133,330
207,152
228,51
189,242
272,183
164,109
113,312
224,208
239,230
244,147
196,286
160,162
73,45
200,238
41,180
95,265
277,187
156,214
158,171
37,128
113,215
147,342
77,41
166,91
46,182
194,304
158,314
91,270
94,265
170,313
117,227
286,197
221,69
270,178
111,33
119,33
159,32
166,82
276,185
224,53
217,90
57,78
242,114
43,111
274,185
183,348
296,214
192,332
268,177
35,134
91,37
202,224
168,63
166,85
150,292
211,131
70,186
91,284
260,169
264,172
34,180
238,129
61,67
245,230
79,41
192,323
161,354
215,100
202,235
186,346
149,342
67,53
165,315
115,234
42,182
208,141
205,159
187,258
135,41
252,94
91,277
221,63
211,121
195,211
195,294
55,184
292,222
238,136
78,188
31,179
197,199
35,180
280,226
87,39
159,31
113,243
161,18
252,85
211,126
195,216
245,232
154,226
192,337
106,251
107,251
234,52
93,292
148,49
149,344
248,104
157,46
175,307
161,43
144,45
109,309
289,222
172,32
192,313
266,173
141,336
270,230
181,286
292,204
185,270
294,216
95,194
154,237
250,153
179,296
197,201
162,125
167,315
190,343
68,186
91,190
96,35
63,60
242,145
172,31
248,152
292,203
172,353
219,77
201,183
135,331
249,104
179,350
240,144
242,57
117,33
161,37
252,98
236,228
238,53
171,313
172,22
192,311
103,35
71,186
295,216
29,151
104,200
162,143
201,184
204,163
60,184
83,188
89,37
166,99
123,322
214,202
198,272
240,230
111,310
152,242
81,188
27,152
263,230
250,67
294,205
295,209
170,55
162,134
199,192
220,75
204,218
223,206
232,222
217,97
240,142
198,267
237,228
183,279
152,249
171,311
95,294
226,51
105,200
162,129
219,80
19,175
204,209
223,55
211,202
283,226
213,109
254,161
115,221
152,262
198,258
93,35
131,327
99,260
46,107
272,228
170,57
165,354
60,69
223,60
169,314
137,334
213,118
253,159
154,49
72,47
198,261
130,38
122,35
69,51
269,230
200,243
202,219
76,43
149,294
107,202
162,147
203,168
150,271
282,194
229,217
194,301
232,51
205,160
65,56
119,318
193,227
164,113
47,105
250,103
196,290
160,158
200,250
273,228
149,303
170,43
81,41
227,214
156,202
158,183
146,48
209,141
50,97
213,120
207,149
193,228
157,22
231,51
181,293
164,120
240,57
115,33
191,235
160,149
244,61
158,190
256,162
203,166
168,68
150,281
209,134
231,219
238,123
148,298
39,126
25,161
207,146
189,248
263,171
30,178
236,53
164,103
168,354
244,149
196,272
100,257
246,149
156,216
248,63
168,75
150,272
194,310
162,354
43,112
133,329
207,155
189,241
32,180
53,183
127,325
164,110
240,55
221,75
196,287
160,163
251,98
200,239
182,350
95,264
243,147
156,215
158,168
113,214
166,88
194,305
158,315
117,226
221,68
214,109
270,179
202,230
174,309
251,232
70,49
166,83
276,186
150,290
252,73
217,89
57,77
242,115
217,202
296,215
152,49
192,333
35,137
202,225
221,206
131,39
160,32
150,293
82,39
211,130
49,182
51,182
91,287
114,33
44,111
264,173
210,131
61,66
192,324
139,335
157,313
161,353
215,103
202,232
186,347
151,49
67,52
252,232
115,237
205,158
278,188
207,206
187,261
252,95
91,276
195,210
218,202
92,269
238,137
29,178
31,178
51,93
197,198
114,314
280,227
100,300
63,184
87,38
159,30
113,242
99,35
175,309
161,17
252,86
290,202
128,326
194,219
195,219
117,316
64,184
171,354
192,338
154,227
124,322
107,250
234,53
197,207
93,291
244,110
155,349
248,105
253,232
157,45
161,42
144,46
109,308
169,58
225,53
172,33
192,314
181,285
292,205
185,269
294,217
242,230
154,234
179,299
52,91
197,200
190,340
63,63
161,35
235,228
71,47
288,224
152,346
172,24
248,153
240,120
41,121
294,208
172,354
154,312
252,157
219,76
201,182
135,330
162,315
144,338
240,145
32,141
161,36
171,312
172,23
103,34
237,130
29,150
107,308
162,140
166,17
59,73
166,96
183,281
152,243
27,155
177,352
112,33
240,118
170,52
104,304
162,135
199,195
19,169
45,111
155,313
217,96
180,295
240,143
149,49
152,256
198,264
183,278
152,250
243,59
125,35
247,63
219,83
19,174
59,71
204,210
223,54
227,51
115,220
152,263
266,230
198,259
131,326
178,352
272,229
31,141
21,167
168,80
223,63
169,313
137,333
212,121
103,303
213,117
23,163
130,39
196,292
69,50
160,152
200,244
203,218
275,185
156,204
107,205
162,144
203,171
150,268
279,189
282,195
209,139
229,216
194,298
90,190
207,143
193,226
177,307
53,91
164,114
191,237
47,104
250,100
196,291
160,159
36,180
170,40
81,40
156,203
158,180
161,315
146,49
21,169
209,140
231,221
148,300
207,148
157,21
181,292
164,121
191,234
160,150
170,19
226,212
156,194
158,191
256,163
21,178
168,69
150,286
209,133
231,218
164,17
148,299
39,121
25,160
116,231
189,247
267,175
54,85
255,161
168,355
136,332
101,198
196,273
198,254
181,350
248,64
156,217
158,166
168,76
150,273
111,243
43,115
133,328
207,154
28,178
53,182
127,324
164,111
147,49
221,74
155,49
196,280
160,164
134,39
121,319
138,42
156,208
160,19
158,169
113,213
166,89
217,87
57,75
25,178
260,165
269,177
221,67
296,209
166,315
139,336
160,352
35,131
199,250
202,231
282,191
156,47
176,352
258,164
168,58
166,80
276,187
261,169
150,291
173,311
252,74
217,88
91,281
57,76
178,350
53,184
274,183
296,216
83,39
66,53
192,334
215,105
35,136
271,230
202,238
221,205
241,57
159,43
115,231
245,61
102,35
289,201
91,286
238,135
61,65
192,325
139,334
140,336
31,180
161,352
215,102
237,53
202,233
245,149
115,236
167,80
278,189
171,21
205,157
101,257
187,260
252,88
91,279
236,130
262,170
211,123
195,213
200,189
219,203
51,92
197,197
43,182
280,228
113,241
175,308
252,87
290,203
254,232
225,51
195,218
185,267
117,315
154,311
154,224
192,339
250,156
197,206
93,290
244,111
155,348
248,106
55,81
161,41
144,47
71,49
76,188
225,52
172,34
192,315
185,268
41,119
154,235
125,324
179,298
58,184
153,49
190,341
135,332
63,62
121,35
161,34
255,232
75,43
172,25
240,121
41,120
294,209
168,315
154,313
154,242
252,158
219,79
201,181
79,188
174,352
152,307
210,204
291,222
250,70
29,149
31,145
162,141
199,197
93,269
59,72
83,190
230,51
108,206
166,97
101,302
48,182
213,202
183,280
152,244
151,307
27,154
240,119
170,53
162,132
199,194
110,310
204,212
65,186
45,110
175,352
152,257
265,230
198,265
152,251
99,257
133,39
191,241
250,72
219,82
59,70
204,211
206,155
186,265
233,223
111,209
94,294
115,223
23,165
152,264
262,232
198,256
47,101
272,230
202,222
239,55
95,297
249,153
21,166
223,62
150,266
137,332
49,101
103,302
213,116
23,162
164,116
241,145
156,350
191,231
196,293
33,141
69,49
142,338
200,245
160,153
170,46
225,211
82,188
156,205
158,178
107,204
162,145
203,170
24,178
150,269
209,138
282,192
194,299
148,294
167,17
207,142
193,225
177,306
53,90
164,115
246,110
191,236
47,107
250,101
170,41
225,212
227,216
156,196
158,181
113,33
21,168
203,163
209,131
105,306
231,220
148,301
187,346
207,151
189,253
65,55
181,291
164,122
158,45
160,151
156,195
158,188
112,212
113,218
21,177
168,70
97,299
150,287
209,132
111,245
189,246
126,324
272,179
168,356
101,197
196,274
198,255
164,315
98,35
228,216
248,65
156,218
103,253
158,167
168,77
97,300
150,278
171,40
194,308
188,346
43,114
117,231
98,261
164,104
165,102
221,73
155,48
86,39
196,281
182,348
121,318
138,43
156,209
158,174
113,212
114,218
166,94
158,313
288,200
252,76
217,86
57,74
242,118
260,166
151,266
92,290
221,66
296,210
192,328
270,177
201,238
202,228
250,232
160,43
159,45
258,165
115,225
168,59
166,81
150,288
187,265
45,182
265,173
173,310
252,75
217,95
91,280
22,165
178,351
216,97
192,335
102,198
215,104
38,180
221,204
61,184
120,33
161,148
278,187
247,151
91,273
236,132
193,223
165,17
61,64
192,326
215,97
256,232
159,19
115,239
205,156
150,306
187,263
101,256
252,89
91,278
236,131
262,171
28,151
211,122
195,212
219,202
154,230
51,95
54,184
154,348
113,240
279,228
252,80
172,36
146,340
185,266
117,314
154,225
192,340
250,157
234,51
197,205
257,232
281,226
248,107
55,80
169,354
161,40
235,225
71,48
172,35
192,316
246,62
50,182
52,182
185,275
41,118
154,232
125,323
179,301
201,179
239,122
190,346
209,204
63,57
67,186
161,33
25,159
172,26
56,184
237,135
75,187
240,122
252,159
219,78
201,180
258,232
282,226
170,354
152,308
68,51
153,347
250,71
29,148
31,144
162,138
199,196
201,189
93,268
118,316
251,157
145,339
166,102
101,301
183,283
169,19
152,245
153,348
80,188
170,50
162,133
163,17
199,189
19,171
204,213
65,185
45,109
109,208
145,340
152,258
85,39
198,270
73,186
111,312
241,230
152,252
153,242
191,240
250,73
219,85
19,176
49,99
103,304
233,222
235,53
112,312
111,208
96,194
115,222
187,253
23,164
152,265
198,257
53,87
131,328
33,139
51,97
202,223
95,296
31,143
21,165
97,263
150,267
223,57
49,100
213,115
91,289
192,231
164,117
130,37
151,345
153,311
120,318
196,294
33,140
160,154
200,246
170,47
225,210
154,222
156,206
158,179
203,173
209,137
282,193
194,296
158,194
148,295
193,224
157,26
285,197
177,305
53,89
164,124
132,328
100,196
191,239
47,106
250,98
101,35
156,197
158,186
146,47
168,64
105,305
148,302
207,150
189,252
65,54
181,290
164,123
247,108
196,276
95,263
81,39
156,220
103,199
158,189
113,217
21,176
168,71
97,298
150,284
283,195
238,126
111,244
39,123
189,245
272,180
239,229
101,196
158,21
196,275
198,252
167,356
246,232
156,219
248,66
158,164
37,131
40,121
147,341
168,78
150,279
194,309
91,269
43,117
117,230
286,198
127,326
164,105
221,72
196,282
182,349
156,210
158,175
166,95
288,201
252,77
217,85
57,73
116,314
260,167
221,65
296,211
244,230
192,329
35,133
202,229
130,326
247,232
159,44
55,79
168,60
115,224
166,86
150,289
187,264
173,309
217,94
91,283
238,130
101,255
192,320
248,232
178,303
215,107
197,209
202,236
62,63
120,34
159,21
115,233
187,257
206,208
281,191
288,199
91,272
236,133
193,222
59,184
192,327
229,51
105,253
273,183
276,228
197,272
109,249
74,45
115,238
205,155
150,307
187,262
234,224
288,222
252,90
211,125
195,215
238,140
154,231
249,232
33,180
51,94
159,27
254,159
168,17
95,35
62,184
252,81
290,201
172,37
266,174
220,204
185,265
95,193
154,238
250,154
179,295
197,204
162,126
40,180
277,228
155,350
248,108
72,186
92,37
55,83
124,35
235,224
242,146
172,28
192,317
246,63
202,177
185,274
41,117
294,220
154,233
125,322
179,300
201,178
244,112
245,110
242,58
259,232
284,224
161,32
75,45
238,54
25,158
172,27
140,44
75,186
222,63
154,240
201,187
222,206
152,309
44,182
210,202
123,321
183,285
153,346
250,68
140,43
294,206
29,147
31,147
162,139
201,188
93,267
176,307
145,338
260,232
101,300
285,224
183,282
152,246
160,315
108,33
170,51
162,130
164,354
19,170
204,214
208,204
65,184
45,108
109,207
152,259
198,271
163,315
183,275
97,35
152,253
99,259
268,230
241,118
96,298
170,58
219,84
85,190
49,98
111,211
152,266
261,232
284,196
286,224
215,202
34,137
53,86
158,352
198,262
47,103
33,138
51,96
200,240
202,220
31,142
162,148
97,262
223,56
194,302
230,218
213,114
91,288
205,163
188,253
119,317
284,195
90,37
164,118
99,196
151,344
102,302
160,155
200,247
170,44
225,209
227,213
154,223
156,207
158,176
107,206
203,172
259,165
209,136
194,297
193,231
157,25
177,304
159,352
287,224
53,88
155,47
246,108
157,351
250,99
191,238
172,311
156,198
158,187
110,208
203,165
168,65
150,282
105,304
231,222
148,303
39,125
98,196
23,178
207,145
189,251
65,53
181,289
196,277
198,250
166,356
280,189
134,40
246,150
156,221
103,198
113,216
168,72
150,285
238,127
111,247
39,122
116,226
189,244
134,330
272,181
113,314
239,228
158,26
196,284
160,160
198,253
73,47
41,182
248,67
156,212
157,194
103,255
158,165
106,33
126,36
37,130
147,340
168,79
77,43
150,276
194,306
43,116
117,229
233,51
286,199
164,106
221,71
243,230
196,283
129,326
138,41
156,211
158,172
108,308
166,92
150,303
252,78
242,116
221,64
296,212
192,330
215,109
35,132
202,226
37,180
168,61
166,87
258,163
206,206
150,294
211,129
217,93
91,282
163,354
218,85
61,69
192,321
105,251
215,106
197,208
202,237
275,228
186,348
120,35
67,51
159,20
110,247
115,232
187,256
252,92
91,275
236,134
22,178
98,300
193,221
195,209
292,220
238,138
102,255
105,252
215,99
128,37
66,186
87,37
159,29
109,248
150,304
288,223
252,91
262,169
48,101
211,124
195,214
219,204
238,141
154,228
107,249
93,294
150,344
159,26
55,85
168,18
252,82
172,38
266,175
141,338
293,220
294,218
95,192
154,239
250,155
197,203
162,127
55,82
113,239
39,180
132,39
26,155
104,33
122,320
235,227
242,147
172,29
192,318
37,127
185,273
84,190
179,303
163,124
219,75
201,177
189,346
190,344
244,113
233,224
242,59
136,41
63,59
284,225
161,39
252,96
75,44
238,55
25,157
103,33
140,45
42,117
154,241
191,340
107,307
198,197
201,186
64,57
152,310
210,203
123,320
87,190
183,284
250,69
294,207
31,146
162,136
93,266
204,216
278,228
166,100
183,277
152,247
267,230
170,48
105,202
162,131
199,191
182,285
19,173
204,215
223,53
208,205
45,107
213,111
109,206
115,219
152,260
198,268
93,37
152,254
99,258
56,79
77,188
165,356
203,177
49,97
111,210
187,255
284,197
198,263
53,85
47,102
33,137
200,241
271,179
202,221
95,298
193,310
106,202
97,261
223,59
194,303
213,113
97,195
205,162
262,230
119,316
110,33
164,119
118,33
196,288
160,156
200,248
170,45
225,208
227,212
156,200
158,177
203,175
194,294
158,192
38,127
97,196
190,241
193,230
157,24
181,295
246,109
191,233
157,350
170,20
156,199
103,200
158,184
109,33
203,164
168,66
150,283
148,296
39,124
78,41
207,144
189,250
173,352
181,288
238,228
121,320
196,278
198,251
280,190
134,41
246,151
156,222
168,73
150,274
238,124
111,246
207,153
189,243
272,182
164,108
113,313
196,285
160,161
73,46
94,35
41,181
156,213
103,254
158,170
126,37
37,129
166,90
77,42
150,277
26,178
194,307
91,271
117,228
164,107
221,70
99,300
196,209
249,67
123,35
158,173
148,342
166,93
252,79
217,91
57,79
242,117
287,199
274,184
57,184
296,213
192,331
104,253
268,176
215,108
35,135
202,227
185,348
108,249
168,62
115,226
166,84
206,207
211,128
217,92
91,285
91,192
184,275
239,141
260,168
264,171
193,219
106,306
238,128
61,68
245,231
192,322
268,175
215,101
202,234
149,343
116,33
112,243
115,235
187,259
139,43
159,164
252,93
91,274
127,37
236,135
58,73
193,220
30,147
292,221
238,139
88,37
51,91
215,98
86,190
159,28
109,247
150,305
107,33
161,19
252,84
143,338
74,186
92,192
172,40
211,127
47,182
195,217
154,229
192,336
93,293
55,84
168,19
157,47
216,202
252,83
109,310
27,178
192,312
172,39
141,337
159,315
181,287
185,271
294,219
154,236
179,297
197,202
162,124
223,208
190,342
84,39
91,191
63,61
235,226
290,222
93,192
25,155
172,30
192,319
248,151
246,61
185,272
172,352
179,302
244,114
190,345
114,239
115,314
63,58
212,202
284,226
161,38
252,97
25,156
172,21
192,310
75,188
293,205
96,263
107,306
162,142
201,185
83,189
180,350
129,37
166,98
152,311
264,230
94,192
111,311
80,41
27,153
157,352
170,54
89,190
162,137
199,193
93,265
204,217
223,207
240,141
166,101
198,266
291,203
183,276
152,248
100,35
251,73
162,17
145,47
95,295
170,49
105,201
162,128
199,190
219,81
19,172
59,69
24,161
204,208
208,206
213,110
88,190
254,160
184,348
111,212
115,218
152,261
69,186
198,269
93,36
152,255
99,261
27,151
105,33
170,56
165,355
203,176
223,61
169,315
213,119
142,45
187,254
23,161
198,260
137,41
200,242
36,131
202,218
107,203
141,45
162,146
203,169
205,208
150,270
223,58
138,334
229,218
194,300
213,112
91,290
97,194
205,161
207,141
262,231
65,57
164,112
151,346
250,102
196,289
160,157
200,249
257,163
170,42
227,215
156,201
158,182
203,174
