1499,151
17,979
1129,118
155,589
212,906
1684,330
1761,361
953,104
55,1016
172,564
697,115
1233,97
1508,173
190,976
134,632
1719,321
1756,347
1707,377
1048,138
1521,191
934,34
293,442
278,454
117,678
1077,178
1080,138
48,807
530,215
363,298
531,210
18,899
1584,298
388,273
32,811
829,58
539,220
209,901
350,342
758,115
923,170
174,992
1482,151
1599,320
158,564
767,112
514,308
553,202
1341,161
629,127
1108,156
5,859
1132,106
254,492
770,93
535,223
85,1026
16,827
1468,155
202,538
1791,415
927,38
1174,109
591,213
760,79
903,57
372,285
1079,160
1117,109
533,204
206,924
1040,144
1107,152
557,199
637,121
1025,157
68,788
17,814
768,98
1708,374
590,177
1069,172
1287,117
1073,169
1643,331
1000,139
263,461
357,306
929,145
56,803
911,150
1780,407
532,217
1102,191
825,81
1219,97
1186,106
356,333
1756,392
198,536
217,897
366,290
317,358
138,619
1579,286
269,451
1636,325
1770,399
631,131
1777,409
1024,159
928,36
1134,110
91,694
863,60
577,195
9,879
1015,145
106,685
126,680
199,932
1161,107
1731,393
79,754
1113,162
196,958
1043,139
1062,165
1779,405
1110,177
1038,146
32,934
89,699
758,95
135,610
338,362
1113,124
139,615
1493,152
31,925
24,997
352,306
1199,106
1392,148
1122,101
534,223
1108,176
922,117
1084,169
642,116
1524,288
1748,384
1269,99
171,564
633,129
1112,162
465,279
1353,152
927,117
1047,132
447,272
429,261
1026,129
675,117
123,1040
1501,161
370,287
228,897
1311,160
1107,199
556,199
133,658
580,205
198,952
1211,101
1126,112
1714,372
1534,277
768,78
879,64
650,110
1476,150
1495,154
160,1022
12,887
1120,168
1230,93
1358,150
1582,310
973,140
26,923
1054,143
1680,330
959,73
925,41
622,141
1101,144
1768,403
129,678
260,472
1512,209
102,1041
47,1008
952,104
1509,268
317,394
407,264
1111,200
1646,327
1774,376
40,1009
195,963
187,979
204,915
1750,336
61,1014
479,283
1167,104
1171,109
251,488
1518,276
79,726
135,672
70,1023
1783,393
1090,150
500,296
27,936
190,548
544,254
1014,166
1792,414
583,183
748,118
1703,328
1307,155
1056,153
136,608
1778,410
19,813
316,377
761,118
1099,170
1598,320
1023,146
1506,168
562,208
581,180
1758,394
1297,131
15,818
989,143
1112,190
1131,106
941,44
1151,103
1515,203
1117,179
1282,104
931,106
1763,353
571,211
510,285
519,275
974,140
1093,186
1021,143
548,225
1535,277
695,114
348,351
1711,374
150,589
225,524
1709,369
1106,198
1585,291
132,675
688,115
1513,216
1348,159
708,126
1628,327
86,702
233,922
1328,163
25,902
155,1031
1742,378
130,1039
1220,96
523,272
1510,270
1224,99
177,988
215,892
327,358
626,133
1125,173
1290,114
797,66
1101,180
1489,146
186,981
1513,276
1115,120
1185,106
1205,103
824,62
130,627
40,1005
1033,142
242,495
246,495
1332,158
928,108
857,58
106,1038
550,247
1750,380
648,123
481,286
298,444
725,115
729,112
625,135
1788,406
80,764
135,644
1039,134
943,29
1516,177
1298,124
587,207
27,948
1516,192
1764,366
39,805
45,808
528,270
526,265
553,237
1341,156
1506,221
1274,97
432,258
231,914
865,60
1326,163
1511,221
1368,149
267,464
306,438
325,362
841,59
1787,402
112,1044
1784,396
224,898
6,846
1093,158
766,78
1021,147
1762,351
950,145
1505,238
257,484
920,164
63,792
944,26
319,354
1511,272
216,897
968,144
1638,325
1106,170
314,366
1036,129
1513,180
285,447
1120,114
381,278
953,141
203,538
589,209
906,61
1372,152
17,978
1504,256
1129,117
99,682
155,588
212,907
1761,360
878,64
882,63
1775,379
1233,96
134,633
986,144
1048,139
518,275
773,94
503,299
934,35
152,1027
1440,164
1015,140
654,98
1081,182
531,213
1584,299
578,200
355,321
1578,281
1090,175
80,728
27,995
218,890
738,117
350,343
1327,159
1241,90
174,993
771,113
476,281
1752,330
1715,382
233,500
1189,107
514,309
1321,163
553,201
629,126
1108,157
1435,167
5,858
1455,168
1012,153
794,84
408,263
1279,101
202,539
955,75
1696,383
1094,186
543,192
28,947
1154,103
1027,143
1339,161
76,731
591,212
141,1041
1117,108
486,290
920,128
206,925
944,6
968,140
718,120
883,59
1400,143
1107,155
82,742
68,789
1708,375
493,288
1675,326
1287,116
263,460
357,305
926,148
1582,283
203,919
1732,396
1054,144
906,160
177,996
555,203
1186,107
356,334
217,896
1087,185
366,291
958,103
317,357
1367,153
1423,155
397,269
645,103
78,774
726,114
1134,111
1336,162
182,988
200,944
365,298
577,194
1076,172
654,126
1265,93
1299,135
87,701
786,78
735,113
1507,232
22,996
1731,392
467,279
196,959
1043,138
18,887
795,85
1038,147
1735,321
728,112
32,935
89,698
752,86
53,799
994,143
596,175
1754,333
139,614
946,106
31,924
771,109
24,998
352,307
1203,110
942,6
75,729
1659,329
1524,289
666,127
633,128
851,57
1165,103
927,116
1117,174
1448,165
1050,153
42,808
817,74
395,269
133,657
779,99
68,1018
1462,164
1211,100
650,111
1116,174
855,58
1358,151
38,1008
1452,168
26,920
1054,140
959,72
925,40
1560,273
1101,143
1102,152
679,121
55,803
169,1008
96,688
260,473
129,677
703,119
720,118
1010,144
1005,139
952,105
1509,267
1347,160
317,393
924,151
1774,377
1124,86
195,962
1545,270
18,953
1008,159
772,82
1309,149
479,282
227,501
1298,134
341,357
913,172
307,429
1518,277
218,528
22,896
79,721
496,289
1090,151
27,939
190,549
544,255
1792,415
752,114
587,179
1307,154
352,352
1056,154
136,609
643,114
1565,279
19,812
316,378
942,34
505,311
1506,169
942,141
100,1040
581,179
15,829
396,273
1112,191
1131,109
1515,202
1282,105
571,210
519,274
1550,262
1093,185
766,83
548,226
1021,142
1535,276
897,62
146,1034
1711,369
1681,326
1760,345
1705,328
1106,199
1585,290
266,470
86,703
233,921
712,122
1652,334
1011,166
778,77
1096,192
1594,323
118,1040
155,1030
546,225
1196,107
1220,97
1510,271
1224,100
1116,178
1674,330
575,207
797,65
229,911
821,75
1101,179
1034,124
192,539
1719,383
393,276
1474,150
659,126
436,269
1547,263
796,61
526,210
928,109
1081,153
1318,158
550,244
648,124
481,285
298,445
705,125
725,114
49,1009
1261,96
625,134
1731,320
80,765
943,28
502,292
1298,125
657,131
1516,178
587,206
184,555
610,165
421,258
115,1045
1312,161
943,141
1516,193
1764,367
1123,97
39,804
526,270
179,993
514,302
53,1016
553,236
205,929
757,84
432,259
1085,150
19,953
23,897
922,170
1511,220
1420,157
267,467
50,801
837,61
325,361
475,276
367,290
1784,397
127,674
6,847
1093,157
1168,108
528,203
124,676
931,150
1505,237
920,165
370,292
944,27
319,365
1760,357
216,898
163,1009
1103,197
537,220
314,367
1036,130
1116,112
285,446
926,46
1120,115
381,277
1728,370
168,1000
778,97
542,222
17,977
130,1040
1129,116
1737,373
321,379
12,824
949,105
532,199
551,229
1031,159
1034,129
1508,216
1639,330
351,323
280,448
1775,378
1229,98
1304,135
938,141
21,951
1695,325
958,72
134,638
924,168
1744,373
234,922
763,97
503,298
152,1028
9,881
1081,181
530,213
531,212
1484,150
18,897
1584,300
1218,102
578,201
355,320
984,144
957,99
80,729
27,994
1776,403
1617,325
1446,169
218,891
1379,150
439,273
170,998
1075,177
1496,154
156,565
1411,147
1752,331
908,143
158,570
514,306
1108,158
5,857
1132,100
780,81
1586,321
1012,154
794,85
408,264
1112,200
582,220
110,685
236,920
1050,130
955,74
1098,182
799,85
513,276
1504,225
1178,110
591,215
295,442
1605,325
907,60
1117,107
1481,151
1083,167
16,987
1762,352
1624,321
978,139
964,74
694,119
822,56
1106,143
1107,154
920,48
1704,328
1073,175
483,281
707,121
926,149
929,151
17,957
203,918
347,358
1732,397
1054,145
906,161
1031,131
1508,252
260,486
1437,168
356,335
764,92
506,316
1009,163
1713,377
1414,152
1770,378
317,356
1114,198
1115,163
1423,154
52,1015
397,268
952,61
649,99
78,775
182,989
200,945
365,297
424,261
577,193
578,186
1076,173
711,122
839,65
199,934
739,117
335,358
66,1017
981,144
1090,176
947,145
89,697
752,87
222,895
1013,144
227,519
1297,123
31,927
624,145
454,274
771,108
352,308
304,439
747,93
1118,124
1706,376
179,985
1321,158
383,281
75,728
1146,109
922,115
642,114
1377,151
1273,102
1131,128
931,112
14,820
1047,134
42,809
1406,149
28,912
272,450
223,891
498,294
638,114
180,558
133,656
1462,165
17,895
167,1009
1092,162
1499,160
422,257
1495,148
674,118
1580,286
915,128
1582,308
1452,169
26,921
1054,141
155,567
449,278
1560,274
1101,142
1102,153
181,983
679,120
1765,359
720,119
260,474
1390,148
1693,379
317,392
1593,319
1063,167
1707,323
1232,97
1033,144
1124,87
120,1045
948,141
967,99
1545,269
1008,144
934,104
187,981
96,1038
1309,148
227,500
1298,135
22,897
1109,199
79,720
1346,155
1345,160
1694,377
36,805
1783,395
1692,330
1089,187
1090,148
170,559
10,856
27,938
411,267
583,177
587,178
1247,94
1727,320
832,59
67,790
808,52
1565,278
1587,322
316,379
942,35
1407,149
1016,166
942,146
100,1041
15,828
396,274
1696,329
386,280
1112,128
1131,108
1763,355
519,269
1550,263
1625,326
244,491
1097,189
1760,346
950,58
628,128
266,471
1244,90
7,876
542,227
963,74
102,682
1096,193
1775,387
163,562
1200,111
314,426
1116,179
626,131
229,910
602,168
754,95
1034,125
1418,156
208,903
1512,207
1719,382
1371,148
1474,151
1347,159
446,272
436,270
1712,327
592,172
1403,148
796,62
1683,326
302,435
526,211
191,548
1081,152
550,245
934,148
648,125
481,284
913,143
625,133
18,813
1506,262
80,766
135,646
1110,140
1755,345
235,922
236,497
53,805
1160,103
184,556
439,268
421,257
115,1044
120,682
27,950
157,1019
1516,194
748,84
362,299
1123,96
277,450
27,807
1459,162
526,271
1118,165
179,992
514,303
1270,96
205,928
24,991
975,140
1112,126
5,868
1773,375
432,260
1085,149
19,952
538,200
922,171
1420,158
267,466
1141,110
1487,150
1787,404
157,575
1027,149
1784,398
6,844
188,551
1093,156
813,84
528,204
417,259
920,166
370,293
1127,109
137,668
944,28
319,364
1760,358
216,899
163,1008
1036,131
1662,333
194,966
1116,113
926,47
142,606
1120,116
168,1001
774,99
542,223
17,976
34,1006
1428,164
95,683
26,942
1149,104
321,378
12,825
821,61
551,228
1031,158
1034,142
1639,325
1508,217
351,322
280,449
1239,91
1438,164
693,115
1229,97
1304,136
21,950
482,286
134,639
1744,374
458,279
249,490
13,983
503,293
952,145
91,687
971,95
934,33
44,1011
776,95
1436,163
1755,391
9,880
430,256
1484,151
1584,301
22,990
1645,332
355,323
947,7
58,802
147,591
1342,156
80,730
1776,404
943,51
268,457
899,57
439,272
866,60
170,999
1496,155
174,999
156,566
101,1037
1482,146
1411,146
92,692
1691,330
158,571
1246,90
514,307
1108,159
633,121
5,856
1679,330
1132,101
15,884
90,695
236,921
310,432
1098,183
1504,226
1505,159
591,214
1757,393
158,1015
1117,106
1083,166
16,988
1121,111
1762,353
1363,150
228,895
580,212
920,49
1328,158
82,740
29,1003
1025,146
1291,115
483,280
17,956
1732,398
1129,87
38,805
1031,130
1508,253
260,487
212,536
356,328
764,93
1082,182
1689,326
1125,116
1414,153
1770,379
1531,293
1114,199
545,192
83,1025
178,555
952,62
1451,164
1569,281
1024,146
1134,109
1299,137
715,126
1655,330
1157,107
1113,167
943,102
1779,406
1449,165
1402,143
75,1021
1013,159
31,926
624,146
979,144
1720,326
193,539
747,92
912,55
1118,125
179,984
1563,272
1706,377
19,899
75,731
642,115
1377,150
847,62
315,409
686,120
1353,157
14,821
1094,164
28,913
799,72
1631,327
123,1045
223,890
498,295
595,175
1074,176
228,908
927,148
180,559
968,91
1597,324
789,83
812,84
779,101
121,677
216,891
197,536
1781,392
1107,185
1092,163
25,943
318,356
1096,166
507,317
646,102
422,262
1277,106
1408,145
1580,287
1582,309
575,213
155,566
892,63
929,35
1101,141
181,982
1323,159
1765,358
260,475
764,97
1693,378
995,143
1717,372
317,391
320,405
655,99
1063,166
9,831
195,964
200,942
934,105
187,980
96,1039
1309,147
13,880
251,493
1104,187
18,966
937,36
79,723
264,474
815,79
1393,147
1783,394
607,169
610,159
1090,149
31,1005
583,176
832,60
634,120
781,77
912,132
966,75
1250,94
808,53
1640,330
226,502
1773,402
1023,159
790,84
562,207
1758,393
585,182
586,217
1696,330
1112,129
1131,111
945,46
1515,204
931,111
1763,354
1625,325
1097,188
548,236
136,1038
1760,347
584,216
1723,321
950,59
628,129
684,115
1571,277
1055,140
1348,154
816,59
1514,174
708,121
926,48
1628,322
324,354
1324,163
613,164
802,85
1742,377
169,560
314,427
1510,269
906,151
551,195
1286,114
1290,113
229,909
1613,325
265,455
470,280
824,82
1519,279
938,38
1181,106
152,591
1185,111
1124,116
796,63
9,859
66,796
857,63
1416,148
648,126
1530,286
1369,148
729,117
913,142
80,767
135,641
1755,344
943,30
236,498
53,804
734,113
1013,166
157,1018
1516,195
748,85
1123,99
24,945
277,449
960,77
1589,322
946,48
1118,170
514,300
199,540
1112,127
5,867
1773,374
1388,148
965,101
1669,331
969,98
1085,148
898,62
23,899
1511,222
267,469
306,437
239,497
157,574
1690,380
42,1006
665,123
955,145
6,845
188,544
746,118
528,205
1021,144
1083,157
1729,387
1127,108
1699,375
319,367
1760,359
964,80
314,365
194,967
1116,114
1120,117
168,1002
906,56
122,677
1206,103
1210,106
34,1007
26,943
131,1039
99,687
1101,196
1102,167
825,57
1031,153
55,1012
1508,218
351,333
669,120
506,294
693,114
1391,143
1304,137
482,287
134,636
636,124
682,116
249,489
13,982
503,292
322,359
91,686
221,531
1716,372
1755,390
1080,142
430,257
70,792
1584,302
578,199
355,322
231,495
947,6
1745,381
255,485
1090,170
80,731
943,50
654,131
268,458
287,446
292,448
1398,148
350,346
758,119
1241,95
101,1036
1482,147
92,693
970,79
771,114
128,1040
476,276
514,304
633,120
1132,102
642,108
1085,184
110,1044
921,163
11,871
1279,102
236,922
310,433
1791,411
907,161
193,969
28,910
931,39
1339,162
823,77
1504,227
1198,107
480,283
1383,149
1757,392
1117,105
16,989
1121,110
580,213
51,801
1328,159
82,741
1738,326
29,1002
1025,145
1708,370
150,1030
1381,150
1661,334
1291,114
1000,143
263,457
798,70
543,257
323,354
1732,399
1054,151
1129,86
225,900
116,683
1741,327
1558,263
126,1040
603,171
127,1045
536,224
555,204
1508,254
1219,101
356,329
506,314
198,540
1087,186
1125,115
209,537
820,79
952,63
1569,280
78,773
726,113
182,979
1029,142
806,57
187,971
1750,328
577,199
1380,150
578,184
106,681
1299,136
87,702
786,77
400,272
910,154
1449,164
1682,330
1018,149
583,207
1013,158
596,170
338,358
227,521
31,921
624,147
576,214
832,64
1555,262
193,538
1118,98
1028,142
75,730
1659,330
1016,140
908,60
1303,133
666,122
315,408
847,57
1112,166
1222,95
1121,168
955,104
1094,165
817,79
671,124
1098,168
1026,157
675,121
93,692
1074,177
136,1043
1001,139
395,270
968,92
1585,315
974,86
779,100
216,892
765,83
1781,407
1107,184
167,1011
1714,368
1092,172
1096,167
485,284
507,316
270,456
949,141
570,210
1376,151
916,58
646,103
1277,105
1116,169
1120,172
1582,314
1747,377
60,795
26,999
1771,399
929,34
181,981
1323,158
1765,357
848,62
1509,167
568,205
948,105
1717,371
317,390
320,406
655,98
1063,161
144,595
967,93
1673,326
111,1039
200,943
1726,370
1309,146
1298,133
13,879
307,430
1104,188
79,722
264,475
1745,325
1322,158
607,168
75,779
100,686
31,1004
213,905
748,114
1703,324
1375,151
166,561
960,98
134,1043
176,561
466,279
1515,272
912,133
1725,381
1650,333
1616,325
516,271
1037,155
226,503
960,145
1773,401
1095,165
1598,324
770,110
1088,157
1526,291
262,466
585,181
1192,107
861,64
989,139
222,522
1037,125
1131,110
945,45
547,241
974,144
1733,325
6,870
372,290
1757,351
486,286
548,237
146,1033
1760,348
950,56
1106,194
1585,295
688,119
816,60
1348,155
266,469
450,278
964,140
1116,111
324,355
1652,329
1396,143
1769,403
613,163
546,252
46,1008
159,563
1728,408
95,689
1510,258
551,194
807,84
1286,115
229,908
1489,150
494,288
77,712
97,1034
464,275
265,454
138,604
1519,278
308,428
938,39
152,592
1517,209
436,264
1124,117
1712,377
242,491
1695,384
9,858
526,209
1019,161
857,62
1726,366
1285,108
1416,149
1530,287
298,440
49,1014
1506,260
1124,171
1731,325
135,640
1755,347
610,160
157,1017
1119,97
1123,98
1431,165
24,946
1473,151
45,804
301,442
946,49
620,152
1118,171
514,301
1193,112
511,281
5,866
1773,373
1720,383
965,100
969,97
770,114
1085,147
918,58
23,898
1420,152
1368,153
62,1020
267,468
414,261
1373,152
239,496
1070,168
1145,105
1349,159
157,573
1743,323
1690,381
510,317
665,122
594,176
188,545
1386,148
874,64
1083,156
1729,386
20,986
1699,374
300,442
319,366
1060,164
822,83
987,144
64,797
194,964
1116,115
142,604
1120,118
953,145
1537,273
26,940
99,686
1129,121
882,59
351,332
1698,375
1385,144
506,295
1509,255
43,804
152,573
134,637
1531,283
1756,336
88,699
72,1024
1567,280
1770,404
1789,408
13,981
971,81
221,530
1080,143
70,793
531,217
1057,161
1366,149
355,325
529,264
1137,115
1688,381
1745,380
1568,275
80,732
1166,108
1759,343
32,927
268,459
738,113
701,123
170,997
135,629
415,261
476,277
990,139
1052,130
1715,322
158,569
710,122
747,114
514,305
1122,90
1502,230
511,317
633,127
1132,103
535,218
921,162
794,80
16,816
86,1026
443,275
1791,410
615,153
193,968
28,911
927,45
931,38
860,64
823,76
954,141
480,284
760,84
1117,104
1705,372
1121,109
1415,153
765,78
698,121
1106,138
883,63
1549,268
82,738
1439,164
637,116
73,1021
1069,167
150,1031
1381,149
774,77
1661,333
798,71
46,808
543,256
12,840
127,1044
1508,255
153,1027
43,1011
356,330
506,315
1087,165
1125,114
938,108
1770,377
482,288
1531,295
1367,149
1115,164
52,1010
1332,163
1029,141
187,970
1750,329
577,198
867,60
578,185
1740,375
18,992
199,931
331,363
739,118
947,101
910,155
1621,325
1066,164
1086,163
994,139
596,171
409,263
227,520
540,259
946,102
970,96
576,215
1095,192
1118,99
179,986
932,36
1028,143
383,282
19,901
1146,104
581,219
1192,112
1306,152
315,411
1112,167
1739,322
1117,170
343,361
1448,169
1453,168
921,47
1401,143
1700,383
429,256
1098,169
93,691
151,1035
225,507
638,113
180,553
968,93
536,257
974,87
779,103
873,64
438,272
167,1010
82,710
485,283
1116,170
674,117
12,876
1120,173
1358,155
1747,376
1452,164
226,524
929,33
622,150
1010,140
220,894
1509,166
948,106
317,389
320,407
1646,328
692,119
655,109
1063,160
696,114
125,680
1707,324
1191,111
1091,171
375,288
1100,171
144,596
1138,114
772,94
597,175
1076,140
13,878
18,964
1124,176
135,671
264,476
123,681
288,450
1745,324
496,293
1090,147
1237,96
213,904
583,178
1378,150
166,566
67,795
191,961
912,134
936,12
771,77
704,120
1037,154
316,374
1240,90
1407,150
639,120
1088,158
1730,325
262,467
581,191
1667,332
585,180
396,269
185,550
386,279
315,423
1037,124
945,44
547,240
141,607
519,270
793,80
6,871
1552,267
372,291
615,161
1097,162
548,238
1711,381
1772,381
1760,349
305,431
950,57
1585,294
1766,359
37,1008
522,272
940,7
873,60
1704,372
712,126
1561,269
234,494
1652,330
168,1008
613,162
25,905
1510,176
7,873
963,79
546,253
102,681
1728,409
163,567
95,688
314,425
1510,259
299,439
1572,282
321,403
925,151
949,17
939,103
754,90
1009,159
494,289
77,711
1418,155
97,1033
138,605
1632,323
308,429
915,127
938,36
152,593
1517,208
1124,118
1148,108
1736,368
320,354
9,857
526,214
806,70
1285,107
1128,128
83,709
49,1013
1261,92
910,160
1506,261
1749,327
44,808
353,351
135,643
1110,131
209,915
1735,372
1755,346
610,161
1697,325
27,907
1017,161
1119,96
1123,101
24,947
45,803
946,46
620,153
514,298
511,280
1108,134
757,80
5,865
230,496
1317,158
1691,385
770,115
1085,146
210,900
414,266
676,121
14,832
1373,151
629,135
921,118
157,572
510,290
1235,91
722,122
154,1022
1083,159
197,956
346,358
1430,160
20,987
1729,385
1505,225
816,74
300,443
840,64
132,652
64,798
194,965
142,605
1769,398
774,102
1537,272
394,274
17,981
88,1027
74,782
533,261
26,941
1129,120
392,271
321,383
1465,158
1034,141
1548,263
351,335
959,140
1125,93
1508,171
152,574
958,76
1756,337
1370,148
88,700
72,1025
518,276
1770,405
1789,407
759,96
174,558
13,980
1517,180
181,558
971,80
44,1006
156,1020
430,263
1080,144
531,216
1484,146
933,148
22,989
1057,160
1664,328
355,324
1137,114
1464,158
1688,382
58,801
1568,276
147,592
80,733
923,51
268,452
701,122
350,344
135,628
838,61
415,260
1411,151
214,902
1028,148
1654,330
1502,231
1132,96
780,77
1724,380
1065,169
19,985
921,161
408,268
16,817
86,1027
236,916
515,281
1050,142
228,516
615,152
337,363
907,163
1094,191
927,44
1098,178
1700,324
185,975
1036,124
141,1036
1121,108
1585,285
1624,325
1040,150
194,950
1595,324
718,125
1400,148
1549,267
82,739
637,115
1539,269
73,1020
1069,166
1287,115
869,64
707,125
263,459
798,68
12,841
1049,138
1732,393
982,144
1633,324
153,1026
43,1010
1437,164
356,331
1067,171
1087,164
1125,113
1713,381
1531,294
1114,194
545,197
52,1011
753,90
592,216
726,119
1134,112
30,942
1750,334
1399,148
577,197
1551,267
658,126
839,61
199,930
1365,149
1779,411
728,117
583,201
147,1033
75,1022
1075,145
1754,342
1577,311
31,923
970,97
1199,112
761,92
514,274
932,37
1563,277
19,900
790,79
1146,105
410,267
1084,167
1303,135
1306,153
315,410
343,360
951,105
665,128
1733,367
921,46
1022,134
823,83
20,812
93,690
8,876
225,506
498,290
595,176
180,554
536,258
261,471
779,102
121,682
512,315
1045,143
223,517
1130,121
82,711
1514,216
1534,287
1532,292
160,1012
12,877
1120,174
1580,282
1035,151
575,214
892,58
622,151
679,116
882,64
1253,95
1509,165
103,1042
1300,128
588,178
317,388
1593,323
545,225
1115,131
655,108
696,115
1195,107
1450,164
1091,170
1100,164
207,538
1076,141
1518,286
18,965
1124,177
135,670
264,477
1556,262
587,217
1692,326
75,781
24,809
496,294
1217,98
1312,154
374,283
1425,157
752,119
1247,90
80,1024
1056,159
316,384
67,794
191,960
912,135
162,1018
1032,152
936,13
19,819
226,501
316,375
724,116
1240,91
1407,145
505,314
1264,97
1763,393
1506,162
262,464
562,202
581,190
1297,133
175,557
185,549
222,520
141,606
1601,320
166,1011
6,868
188,543
1093,164
615,160
1097,161
1550,267
193,951
486,284
548,239
1535,275
20,960
954,66
423,261
1772,382
1585,293
20,951
1359,150
522,273
1055,137
812,59
1036,155
1514,173
765,117
1561,268
1103,157
593,172
168,1009
25,904
118,1045
102,686
963,78
379,279
802,80
1519,205
1020,165
1728,410
163,566
169,565
131,1044
299,438
392,276
321,402
925,150
1594,319
1572,283
949,16
868,64
1546,269
1009,158
536,218
938,146
77,710
1719,378
1656,330
915,126
938,37
777,97
616,151
1517,207
1209,102
221,524
1124,119
332,363
1148,109
9,856
1015,166
66,795
526,215
1683,330
30,998
1503,157
1289,111
1530,285
1057,155
83,708
1369,153
1261,91
1295,129
913,131
919,173
353,350
135,642
209,914
236,493
1160,107
1398,143
1123,100
1730,388
316,420
1459,166
946,47
620,154
514,299
1270,100
1108,135
757,95
23,815
5,864
230,497
1136,120
1502,155
171,997
210,901
1141,106
310,424
1487,146
921,117
390,272
157,571
547,239
894,58
1562,270
510,291
42,1005
722,123
154,1023
1760,395
119,1045
766,112
1083,158
197,955
346,359
1505,224
1127,105
816,75
779,81
1723,366
840,65
1103,192
1585,321
132,653
1025,138
1490,150
774,103
778,106
7,844
926,162
394,275
17,980
88,1028
34,1002
1210,105
533,260
321,382
1465,157
825,62
1031,154
351,334
280,453
1438,168
172,563
356,336
1125,92
152,575
958,77
924,165
1531,285
1756,338
48,1008
564,204
88,701
1707,382
881,64
458,275
682,115
991,143
702,118
1789,406
249,494
47,807
1024,138
322,354
1517,179
44,1007
226,902
156,1021
1080,145
355,327
1133,116
1464,159
1688,383
255,486
311,432
1090,169
80,734
1110,172
350,345
79,773
24,912
1052,156
101,686
214,903
875,59
1246,94
1028,149
1122,88
113,1040
1108,155
156,1028
1132,97
1649,329
1444,165
1724,381
1065,168
642,107
19,984
921,160
945,26
1574,283
236,917
515,280
1050,143
228,517
337,362
907,162
1700,325
504,293
799,80
1335,162
931,40
823,78
185,974
93,685
1605,320
1711,327
232,495
16,976
1585,284
1363,154
1040,151
822,61
241,496
438,266
1272,96
1258,95
637,114
1025,150
263,458
798,69
926,158
323,359
1732,394
976,139
1609,321
801,80
603,172
186,548
153,1025
1437,163
1219,102
1756,391
1689,330
1067,170
1125,112
948,7
1521,195
569,206
592,217
1091,177
78,776
1024,150
1134,113
30,943
434,268
365,292
187,972
1380,145
577,196
1750,335
839,60
1228,93
18,990
130,676
1161,108
1779,410
970,140
1449,169
165,1006
1109,159
170,564
1110,200
583,200
147,1032
1075,144
1754,343
1577,310
31,922
966,99
201,939
454,279
516,278
1555,267
193,543
31,811
514,275
932,38
1782,408
1563,276
1108,191
922,124
814,70
1084,160
1303,134
1586,286
1236,91
315,413
945,6
823,61
1607,325
1225,95
1631,323
675,122
1022,135
272,455
823,82
756,119
151,1029
8,877
225,505
760,114
154,567
175,991
1597,320
1301,131
812,80
261,470
1514,182
512,316
1045,142
1718,367
1281,104
1543,272
243,491
650,105
1532,293
1495,147
1116,164
160,1013
12,878
200,534
1105,189
1582,313
811,54
26,994
226,522
831,59
1035,150
1253,94
425,256
868,60
1627,321
1078,155
103,1037
1300,129
972,82
317,387
541,227
82,776
545,224
1114,167
905,159
655,111
1115,130
934,18
1215,103
1470,160
631,124
1100,165
1138,112
967,94
550,194
1673,331
934,109
149,1031
1076,142
1759,395
985,139
1518,287
1109,194
353,305
1113,135
264,478
815,75
943,6
1556,263
913,55
587,216
75,780
1217,97
1312,155
27,929
1425,156
1525,291
1307,144
191,963
1778,405
162,1019
1250,90
1032,153
936,14
19,818
808,57
1565,273
942,36
1095,166
505,313
1099,163
124,1045
1763,392
770,109
1088,144
262,465
562,203
581,189
1297,132
15,827
185,548
222,521
1151,108
547,242
662,129
6,869
1093,163
193,950
214,536
486,285
15,985
548,232
1021,136
508,317
954,67
1583,320
1419,151
1772,383
1477,149
1723,325
1177,105
1106,193
1585,292
1583,305
1055,136
160,563
893,63
1561,275
1103,156
238,492
1324,159
849,57
7,875
542,228
215,900
1519,204
996,143
321,401
925,149
256,484
1034,151
351,341
1009,157
536,219
1509,216
97,1039
138,603
773,99
777,96
616,152
446,277
1209,101
914,59
221,523
21,895
9,863
302,436
526,212
191,547
910,55
1081,163
481,279
1057,154
1238,91
1295,128
1516,281
913,130
1506,259
311,431
353,349
80,755
209,913
235,913
53,800
58,1018
734,117
439,267
350,354
1013,162
27,909
376,281
1119,98
92,685
1730,389
1431,166
316,421
67,1017
529,220
1118,174
514,296
975,139
23,814
1132,126
1388,144
33,810
1136,121
72,784
14,983
1520,280
898,58
918,57
1012,140
171,996
656,104
841,60
310,425
367,296
918,168
510,288
665,127
1164,103
813,79
746,114
232,500
1760,396
197,954
1127,104
300,437
319,363
163,1015
1585,320
132,654
1025,137
774,100
778,107
542,192
29,947
263,481
17,971
26,939
351,312
225,892
1058,162
321,381
821,56
532,205
437,271
207,921
351,329
1385,149
356,337
858,63
1263,92
1319,158
173,1002
924,166
1531,284
48,1009
97,688
1642,326
702,119
1111,137
1024,139
1517,178
30,944
1685,330
967,145
971,82
152,1034
1295,119
1080,146
1413,152
1645,327
208,533
355,326
1133,115
1460,165
529,269
1779,385
805,57
79,772
174,1000
1727,391
128,1044
24,913
1752,337
1715,327
214,900
838,66
1122,89
1785,399
534,203
1506,248
1108,164
442,275
114,1044
156,1029
652,130
1132,98
1649,328
945,25
582,214
90,688
15,883
54,799
236,918
515,283
1050,140
1753,331
443,276
228,518
615,154
945,106
927,46
591,221
1383,145
1538,280
746,86
158,1016
37,805
132,1039
194,948
1106,137
438,267
1272,97
1738,322
144,1040
859,59
1287,109
650,114
1310,150
926,159
1732,395
1741,323
1761,397
1030,160
96,683
153,1024
154,1031
1006,139
1485,150
1087,166
1114,192
820,75
1521,194
569,205
592,218
1091,176
1111,173
1024,151
1722,370
365,291
776,96
1740,370
1228,94
18,991
130,677
1043,147
910,158
165,1005
170,565
1038,154
1682,326
1018,145
1066,163
350,314
1075,147
1577,309
946,101
516,279
771,82
205,914
1118,102
1088,181
1659,334
908,56
586,174
1084,161
1524,296
1586,287
222,530
315,412
851,62
1739,327
1702,329
14,830
384,275
112,680
1457,162
1225,94
799,55
591,177
151,1028
8,878
225,504
228,905
1001,143
927,147
175,990
1301,130
1583,284
974,90
775,95
745,114
1514,183
512,317
1103,187
223,519
82,709
802,74
1429,159
77,1022
160,1014
1408,150
200,535
953,63
38,1003
1105,188
575,208
226,523
1456,162
622,149
1030,140
1010,139
683,115
811,70
939,141
703,124
139,1041
1300,130
972,83
317,386
541,226
82,777
905,158
655,110
1124,93
1111,177
1019,153
1138,113
491,288
1673,330
274,454
1289,113
1076,143
230,911
1759,394
527,209
913,165
1029,127
18,963
204,538
353,304
1109,193
1113,134
913,54
1312,156
27,928
100,682
762,79
815,59
1375,147
1525,290
956,99
466,275
191,962
1650,329
1118,179
966,76
771,78
1344,156
1565,272
922,46
942,37
1260,96
505,312
1085,139
1730,320
371,291
262,470
1293,126
1511,177
581,188
137,1043
28,812
784,82
837,66
1192,111
111,685
185,555
386,274
1702,373
1434,167
1733,321
1097,167
1021,135
548,233
1022,160
950,141
1535,285
756,84
133,621
1419,150
584,221
822,75
1106,190
1583,304
537,201
917,173
1036,149
1055,139
86,694
450,274
930,40
1561,274
1268,94
7,874
46,1012
427,255
321,400
911,161
398,268
256,485
807,80
351,340
1613,320
1101,172
464,279
588,208
97,683
1471,159
541,198
221,522
1712,381
497,290
21,894
9,862
526,213
191,546
1081,162
1019,165
1416,153
668,126
355,301
1516,282
947,49
910,167
311,430
937,11
517,271
353,348
80,756
943,37
235,912
350,355
1013,161
1527,299
10,870
27,908
376,282
1017,166
92,686
182,552
91,1029
1431,161
316,422
514,297
1122,178
218,896
199,539
23,809
1132,127
230,503
965,96
72,785
1520,281
770,78
1492,151
210,899
656,105
414,265
306,430
733,117
1070,172
918,169
1145,109
1515,175
1339,157
510,289
1397,143
1235,92
594,172
1767,373
1386,144
232,501
1083,144
197,953
950,105
954,100
920,172
1127,107
132,1044
300,438
319,362
1107,135
132,655
1025,136
1766,401
774,101
426,255
542,193
29,946
263,480
926,160
1153,108
17,970
74,781
1732,400
321,380
925,120
801,74
982,139
12,823
1780,388
1465,163
532,206
1102,168
1615,325
437,270
55,1011
1034,136
207,920
351,328
1385,148
356,338
801,59
1082,156
878,59
1087,141
173,1001
482,280
924,167
1579,301
73,1025
174,557
967,144
57,1013
152,1035
226,900
1080,147
363,293
531,221
1218,97
1039,125
1133,114
1460,166
529,268
329,358
923,52
1520,200
1086,139
135,625
842,63
990,143
24,914
1752,338
214,901
710,126
747,118
1264,92
1502,234
1785,398
1506,249
156,1030
1132,99
804,70
1085,179
770,82
19,986
1259,96
945,24
582,215
90,689
15,882
236,919
515,282
1050,141
955,67
1729,320
228,519
1098,177
823,72
1178,105
591,220
1383,144
1757,387
746,87
158,1017
1481,152
462,275
194,949
70,1024
826,62
1107,163
1096,176
944,141
798,56
29,997
1443,165
1539,270
1769,367
1381,145
1661,329
650,115
1310,151
707,126
12,836
473,276
1049,143
1054,152
1741,322
126,1045
911,153
1761,396
127,1040
186,546
1756,385
1009,164
1414,147
938,104
1125,126
1114,193
1722,384
1521,193
753,95
592,219
645,111
649,100
1111,172
1722,371
30,941
182,980
1080,175
87,693
161,563
843,59
283,448
1043,146
910,159
805,75
583,202
350,315
758,84
1075,146
10,830
409,267
1013,153
1297,124
1577,308
624,136
516,272
205,913
118,678
1118,103
514,273
75,721
1108,185
1016,145
373,284
1520,289
76,785
1524,297
171,559
1131,121
1739,326
14,831
54,1016
571,206
384,276
884,63
1453,164
1094,158
671,123
799,54
1026,150
1540,268
1022,133
109,1044
8,879
1074,170
228,906
1079,159
974,91
133,665
1762,398
1103,186
1107,191
223,518
25,945
778,81
1281,110
1277,100
321,395
915,137
1582,319
1125,176
1456,163
1152,108
217,891
1394,147
1030,141
220,890
1512,218
1243,90
568,210
588,173
1717,382
317,385
905,157
1646,332
1115,132
692,115
1044,136
1191,107
125,676
971,140
934,16
1124,94
649,128
106,1043
1584,284
274,455
1289,112
1512,263
796,64
541,259
527,208
469,280
307,437
913,164
1518,285
1109,192
1089,188
663,129
1217,103
27,931
544,247
1375,146
1378,146
1525,289
1749,385
79,1023
960,103
1515,279
1478,153
191,973
946,6
162,1017
19,820
704,124
1095,160
1023,133
1085,138
1506,161
538,255
941,146
1293,125
1511,176
137,1042
235,499
143,1036
918,130
386,275
84,756
16,892
1046,142
1601,325
276,454
793,84
1733,320
1454,163
1535,284
15,987
548,234
954,65
202,938
756,85
1711,377
133,620
423,262
940,108
319,369
140,612
253,493
452,278
309,427
987,139
537,200
812,54
1036,150
1055,138
1025,163
86,695
930,41
324,360
660,130
1268,95
1728,366
1130,88
940,146
1020,160
1742,323
189,551
1257,91
65,1017
523,267
1058,156
1737,321
911,160
821,83
1101,171
1546,264
1637,329
754,86
55,799
494,293
588,209
97,682
78,1027
1471,158
541,197
195,537
1337,158
332,358
497,289
21,893
1148,104
9,861
1736,372
66,790
526,218
302,442
30,997
52,805
1503,158
934,143
1416,154
1507,219
648,100
355,300
1516,283
161,1019
1104,157
937,10
517,270
44,804
80,757
153,571
923,43
1735,368
235,915
1156,107
1542,272
1013,160
10,871
762,96
90,1033
32,999
1431,160
1730,387
316,423
301,437
514,294
1122,179
1213,104
258,488
1644,332
1553,267
231,901
585,203
19,961
1511,212
1592,318
137,1038
656,106
267,459
1373,147
306,431
75,1026
291,449
951,61
737,113
1070,173
941,7
1349,154
618,148
1515,174
1666,332
1562,269
567,205
1690,326
1784,405
510,294
1767,372
1188,111
197,952
346,354
417,260
1430,164
920,173
1127,106
206,910
1463,164
163,1017
1106,163
1467,161
1539,277
17,824
788,83
495,293
778,105
7,841
29,945
926,161
17,969
34,1001
1428,163
590,210
1732,401
925,119
801,73
1461,165
1761,359
1780,389
1465,162
532,207
207,923
351,331
172,558
797,61
356,339
655,131
697,121
1087,140
935,147
173,1000
134,630
1579,300
1707,371
810,75
174,562
1029,148
57,1012
226,901
1313,161
1080,148
70,786
914,172
933,144
1214,99
92,1034
1664,332
1133,113
1137,118
1779,387
1745,375
544,192
819,70
1426,162
1520,201
899,62
701,118
170,1006
232,903
24,915
576,192
1071,173
1752,339
80,1023
1264,93
1654,334
1506,246
1132,92
1003,144
1084,159
1734,321
1202,110
1279,108
86,1031
515,285
1050,138
1676,330
941,107
1094,179
567,209
1538,278
1757,386
360,295
1415,148
920,56
1549,263
1771,379
798,57
211,897
177,561
1305,139
1769,366
650,112
670,119
29,917
12,837
323,360
1522,294
801,85
12,980
911,152
1158,107
1508,228
186,547
1756,386
1082,177
366,296
1125,125
83,1030
1744,329
1521,192
592,220
645,110
78,783
1688,384
434,267
182,981
1447,169
1080,176
87,692
161,562
843,58
678,121
1412,151
1731,371
259,477
79,708
539,261
559,206
1147,104
1042,148
910,156
1621,320
1749,379
667,121
1223,100
1086,164
350,312
1013,152
10,831
1701,329
1577,315
549,198
624,137
36,1007
205,912
761,96
444,276
1555,268
747,85
340,357
1099,184
1118,100
75,720
1108,186
922,123
373,283
1520,290
1212,104
76,786
992,139
1586,285
1131,120
743,118
1350,154
1117,165
343,356
888,59
1094,159
1540,269
109,1043
756,114
151,1030
1127,93
1074,171
228,907
1079,158
927,157
974,88
133,664
198,950
17,887
1781,401
608,168
1107,190
1126,110
25,944
926,110
1281,109
314,414
1277,99
321,394
949,56
915,136
1747,383
1710,369
1508,265
226,521
1698,329
1765,367
425,261
1512,219
1627,322
1078,158
588,174
317,384
1114,162
82,775
545,229
1044,137
696,119
125,675
934,17
1033,152
1124,95
1138,111
550,193
1503,165
1285,114
1289,119
1512,264
597,170
796,65
541,258
307,436
625,145
539,225
79,728
1623,325
815,84
663,128
1180,110
1109,176
1217,102
27,930
1497,150
472,275
1749,384
80,1028
852,62
1758,342
191,972
700,122
704,125
922,44
1037,149
1240,95
1099,164
1706,324
124,1040
969,79
1023,132
1502,163
262,468
1293,124
1155,103
235,498
918,131
23,997
941,34
1112,136
176,996
84,757
513,315
16,893
1027,161
1743,373
1763,363
1535,287
15,986
548,235
1501,155
202,939
917,58
133,619
423,257
560,201
229,498
319,368
253,492
452,279
309,426
916,134
769,115
1583,306
1177,110
1571,282
1025,162
765,113
324,361
1103,153
849,62
1130,89
1020,161
159,569
1361,155
189,550
1510,260
65,1016
1290,120
351,342
55,798
470,275
532,266
810,84
1471,153
317,420
1114,134
763,92
1205,109
1209,106
1337,157
914,54
1736,373
9,860
320,359
66,791
526,219
501,296
1015,162
1100,196
52,806
1692,384
1507,218
648,101
668,120
672,123
947,51
1670,331
1104,158
535,264
153,570
80,758
1110,132
943,39
287,451
235,914
785,77
966,140
1542,273
1089,159
10,868
27,910
762,97
1014,152
101,1041
182,558
24,952
301,436
67,1018
429,255
213,536
514,295
258,489
757,91
373,290
487,286
145,601
898,57
1767,401
19,960
1592,319
656,107
291,448
951,60
813,59
941,6
618,149
874,59
1027,157
894,62
1784,406
1743,329
510,295
766,116
1121,91
1430,165
1127,101
206,911
816,79
524,272
1059,157
1595,319
1573,283
163,1016
399,268
755,114
1107,137
132,649
60,1019
1490,146
1528,289
7,840
29,944
17,968
88,1032
751,87
1747,326
590,211
1732,402
1604,325
26,950
939,41
1058,161
617,151
925,118
911,135
532,200
623,137
207,922
351,330
172,559
797,60
673,118
858,58
108,685
1082,154
697,120
1391,148
21,958
134,631
636,123
1579,303
1707,370
1356,156
1048,149
991,139
1111,138
174,563
47,803
1029,147
181,553
1399,143
117,683
598,170
1080,149
430,264
530,202
70,787
914,173
1503,253
554,196
92,1035
259,480
1664,333
32,806
1137,117
1779,386
1745,374
805,85
1464,163
165,1014
147,599
1110,160
1426,163
1520,202
22,816
701,117
79,769
1589,318
135,627
1754,383
232,904
1721,366
1355,152
576,193
1364,154
101,682
838,65
1654,335
1502,232
113,1044
1506,247
1132,93
945,141
1649,333
582,186
1306,142
719,119
921,164
371,285
176,989
15,892
969,144
515,284
1050,139
1292,124
1711,323
1538,279
1001,144
360,296
1705,382
133,675
154,590
194,947
51,806
1466,157
661,125
132,621
920,57
1714,327
1329,163
1258,91
1738,321
107,1039
177,560
507,297
1305,138
1769,365
1287,110
650,113
1310,149
29,916
12,838
26,906
1054,158
1609,325
555,197
116,1045
1162,103
935,33
1508,229
579,203
1441,164
1078,179
198,535
366,297
313,419
1125,124
1713,368
530,268
1521,199
569,210
649,106
1404,148
577,216
904,56
1077,155
1208,102
13,836
130,672
1143,110
259,476
539,260
1053,130
559,201
1042,149
910,157
1284,106
1749,378
170,560
1038,153
946,145
350,313
10,828
1577,314
1119,167
205,911
316,360
960,140
908,164
1118,101
1392,143
1782,412
75,723
279,453
581,197
1064,161
1212,105
76,787
222,529
1112,173
743,113
945,58
1117,164
14,829
823,57
969,140
951,100
827,58
1457,167
28,1001
108,1043
15,961
732,117
1231,93
756,115
1127,92
760,118
927,156
474,276
536,263
1585,316
974,89
1183,111
198,951
17,886
1781,400
1126,111
1092,171
25,951
926,111
1068,172
792,79
314,415
243,495
321,393
915,139
1747,382
1710,374
1508,266
181,990
1030,131
536,195
1253,90
425,260
208,916
1512,220
139,1042
1319,163
616,160
1114,163
1044,138
696,120
164,566
1215,99
635,125
1019,154
550,198
111,1044
1285,113
1503,164
1289,118
1512,265
1578,308
625,144
130,644
455,279
1731,366
24,814
1184,106
27,933
136,668
1497,149
472,276
80,1029
1758,343
549,249
922,45
1037,148
969,78
371,292
262,469
1511,178
349,357
23,996
941,33
1112,137
319,413
176,997
84,758
513,314
16,894
1743,372
71,792
42,1010
955,141
166,1012
1434,162
1535,286
1501,154
1505,223
202,936
59,801
189,978
423,256
560,202
137,623
229,497
319,371
822,78
309,425
916,135
1106,189
628,137
25,994
160,567
765,112
1769,404
25,915
930,150
159,568
74,788
1522,284
1267,99
1361,154
1159,107
721,123
1163,108
996,139
1510,261
906,159
321,405
911,162
915,167
1290,121
351,337
536,223
1115,117
928,153
1519,287
308,427
787,78
532,267
1656,335
317,419
1024,163
1557,263
1205,108
1726,390
1712,368
320,376
1774,402
526,216
30,1003
1692,385
271,455
668,121
1238,95
355,302
725,120
947,50
1104,159
809,53
1345,155
919,168
153,569
80,759
1110,133
1755,336
943,38
287,450
606,164
809,70
1089,158
10,869
24,953
1715,367
514,292
1696,384
81,713
23,810
373,289
231,903
1502,156
145,600
19,963
131,669
1492,146
1420,151
656,108
267,461
1586,290
390,277
1027,156
894,63
1784,407
1743,328
71,1020
510,292
594,171
813,75
119,1040
766,117
1121,90
346,352
1729,411
20,993
632,121
206,908
1127,100
1511,261
1059,156
1699,383
1060,163
1107,136
132,650
1011,140
1528,290
7,843
1372,147
88,1033
859,64
26,951
939,40
617,150
1280,108
929,114
1031,145
797,59
858,59
911,55
1082,155
1087,142
21,957
482,279
356,300
48,1013
636,116
1517,285
1579,302
1048,150
1252,94
518,270
702,123
181,552
200,927
57,1018
1080,150
363,294
199,948
1503,252
554,197
1507,249
83,743
1039,126
1460,161
1137,116
1464,164
329,363
165,1013
147,598
1109,134
1110,161
433,261
1520,203
115,679
350,322
758,79
1589,317
135,626
1308,156
232,905
31,941
1179,105
391,277
1563,271
1502,233
1088,173
1506,244
114,1040
499,290
282,452
1132,94
582,187
921,171
176,990
1574,284
1729,325
955,68
419,259
760,91
1094,192
1079,180
1083,177
826,74
20,901
1733,407
133,674
25,809
1723,385
241,491
755,81
132,622
438,271
1107,164
1272,101
1771,381
211,899
107,1038
507,296
859,63
1305,137
1643,327
29,915
12,839
1580,300
1522,292
26,907
911,154
1780,411
935,32
579,202
872,64
431,257
1485,146
1125,123
313,418
460,279
783,77
1521,198
1636,329
649,105
1276,104
1404,149
1777,405
1100,190
1671,331
900,62
904,57
1077,154
13,835
87,694
914,142
1143,105
259,479
947,106
288,445
1284,107
1288,110
1342,161
1402,148
1227,99
1086,170
41,804
350,318
576,191
352,351
10,829
136,624
818,84
912,145
966,100
1119,166
201,942
316,361
908,165
75,722
814,75
581,196
1064,162
1236,96
1514,270
1041,150
945,57
823,56
112,684
921,48
1607,320
28,1002
1026,149
15,960
803,52
736,113
1231,92
1127,95
225,508
760,119
358,304
638,120
1766,370
1183,110
745,118
85,765
1187,107
198,948
1762,397
440,268
167,1003
1519,183
1543,271
792,80
1476,154
321,392
12,875
200,539
915,138
1508,267
1035,141
1570,282
1680,326
216,529
380,284
181,989
1105,193
536,196
807,57
208,917
102,1037
1078,156
1243,95
1746,330
1750,386
1033,158
1215,98
631,123
635,124
491,292
550,199
274,450
402,271
577,187
1512,266
355,309
230,899
1612,325
341,362
1566,274
204,534
1647,333
1556,268
143,597
1783,413
10,846
27,932
136,669
1497,148
1758,340
191,974
909,143
549,248
1122,170
1032,158
1037,147
1763,399
142,1036
586,206
349,356
941,32
319,412
84,759
513,313
16,895
141,600
1046,141
1763,365
1093,174
1500,160
1022,164
1505,222
202,937
756,80
59,800
189,977
336,363
1772,372
137,622
944,106
319,370
964,101
917,169
628,138
25,993
893,58
1462,159
1103,155
238,497
940,141
546,244
930,151
215,899
74,789
1519,203
589,178
717,125
1522,285
1267,98
1728,400
977,144
523,268
1058,155
321,404
906,156
1737,326
398,272
73,783
1751,381
351,336
1512,170
959,145
754,85
1009,144
65,792
1115,116
928,154
1135,121
308,436
97,687
777,107
317,418
1114,132
565,204
1726,391
1712,369
497,294
9,834
320,377
526,217
302,441
1498,150
52,800
550,227
1584,315
1360,155
1507,220
1275,104
1530,295
1228,98
22,955
923,44
83,699
209,916
961,145
235,916
677,117
606,165
22,810
758,96
10,866
1014,158
376,286
970,80
1727,366
1730,414
24,954
81,703
620,144
514,293
199,535
1108,141
81,712
231,902
14,984
1502,157
19,962
1511,209
267,460
733,113
629,128
918,173
443,271
618,147
157,565
1784,408
510,293
1235,96
722,117
850,62
346,353
1729,410
20,994
632,122
206,909
1127,103
769,93
1467,162
627,129
132,651
121,1040
1539,278
203,534
1769,375
1528,291
7,842
122,682
542,197
1314,162
1686,330
1173,109
617,149
1280,109
929,113
623,139
1102,172
437,266
797,58
801,63
1304,146
1233,92
77,740
134,629
636,117
69,788
1517,284
1048,151
810,54
967,140
57,1017
156,1019
92,1029
79,749
83,742
1137,107
1779,388
1284,112
255,492
933,110
165,1012
1109,133
1110,166
819,75
433,260
1308,157
79,771
170,1005
1327,163
1493,151
232,906
31,940
842,59
1071,174
391,276
690,119
1563,270
1340,157
534,204
1088,174
330,358
1506,245
334,358
282,453
1132,95
1424,160
1306,140
1733,372
228,515
1296,121
1098,189
1540,276
141,608
567,210
185,976
419,258
59,1019
1198,112
760,92
1529,287
119,683
1040,126
194,542
140,600
20,902
534,264
1733,406
133,673
25,808
462,279
1723,384
1268,99
826,58
755,80
1272,102
132,623
1092,177
1510,224
1771,380
211,898
1443,169
507,299
1643,326
29,914
473,280
1049,147
1522,293
154,1024
1581,294
368,288
1087,173
313,417
962,78
1521,197
1091,183
1276,105
1114,124
1777,404
1333,158
1134,123
1100,191
434,262
772,98
1590,318
1204,109
1077,153
13,834
161,567
18,984
843,63
259,478
353,303
1147,109
335,363
1113,173
283,452
1042,147
288,446
1322,163
1288,111
667,122
1018,154
1227,98
147,1038
1086,171
1752,387
350,319
136,625
1701,374
912,146
128,673
201,941
36,1002
747,86
1099,189
1782,402
1340,161
75,725
581,195
1472,152
227,895
945,56
1041,149
112,685
955,99
884,59
921,55
817,70
20,811
1127,94
315,369
63,1015
1311,151
358,305
175,997
638,121
927,158
1301,141
1766,371
1583,283
561,202
85,764
964,145
198,949
1045,136
973,93
167,1002
1126,109
82,702
1150,103
1020,152
930,112
1600,320
1072,169
1732,325
314,413
189,543
1476,155
321,399
1532,291
1105,183
347,351
38,1004
1035,140
1456,167
216,530
750,83
1394,143
1509,174
208,918
1719,367
1078,157
1243,94
1746,331
1717,378
541,253
1232,92
1033,157
1081,137
35,805
1518,182
326,356
1008,139
1507,163
577,186
867,64
1076,148
1578,306
341,361
130,642
517,278
539,226
1294,118
1647,332
1556,269
1668,327
587,222
143,596
1783,412
10,847
27,935
136,670
1497,155
1516,209
245,495
852,57
1758,341
909,142
700,117
885,63
724,115
585,211
1763,398
11,841
111,680
537,257
1586,316
349,355
941,31
1131,89
543,255
907,147
84,752
1027,162
141,599
1763,364
276,450
1093,173
528,219
1500,161
189,976
1699,325
1772,373
137,621
944,107
229,511
140,608
452,274
822,76
1638,330
20,958
628,139
1583,319
1140,110
1103,154
1144,105
426,260
1510,168
546,245
1742,327
660,125
1728,401
1257,95
741,118
65,1021
906,157
925,111
1761,351
398,273
73,782
1751,380
351,339
1512,171
797,85
1101,167
1102,192
1115,119
928,155
1719,371
541,193
317,417
1114,133
749,94
1726,388
1337,162
9,833
320,378
1498,151
412,266
52,801
204,932
833,60
173,563
910,168
913,132
311,421
886,59
677,116
606,170
880,64
22,811
10,867
248,490
376,287
1691,379
182,557
620,145
514,290
932,21
1213,100
1108,142
62,794
1132,116
1559,273
72,790
14,985
1085,170
1767,402
918,51
1663,333
11,885
267,463
1354,157
733,112
737,117
1586,288
921,126
443,270
1666,328
157,564
20,892
510,298
742,113
1538,270
1188,107
632,123
1127,102
1511,263
1059,158
1709,328
755,119
1025,131
146,600
60,1014
495,289
774,94
263,479
798,80
1153,103
471,280
1747,331
1604,320
939,42
1461,161
1615,320
623,138
1102,173
437,265
797,57
159,1024
801,62
1082,153
1304,147
240,496
935,143
77,739
134,618
564,203
69,787
1517,283
1707,375
234,910
972,144
520,273
649,115
1716,382
1309,160
598,169
800,80
530,201
1004,144
1503,254
183,557
1214,103
92,1030
1507,251
79,748
83,745
529,263
1688,326
1284,113
933,109
611,159
866,64
1090,160
190,542
1389,148
32,936
583,221
1635,324
1446,165
1086,140
350,320
79,770
478,277
1308,158
139,617
1721,371
1355,157
1052,155
1071,169
1028,156
714,126
942,102
1424,161
582,185
586,180
1620,325
1306,141
19,993
371,286
723,117
1734,325
582,200
1061,165
1676,326
1733,371
1753,333
941,103
1296,122
193,967
1540,277
823,71
76,712
185,983
348,357
59,1018
119,682
1040,127
194,543
1117,127
140,601
533,222
1007,139
20,903
534,265
1733,405
1040,142
154,589
211,532
641,117
1103,173
71,1024
1714,322
1325,163
1092,178
1096,181
926,118
68,794
507,298
342,361
29,913
1049,146
26,905
1054,157
12,976
1761,391
1030,154
555,198
116,1040
153,1034
811,80
1343,161
579,204
378,279
1581,293
368,289
1087,172
313,416
1414,148
1713,373
777,81
530,267
1521,196
753,82
520,269
30,918
1100,184
1447,165
772,99
479,277
1076,177
1077,152
1080,180
13,833
914,140
1412,147
943,107
196,940
544,224
691,115
1170,108
1190,107
1752,388
350,316
1701,373
1575,284
912,147
128,674
201,940
36,1003
1095,187
505,294
1118,104
605,171
969,87
1782,403
75,724
98,687
1016,150
45,1012
279,454
581,194
1421,159
361,295
487,291
1212,100
992,143
1472,153
1514,268
227,894
1350,158
827,63
167,566
921,54
888,63
28,996
1631,328
732,112
1249,90
1022,142
109,1039
699,121
315,368
484,281
1301,140
1786,402
812,79
85,763
234,499
973,92
82,703
1020,153
802,68
930,113
1708,328
189,542
483,289
321,398
953,65
1698,325
1603,320
1509,173
208,919
1627,326
1719,366
777,77
541,252
1114,174
1717,377
635,126
195,945
1138,107
948,145
326,357
1518,183
148,1037
1507,162
574,207
1076,149
355,311
87,1032
1578,307
1104,182
130,643
517,277
919,129
1623,321
1113,136
1294,119
36,809
1180,106
27,934
1017,140
1516,210
909,60
1703,382
1119,119
587,174
828,76
316,408
909,141
162,1010
1122,168
53,1015
81,738
889,59
1458,166
1095,159
585,210
14,962
804,52
941,141
586,204
1155,107
1302,142
143,1035
537,256
1586,317
1696,325
319,414
1515,185
84,753
547,251
803,69
141,598
951,69
166,1003
1454,164
1093,172
1753,389
528,220
214,531
1083,138
508,308
1504,165
954,74
257,490
229,510
51,1010
140,609
968,98
253,488
1106,184
20,959
25,999
1510,222
1140,111
1718,322
1576,311
546,242
1499,152
1522,283
1728,402
318,414
906,154
929,107
1761,350
551,244
915,168
1105,146
351,338
1101,166
492,292
1115,118
229,515
1135,123
1519,280
787,83
78,1028
810,80
616,159
1722,325
1726,389
9,832
375,287
412,267
1081,164
355,339
1516,272
809,58
1749,334
539,193
1735,367
83,701
1759,357
657,126
809,75
1089,147
10,864
828,80
1587,317
1715,368
67,1022
980,139
514,291
932,22
1213,99
975,144
1132,117
1388,143
1559,272
72,791
1023,164
1085,169
1767,397
538,220
131,670
1511,211
11,884
267,462
453,279
1586,289
223,897
921,125
813,55
817,60
965,140
1027,129
1231,97
20,893
510,299
1767,371
1255,95
742,118
1538,271
1021,165
1127,97
1511,262
64,1016
85,706
1648,328
627,131
314,368
1025,130
1766,395
774,95
263,478
751,83
203,921
94,690
1732,414
1461,160
1338,157
623,149
437,264
1031,146
77,785
579,211
303,435
801,61
1082,166
108,681
1304,148
754,119
57,797
935,142
403,265
77,738
134,619
190,963
854,58
1356,152
234,911
520,274
1660,334
21,811
1115,195
1128,86
1608,320
598,174
1777,383
199,945
183,556
1507,250
187,553
79,751
83,744
359,303
621,152
970,144
1288,117
611,158
1090,161
1113,192
1611,321
544,197
1759,345
583,220
1028,127
1521,283
149,590
350,321
79,781
478,282
1697,376
139,616
1355,156
1691,326
1727,396
1179,106
1071,168
761,79
304,440
1785,400
1506,243
499,295
942,103
1283,105
19,992
165,566
723,116
84,698
1061,164
50,1014
1596,319
1279,107
988,144
1753,332
1094,180
1296,123
1022,147
1504,254
951,141
76,713
202,924
348,358
480,278
1117,126
1634,328
1083,178
826,73
1733,404
25,814
1040,143
641,116
1714,323
1092,179
1096,182
963,97
507,301
930,106
1532,281
670,120
925,165
751,119
1049,145
26,918
939,9
1054,130
12,977
1761,390
1030,155
1343,160
153,1033
192,545
431,258
1581,292
1713,372
1770,367
753,81
78,784
1114,122
1404,144
30,919
1100,185
806,52
772,108
900,57
1512,273
1076,178
1080,181
1208,106
13,832
30,806
400,267
18,982
914,141
79,707
923,121
196,941
819,56
1692,379
946,141
1170,109
1445,165
1066,170
1123,87
41,809
350,317
818,83
912,148
1725,366
549,193
1095,186
505,293
605,170
969,86
75,727
1108,199
1016,151
45,1011
279,449
581,193
1421,158
487,290
1084,184
1112,177
1131,127
1514,269
1350,159
343,355
827,62
167,561
614,154
28,997
1026,144
108,1039
803,57
1335,158
951,145
315,371
484,282
175,999
1301,139
1766,369
85,762
930,31
1762,392
1781,412
973,91
802,69
416,264
768,93
483,288
321,397
1120,167
34,810
73,784
953,64
1570,281
1334,158
1172,109
1105,198
208,904
265,471
764,117
140,1041
159,1015
1300,137
1750,385
541,251
164,562
130,638
195,944
1518,180
111,1040
148,1038
806,80
402,266
1076,150
355,310
1612,320
1578,304
1104,183
130,640
517,276
1033,125
919,128
1566,273
1623,320
192,969
1516,188
1393,143
36,810
933,36
292,444
1089,182
1109,187
411,262
1516,211
1119,118
472,280
1521,291
1525,299
828,77
387,273
1626,326
136,623
176,556
134,1038
909,140
162,1011
1725,370
1122,169
81,737
889,58
1720,366
1458,167
72,1020
14,963
1502,164
11,843
286,451
586,205
14,882
1302,143
537,263
918,132
1131,91
543,249
907,149
84,754
547,250
1515,184
931,27
951,68
1753,388
1097,168
1757,340
1225,99
766,93
1504,166
257,489
560,206
137,659
229,509
964,96
140,610
968,99
253,487
20,952
1036,140
25,998
647,109
816,55
745,87
1329,158
1510,223
1704,382
233,907
589,222
1432,161
294,442
774,112
1510,174
1314,157
1576,312
546,243
1534,288
1728,403
1159,103
318,415
247,495
906,155
1684,326
1116,128
1761,349
345,355
1105,145
1101,165
65,797
356,308
229,514
1135,122
588,207
787,82
773,107
763,83
1205,104
1333,163
1124,120
924,120
1077,174
800,54
13,823
1651,329
271,451
644,111
648,106
82,1030
1516,273
311,423
937,12
535,263
809,57
153,573
1749,333
83,700
1759,356
1542,266
1086,150
1089,146
10,865
1014,157
1752,381
514,288
932,23
1506,236
258,482
41,1010
956,141
5,855
1754,390
1132,118
509,317
1767,396
535,203
1511,210
951,59
202,534
223,896
921,124
813,54
1027,128
510,296
614,162
1315,157
1316,162
1021,164
94,1030
1127,96
95,1031
137,655
85,705
769,82
399,267
312,419
627,130
121,1045
1728,320
1011,144
7,839
122,681
1314,161
751,82
203,920
590,212
1710,323
925,113
69,1023
801,67
623,148
77,784
764,78
303,434
801,60
1746,382
1581,319
1488,146
77,737
1129,128
173,994
134,616
834,60
1494,152
948,52
682,120
810,53
1252,90
1111,129
1024,131
1115,194
1608,321
1015,157
598,175
377,281
1777,382
1295,127
914,166
259,487
79,750
83,747
359,302
621,151
910,138
805,80
1288,118
937,104
1110,165
1113,199
190,540
1759,344
1521,282
149,589
919,57
1697,383
139,619
31,937
653,126
956,145
282,448
23,955
1514,278
84,699
214,894
582,206
15,891
90,696
1753,339
1504,255
76,714
419,263
480,279
1538,272
360,301
1117,125
917,125
1733,403
25,813
1040,128
944,53
1781,391
1211,105
826,57
755,85
1771,369
1439,169
963,96
177,555
507,300
930,107
172,1002
925,164
1532,282
1580,296
1049,144
26,919
939,8
1054,131
12,978
603,167
1508,226
192,546
1078,180
1067,165
1581,291
21,989
460,275
78,742
209,533
962,77
820,83
948,8
645,104
1569,276
612,157
1091,184
1114,123
924,49
1777,393
434,261
201,534
904,61
1512,274
1204,104
1208,107
30,807
218,527
18,983
1053,157
79,706
1113,178
196,942
880,59
1089,169
667,127
1402,144
10,854
1307,143
409,268
912,149
808,70
1051,130
600,168
653,98
1095,181
1099,190
969,85
1782,401
75,726
1108,192
262,482
814,79
581,192
586,214
23,991
1112,178
54,1011
955,100
1401,148
614,155
1026,145
736,117
315,370
484,283
927,155
175,998
1709,381
1786,400
1254,90
1055,159
1183,106
561,207
85,761
1187,111
983,144
198,936
604,171
1781,411
1687,330
223,527
1130,111
82,701
1514,206
1281,103
416,265
949,145
792,84
1732,320
461,279
321,396
953,71
1035,129
1512,178
206,533
1176,105
1030,132
208,905
764,118
1300,138
159,1014
1746,326
152,576
354,302
1262,92
749,119
130,639
1033,130
1547,264
1019,145
1081,142
195,947
1518,181
1726,382
1507,164
1641,326
577,191
1076,151
355,313
1612,321
1578,305
1104,168
130,641
455,274
957,76
192,970
264,455
1516,189
933,35
1089,181
1109,186
1184,111
1521,290
936,104
1525,298
828,78
176,557
134,1039
1577,281
1778,394
109,685
1032,130
663,124
81,736
922,54
770,98
183,987
131,676
262,462
1293,118
1511,169
11,842
142,1040
475,281
537,262
1131,90
907,148
1515,187
84,755
931,26
71,791
1552,262
6,850
1221,101
1757,339
1504,167
1127,127
940,107
560,207
137,658
229,508
140,611
1638,329
647,108
651,105
233,906
930,32
1396,147
920,118
25,918
1510,175
1576,313
1534,289
640,117
1728,404
717,121
664,123
906,152
247,494
1116,129
911,169
345,354
1105,144
1034,156
207,908
427,260
1442,169
750,114
754,81
83,771
65,796
356,309
229,513
773,106
541,222
1333,162
195,542
1124,121
1712,373
776,81
924,121
1077,173
1774,407
13,822
30,1004
195,943
412,261
531,201
910,60
271,450
644,104
81,1024
648,107
355,341
853,62
135,1043
1516,274
161,1020
311,422
919,167
153,572
1227,94
1542,267
606,169
1764,399
1086,151
1089,145
1527,291
943,146
552,229
1691,380
1752,382
529,203
514,289
1506,237
41,1009
1644,331
5,854
62,793
1132,119
585,204
145,595
535,202
339,357
1354,152
1666,327
1562,276
71,1019
510,297
813,70
1760,389
1079,175
533,199
94,1031
1729,414
1127,99
137,654
85,704
641,110
312,420
1107,143
1278,100
146,599
1675,330
7,838
835,65
1409,146
1173,105
533,266
1747,332
79,1028
925,112
801,66
1031,140
764,79
1082,164
1581,318
1087,181
77,736
1695,330
173,993
134,617
834,61
962,102
1494,153
948,53
234,909
1618,325
702,124
1024,132
1115,197
776,77
1716,377
1015,156
377,280
654,114
1740,327
914,167
199,947
1503,251
1507,252
578,216
83,746
359,297
947,21
910,139
1038,135
190,541
819,79
1426,157
1635,329
752,90
1521,281
1086,179
956,76
79,783
1493,147
139,618
31,936
912,170
415,265
936,32
444,271
391,272
653,125
690,115
619,155
818,60
1706,375
895,62
41,1005
582,188
586,179
1620,320
719,125
23,954
1202,105
1514,279
84,708
582,207
1226,99
15,890
90,697
42,804
76,715
202,922
98,1039
954,145
315,361
760,96
194,538
360,302
917,124
556,204
1733,402
1040,129
580,218
944,54
211,537
1781,390
1107,171
1092,189
1439,168
926,117
507,303
768,115
1305,140
172,1003
835,61
925,163
1532,283
1580,297
1139,107
1267,94
1049,151
94,684
1558,272
12,979
603,166
1102,140
1010,156
1508,227
186,554
764,83
1067,164
1006,144
1581,290
21,988
61,799
78,743
530,262
612,158
1114,120
924,50
1777,392
1722,379
30,917
1671,326
200,928
577,210
479,278
138,1038
1512,275
1167,103
1483,146
914,139
40,804
1053,156
79,717
1365,154
923,123
196,943
1089,168
1109,165
667,126
10,855
687,115
157,1028
1018,166
490,287
1307,142
634,118
923,153
456,274
516,280
771,93
316,358
600,169
653,97
1095,180
250,494
219,533
1088,142
184,976
205,538
98,682
262,483
33,1001
1064,167
1175,109
1216,98
23,990
463,279
157,584
547,192
1022,141
699,122
59,795
189,968
225,503
315,373
1681,330
1786,401
1055,158
688,120
198,937
290,444
440,273
1020,148
802,67
1543,266
1600,324
321,387
626,142
73,790
1674,326
26,1000
1512,179
206,538
962,140
602,167
216,534
1101,191
821,71
1603,325
807,52
536,201
186,974
208,906
1536,282
1300,139
844,63
152,577
354,303
1114,173
1717,326
545,254
1044,144
749,118
130,636
1033,129
195,946
148,1032
1289,120
577,190
149,1037
1076,144
355,312
230,900
1104,169
130,670
1566,279
919,130
1109,200
192,971
264,456
1647,328
502,296
1516,190
123,677
1783,408
1017,145
362,294
1525,297
828,79
133,1039
245,491
27,808
1515,271
1577,280
1778,395
162,1009
549,227
885,59
942,50
1559,265
1320,158
14,961
1023,141
1748,326
183,986
538,199
23,909
262,463
1293,117
1511,168
11,845
709,126
142,1041
1155,108
14,880
1302,141
319,411
907,151
1515,186
547,252
803,70
16,884
931,29
1046,134
951,70
510,306
1619,320
1221,100
1757,338
1083,143
954,73
150,594
1699,329
84,1030
137,657
229,507
1533,291
51,1015
1467,157
1106,183
1583,315
1359,155
132,668
1513,207
266,454
930,33
1140,106
1144,109
920,119
25,917
869,60
1718,321
1576,314
640,118
1728,405
589,173
717,120
977,139
906,153
212,896
1116,130
911,168
949,101
551,241
915,173
807,75
1286,108
1034,157
1102,196
221,895
1009,139
1010,164
1513,267
229,512
773,105
541,221
1124,122
957,141
1440,169
1313,157
800,72
13,821
412,262
1100,195
531,200
550,228
644,105
1366,154
355,340
1479,153
161,1011
22,956
539,194
919,166
886,63
1039,145
1089,144
22,815
248,494
1374,147
552,230
405,270
80,779
529,202
767,78
1502,247
1506,234
258,480
5,853
1455,167
62,798
254,486
145,594
535,197
11,873
988,143
1729,371
310,423
1330,158
543,223
618,156
180,983
1784,413
382,277
510,302
104,681
1760,390
1079,174
1121,92
533,198
1729,413
1127,98
137,653
524,271
816,70
1723,379
641,109
312,421
1107,142
1197,112
1513,171
1278,101
17,816
774,82
1310,160
1409,145
1173,104
533,265
94,689
220,532
1031,126
801,65
1780,397
579,212
1078,174
506,296
1082,165
915,54
754,114
57,802
1087,180
403,266
1509,226
190,966
1370,152
854,57
948,54
1768,363
972,140
1660,329
773,77
1451,169
649,119
1111,131
763,113
47,808
1115,196
13,968
957,145
1295,121
654,115
126,674
199,946
187,554
406,264
578,217
83,749
359,296
947,20
1779,395
1688,330
255,491
933,105
1090,188
80,713
1110,187
1544,265
1635,328
1032,125
79,782
1013,140
1493,146
31,939
468,279
912,171
1727,393
653,124
619,154
767,98
714,122
383,277
1142,106
1270,95
1730,366
334,363
965,75
1283,106
719,124
922,158
723,121
1259,91
1574,278
1292,123
1505,168
202,923
119,678
580,180
746,92
1083,183
16,971
950,66
533,218
917,123
940,44
1040,130
580,219
944,55
211,536
1781,389
1107,170
1325,159
1714,382
613,157
1092,190
1771,371
1677,330
507,302
768,116
145,1035
1732,366
172,996
925,162
997,143
1580,298
1139,106
94,685
74,1026
1741,377
12,972
1102,141
720,123
1010,157
186,555
740,118
43,1006
811,84
744,113
1078,138
1581,289
21,987
78,740
320,408
178,986
530,263
753,86
1114,121
924,51
191,540
1134,124
1726,320
200,929
1417,150
577,209
18,981
1602,325
331,358
923,122
1042,140
1089,175
1109,164
1237,95
10,852
157,1027
544,228
691,119
1170,104
213,903
1190,111
1066,169
1123,88
1086,172
634,119
1758,354
966,94
1119,172
128,678
316,359
908,163
1320,163
969,91
219,532
1782,407
1088,143
184,977
538,224
1108,194
581,206
33,1000
1064,168
586,212
76,778
1472,157
157,583
1739,369
1097,177
1249,94
864,60
98,1040
189,967
315,372
998,139
358,298
175,992
1786,414
812,75
1055,153
389,278
775,81
1120,92
604,165
1762,391
290,445
440,274
25,952
1718,378
1150,104
1514,204
1600,325
1068,171
1196,112
1072,174
1510,272
321,386
626,143
73,789
1105,170
935,109
1710,377
1570,276
1512,180
216,535
1172,104
252,493
536,202
169,999
901,62
1536,283
1371,152
140,1036
152,578
545,253
655,112
1044,145
877,64
753,114
130,637
114,684
1736,321
967,83
577,189
149,1036
355,315
230,901
527,219
985,144
130,671
192,972
264,457
502,297
1516,191
123,676
1520,186
1668,332
909,56
362,295
1764,356
387,274
316,404
245,490
1515,270
549,226
53,1011
553,231
828,63
757,79
922,52
724,120
889,63
1458,162
1559,264
639,111
1023,140
1748,327
11,844
175,561
713,122
1653,334
325,356
14,881
1131,92
319,410
543,250
84,765
907,150
451,274
16,885
931,28
1046,135
71,785
510,307
168,560
6,848
1454,168
214,535
1083,142
508,304
150,595
84,1031
137,656
229,506
1477,154
51,1014
1533,290
309,434
1467,156
1583,314
132,669
1790,410
1513,206
651,107
290,449
916,125
1144,110
920,120
25,916
1718,326
1775,403
485,290
1742,328
930,145
640,119
1728,406
741,113
212,897
1286,109
831,64
797,80
962,145
730,117
1082,142
1102,197
492,288
221,894
1765,395
1010,165
1508,164
83,773
1513,266
308,434
1722,321
178,994
1124,123
957,140
961,73
1313,156
800,73
375,283
644,106
1271,101
204,929
78,1022
173,558
192,953
82,1029
355,343
1479,152
22,957
39,1009
630,134
1345,156
1694,325
27,1001
1039,144
563,203
1776,408
1764,393
681,116
1014,144
552,231
201,927
538,262
1715,372
405,269
80,780
1169,104
553,195
1506,235
258,481
5,852
1679,326
62,799
1754,389
254,487
535,196
918,52
23,912
1663,328
11,872
656,99
1729,370
618,157
219,890
382,282
510,303
614,161
1501,247
1729,412
137,652
64,1020
779,77
1352,153
1248,90
641,108
1709,323
428,260
1278,106
17,823
1708,381
1769,377
798,85
1576,279
566,209
617,159
801,64
1780,398
38,809
212,532
1263,97
911,60
1746,381
1509,225
356,299
564,208
854,62
1370,153
1768,364
649,118
759,119
1111,130
49,802
448,273
928,43
13,967
1242,95
1029,155
377,286
654,112
800,85
1295,120
126,675
914,165
1157,103
183,552
1214,104
1731,414
1503,229
259,488
79,747
406,265
1588,317
83,748
1346,160
981,139
910,137
1090,189
80,714
210,537
1611,325
1389,143
583,216
1544,266
1032,126
115,684
1308,155
191,959
31,938
552,195
1727,392
1179,110
761,83
653,123
912,59
1122,108
1782,392
534,198
383,276
1108,175
558,200
942,107
1387,144
582,178
965,74
1003,139
1444,169
1084,144
1596,324
1748,383
1306,150
165,562
921,172
922,159
23,948
1574,279
214,893
50,1010
1061,160
1047,141
1292,116
337,358
1700,329
1026,136
16,957
1022,151
315,363
1529,289
137,607
580,181
584,176
1634,324
1083,182
16,972
950,67
533,217
789,79
1658,334
261,486
1040,131
944,40
779,105
1103,168
613,156
1771,370
963,101
144,1035
103,686
896,58
145,1034
916,53
1732,367
1606,320
670,124
727,117
1580,299
1049,149
459,275
1771,400
1741,376
12,973
1030,159
1323,163
720,124
1182,106
744,114
1078,139
1581,288
368,294
313,427
830,64
78,741
320,409
1115,178
178,987
1091,189
759,91
1111,166
1134,125
201,539
200,930
574,212
1417,149
207,533
1309,159
400,271
1412,152
22,906
79,719
1042,141
819,60
876,59
658,130
1745,330
435,263
1089,174
540,226
10,853
500,295
157,1026
544,229
1223,95
923,155
818,79
946,24
1758,355
966,95
128,679
680,116
273,450
227,903
1099,179
969,90
1730,371
420,262
75,715
184,978
538,225
262,481
45,1007
1016,155
581,205
586,213
76,779
1472,158
315,425
157,582
1702,324
1093,179
1097,176
799,56
1504,158
20,817
189,966
769,110
133,655
1055,152
389,277
836,66
285,452
1120,93
604,166
56,1012
1103,140
223,520
117,1045
1514,205
93,1036
1429,164
1072,175
321,385
34,806
949,15
1105,169
203,933
1570,277
1689,385
380,283
186,972
901,61
1536,284
1591,318
764,113
1427,157
140,1037
129,1040
401,267
1746,325
1693,330
152,579
1044,146
1266,94
1450,169
130,634
592,177
1547,269
635,117
967,82
1726,381
806,84
1641,331
577,188
298,439
355,314
1578,316
18,822
445,277
1520,187
540,198
1038,125
1497,157
909,55
1703,373
1764,357
316,405
946,60
1778,393
148,590
922,53
724,121
942,48
1260,91
653,131
432,265
1541,268
1669,327
23,911
262,461
1511,170
28,807
784,77
235,493
325,355
1302,131
1515,188
84,766
1117,128
16,886
931,31
291,444
510,304
168,561
166,1004
6,849
508,305
756,95
1772,371
137,663
229,505
1477,153
1533,289
309,433
651,106
745,91
512,276
916,126
902,57
1775,402
1206,107
485,289
1499,159
1728,407
1475,150
911,170
345,359
551,243
935,16
650,128
1442,164
1765,394
1508,165
83,772
1744,379
986,139
308,435
777,108
1557,271
178,995
1436,168
375,282
1651,333
1271,100
81,1029
204,930
78,1023
192,954
355,342
535,259
1694,330
39,1008
630,135
27,1000
1776,409
1764,394
1086,154
1014,145
762,118
201,926
80,781
980,144
620,143
1506,232
5,851
33,806
1724,366
804,85
328,358
1023,163
1283,112
918,53
131,645
1012,144
188,978
1610,325
652,97
11,875
339,358
267,453
656,100
453,274
629,137
817,55
1562,275
510,300
8,834
850,57
685,120
1255,90
870,60
1021,160
1762,362
1501,246
950,100
1505,243
632,129
1130,128
1040,152
64,1021
1648,333
698,116
1126,92
428,261
1278,107
17,822
1708,382
146,594
1766,396
1769,376
835,66
1576,280
929,153
17,967
751,94
1710,327
116,679
617,158
69,1019
1780,399
825,73
413,266
1488,150
1713,323
1509,224
190,964
1115,169
1618,320
1768,365
938,10
649,117
924,41
1115,198
928,44
13,966
1608,325
1740,322
654,113
1503,228
83,751
947,22
1779,397
937,108
80,715
1776,389
1725,325
76,1026
771,98
1727,395
1344,160
77,1027
1630,322
653,122
619,156
162,567
1782,393
558,201
814,55
582,179
1724,370
1084,145
1306,151
165,561
922,156
1047,140
1292,117
1772,405
122,1045
945,102
799,71
1540,275
548,197
16,958
202,921
98,1034
315,362
1529,288
137,606
580,182
194,537
395,274
16,973
534,259
37,809
385,280
1127,128
261,485
775,111
1040,132
944,41
779,104
1466,162
1092,184
1096,187
1514,214
1738,374
211,907
103,681
802,58
570,206
916,54
224,526
670,125
1224,95
751,114
1049,148
12,974
1765,369
1010,155
1162,108
431,265
948,101
1581,287
368,295
78,746
1717,367
320,410
962,73
948,20
215,535
1111,161
601,168
30,920
574,213
577,215
776,108
1309,158
138,1037
30,811
1483,151
1104,192
22,907
79,718
658,131
1745,329
435,262
607,164
10,850
1018,165
630,126
1754,344
923,154
1701,383
999,143
1119,174
1123,171
771,94
227,902
250,493
1099,178
179,555
605,165
969,89
609,162
420,263
1016,156
1421,153
33,1006
315,424
1041,142
157,581
1515,211
547,197
921,56
548,249
860,59
1504,159
20,818
59,796
315,374
63,1020
154,568
1709,377
1486,146
684,120
285,451
1120,94
1687,326
608,162
973,86
1092,156
768,82
93,1035
1068,165
1728,396
275,450
461,275
1572,277
321,384
949,14
626,141
203,932
1035,133
1751,337
1405,149
1152,103
488,286
1689,384
750,90
1176,109
186,973
1418,150
1509,215
139,1037
265,474
1135,109
401,266
844,58
61,800
78,710
152,580
1114,168
1262,96
1518,206
289,445
881,59
130,635
1547,268
1019,149
35,810
967,77
806,85
644,112
772,77
1641,330
1076,147
355,317
913,145
625,143
1755,335
445,276
1520,188
587,215
1783,405
762,83
1017,150
1497,156
1516,200
196,541
1703,372
1727,370
936,108
316,406
27,813
1478,148
1351,158
1577,285
109,681
148,591
704,119
1037,139
1773,385
942,49
1720,371
653,130
432,266
585,212
1541,267
1559,266
14,964
538,194
1734,372
23,910
11,846
239,492
543,228
1097,194
84,767
547,225
15,959
931,30
803,75
1619,325
510,305
827,81
166,1005
508,306
940,103
84,1025
137,662
822,71
916,136
1790,408
651,109
745,90
266,453
512,277
217,529
418,264
1432,166
294,447
1665,328
1499,158
1163,103
247,490
164,1006
551,242
1034,152
650,129
1442,165
1087,157
151,593
43,808
83,775
542,258
1756,348
928,146
1744,380
1579,317
1048,131
1557,270
1498,158
530,220
1614,320
204,931
192,955
355,345
1366,153
947,61
58,796
535,258
1749,328
539,199
1331,163
1039,146
1759,355
1086,155
232,918
201,925
193,545
1502,250
1506,233
81,704
1644,327
5,850
1136,118
1085,163
865,64
993,139
131,644
477,282
188,979
11,874
267,452
656,101
1468,156
629,136
1026,162
1027,135
20,891
510,301
1767,361
1397,147
8,835
766,98
1762,363
1501,245
950,101
1505,242
954,104
846,58
632,130
1723,380
1106,150
1201,106
1728,325
150,1035
774,81
1073,176
1291,121
1528,299
929,152
17,966
1409,150
1035,124
617,157
69,1018
1558,264
911,137
623,147
825,72
1102,180
579,217
303,441
915,59
1693,384
403,271
190,965
962,98
1115,168
1517,276
1579,281
296,440
1470,154
1642,331
649,116
924,42
13,965
125,1045
1584,320
1299,127
1194,107
554,202
83,750
213,895
1779,396
1109,141
80,716
1776,390
819,83
89,690
752,94
135,613
1778,383
76,1027
1727,394
1630,323
653,121
818,56
1706,371
767,111
714,121
895,58
1028,155
1088,166
1142,105
19,889
1122,106
558,206
11,825
410,262
1084,146
1283,111
1748,377
922,157
723,122
1222,96
1468,160
131,625
1753,342
1772,406
1094,174
504,307
548,198
16,959
185,984
98,1035
315,365
137,605
746,91
16,974
1007,144
1733,414
261,484
775,110
1040,133
944,42
1059,163
983,139
1207,107
1107,175
1714,381
1092,185
1096,188
1514,215
546,197
802,59
879,59
113,680
224,527
727,119
731,112
1139,111
1357,156
74,1025
1054,132
12,975
488,291
1765,368
740,113
154,1032
599,174
378,286
431,264
1390,143
61,795
78,747
1744,324
1707,328
592,215
30,921
204,916
776,109
1417,155
1759,389
531,261
1104,193
678,116
1602,320
153,591
445,271
1042,139
1090,159
10,851
1425,162
1701,382
1758,353
946,22
808,75
1123,170
227,905
600,173
1095,176
179,554
969,88
609,161
75,717
205,534
1421,152
1758,387
33,1005
1175,105
463,275
157,580
1041,141
1739,370
510,282
864,64
614,156
1097,182
28,995
548,250
508,303
1127,86
1382,145
154,569
836,61
358,297
968,77
1523,285
132,676
1254,95
812,70
261,472
1514,184
29,812
1120,95
1045,144
608,163
973,85
593,177
542,250
1020,144
1742,371
640,110
768,83
1728,397
1068,166
299,443
1572,278
321,391
177,987
949,13
203,935
1035,132
1751,336
228,498
252,488
1176,110
1695,377
1509,214
905,56
1513,275
265,473
1135,108
824,72
773,113
226,894
152,581
1717,322
1262,97
820,60
749,114
1518,207
753,119
716,125
130,632
1091,155
1256,90
961,98
1019,148
967,76
491,287
644,113
1507,171
355,316
913,144
1104,173
18,820
1788,415
957,71
961,140
1755,334
1294,126
1520,189
587,214
1764,400
143,604
1783,404
809,80
1697,329
136,646
1017,149
139,601
1516,201
196,542
936,109
828,75
387,279
316,407
27,812
1478,149
156,584
946,58
1351,153
109,680
663,123
828,58
1274,102
1037,138
1773,384
231,917
538,195
99,1035
188,968
210,912
100,1036
709,122
175,562
676,117
1672,326
143,1040
1097,193
84,760
965,145
803,74
107,681
71,786
827,80
441,269
1221,96
508,307
257,483
84,1026
137,661
584,202
647,107
1790,409
651,108
745,89
926,38
233,909
217,528
512,278
1480,147
220,524
845,63
333,363
929,108
164,1007
1105,139
207,907
730,112
750,119
1087,156
354,348
83,774
65,791
1756,349
928,147
1579,316
1048,132
1519,289
237,497
1567,279
425,255
1557,269
178,993
134,672
1774,408
530,221
1275,99
192,956
355,344
82,1024
135,1038
672,118
231,501
853,57
947,60
1670,326
1578,286
58,797
1568,280
539,198
630,133
943,40
1086,152
224,508
1014,151
232,919
1374,151
201,924
538,261
1715,377
193,544
233,499
1502,251
81,711
1455,163
1754,384
1136,119
1085,162
76,1022
131,647
477,281
656,102
988,139
1696,376
28,948
1154,108
1027,134
1690,330
219,895
76,732
8,836
689,115
1629,327
1245,94
197,940
1501,244
1505,241
1362,154
632,131
95,1037
524,267
916,173
1106,151
1234,96
557,205
1201,105
146,592
1395,143
56,797
751,88
590,222
1280,102
1633,328
177,995
911,136
1102,181
1031,139
77,778
356,327
303,440
801,54
952,70
915,58
1581,313
1746,376
403,270
1517,275
269,457
1356,151
296,441
631,133
887,63
924,43
49,807
1242,90
13,964
1716,326
1077,140
1080,160
1299,126
1503,230
554,203
213,894
910,140
933,21
1109,140
80,717
210,532
1038,136
1776,391
1554,267
32,928
89,689
752,95
490,292
1086,180
135,612
1422,154
1721,379
468,275
808,80
1123,177
1203,105
391,271
653,120
233,495
514,286
1122,107
534,197
1088,167
1142,110
410,263
581,214
871,60
1317,162
804,75
1748,378
719,120
686,115
1259,95
525,271
50,1009
1468,161
131,624
1753,341
1094,175
504,308
1098,162
1026,135
315,364
1296,129
16,975
1733,413
944,43
1059,162
765,93
1103,181
661,130
223,529
1677,326
1126,126
963,102
211,909
145,1039
224,512
997,139
727,118
1580,294
1357,155
521,273
811,59
1035,155
1771,405
1560,266
12,968
622,139
1030,146
1158,103
154,1033
599,169
344,355
972,93
61,794
78,744
1509,258
924,152
759,84
1019,139
144,601
772,107
204,917
776,110
61,1020
1417,154
1759,388
13,889
913,171
40,809
1053,151
153,590
1694,384
1109,160
1237,91
540,253
500,290
10,848
544,248
856,58
1425,161
583,185
572,206
630,124
297,440
923,156
818,74
946,23
966,82
456,279
273,455
573,212
757,119
227,904
600,174
639,119
75,716
205,533
1622,320
262,484
89,1028
1084,183
1216,103
157,579
945,55
1515,213
1282,110
510,283
6,872
150,587
998,143
1060,158
584,175
968,78
1585,297
1766,360
775,77
1055,133
29,811
765,97
973,84
593,176
155,1021
542,251
1150,108
1718,382
546,230
1020,145
640,111
1519,185
1728,398
321,390
34,805
949,12
551,200
953,73
203,934
1105,174
1710,381
521,269
959,103
228,499
1101,186
380,278
750,88
1030,126
21,906
265,472
393,275
1632,328
1427,158
289,450
773,112
78,708
152,582
820,61
1266,93
716,126
130,633
114,680
1091,154
1256,91
1384,144
1736,325
635,118
806,75
1507,170
149,1032
796,85
355,319
1578,315
1104,174
18,821
457,275
957,70
1294,127
1520,190
292,443
540,193
10,884
136,647
32,1000
1521,292
387,278
316,400
1626,321
528,264
156,585
946,59
1099,195
553,235
511,279
1274,103
1037,137
1773,383
231,916
1724,325
1706,328
188,969
210,913
709,121
50,806
713,126
1653,330
235,494
84,761
451,278
441,268
651,129
931,145
1501,239
257,482
756,90
224,891
137,660
584,203
37,1007
132,665
537,219
1036,139
1510,214
745,88
963,145
926,39
86,704
233,908
142,598
1480,148
1210,101
220,525
845,62
351,309
1129,115
1475,155
321,354
1105,138
807,70
1034,134
1548,268
207,906
1082,138
74,1021
221,890
1756,350
356,307
393,271
35,1002
1519,288
503,301
293,447
961,77
134,673
320,371
928,114
48,802
782,77
1651,334
531,207
1008,160
1275,98
192,957
82,1025
672,119
1479,148
1670,327
829,63
890,63
364,298
681,120
1251,90
224,509
1379,145
1086,153
232,920
24,900
791,84
405,265
80,768
1169,108
908,144
1028,161
1502,248
442,270
1553,262
804,80
1085,161
110,1039
131,646
85,1031
656,103
90,687
1696,377
513,275
219,894
76,733
1433,162
1767,363
8,837
104,686
1002,139
1762,361
197,939
1501,243
1523,295
1505,240
206,923
978,144
281,448
1352,157
1248,94
698,115
399,272
627,139
1197,107
1106,148
557,204
1708,377
146,593
1291,123
56,798
471,275
1280,103
1102,186
1031,138
77,777
26,813
801,53
952,71
1581,312
1494,147
69,794
820,70
269,456
948,51
1517,274
938,9
830,59
631,132
706,125
448,277
503,305
1551,262
1716,327
1077,139
1080,161
654,116
126,679
187,545
406,269
578,210
83,752
66,1022
1062,160
933,20
1110,188
210,533
1038,137
1113,200
1018,140
374,288
196,960
32,929
1544,270
135,615
136,607
1721,378
205,927
24,992
573,207
1199,111
1203,104
619,145
233,494
653,119
162,562
514,287
219,527
1028,133
534,218
1122,104
19,891
1108,171
1387,148
11,827
581,213
1596,320
1491,146
84,706
1564,277
1753,340
1772,400
122,1040
447,277
504,309
1098,163
548,192
59,1013
1296,130
968,83
1410,150
826,81
20,904
917,134
1658,330
1733,412
133,663
1463,159
661,129
755,90
223,528
1126,127
1130,114
1514,213
1738,373
211,908
144,1039
177,556
270,451
802,57
896,62
1305,150
646,110
224,513
357,299
727,113
1580,295
949,55
1049,153
459,279
811,58
872,60
527,270
929,43
12,969
1560,267
1102,150
1030,147
811,75
1182,110
579,183
744,118
47,1013
972,94
1509,257
78,745
317,399
407,269
924,153
1774,375
1091,161
1276,99
191,539
1019,138
601,173
144,602
1726,325
204,918
61,1019
230,914
13,888
218,534
1053,150
1725,388
913,59
540,254
500,291
10,849
544,249
583,184
630,125
1515,281
818,75
1575,279
1119,171
680,120
1505,259
1051,155
573,211
316,380
84,768
340,362
1099,183
1023,151
609,167
75,719
420,258
1678,326
1131,119
157,578
1515,212
803,80
1282,111
131,623
6,873
1093,191
1330,163
695,119
1311,153
1533,281
1060,159
358,303
305,433
769,98
474,280
1523,287
1585,296
1766,361
1709,374
1055,132
389,273
973,83
1519,184
1429,160
1728,399
369,288
321,389
949,11
327,363
953,72
935,104
521,268
351,353
1035,134
1101,185
380,279
750,89
1030,127
21,905
901,57
159,1023
129,1044
289,449
401,271
1693,326
226,892
78,709
152,583
1474,156
763,79
105,681
1518,205
877,59
824,57
436,263
130,630
1736,326
246,490
320,360
1774,386
1081,151
1750,379
1588,322
355,318
87,1027
457,274
1520,191
136,648
1017,155
139,603
1721,321
196,536
748,93
1422,160
552,240
932,148
1727,383
572,211
1473,152
1056,160
316,401
528,265
156,586
1099,194
553,234
1032,137
511,278
585,217
1023,139
861,60
1748,332
188,970
922,160
210,910
62,1015
50,807
14,890
1787,415
1515,176
510,308
441,275
168,565
188,552
428,255
1021,152
931,144
1501,238
756,91
224,892
336,358
137,667
769,78
132,666
647,101
1036,132
1790,415
651,110
217,534
381,283
418,263
1657,330
774,104
902,61
1537,282
1230,97
1361,150
220,526
351,308
1129,114
953,100
1034,135
351,325
1775,380
151,594
354,346
542,257
1756,351
393,270
88,690
234,912
1768,373
503,300
565,209
749,84
1685,326
1124,96
320,372
48,803
928,115
1498,157
1008,161
1360,150
1271,96
208,537
192,958
231,503
947,62
1104,139
22,950
39,1004
1166,103
224,510
1075,171
27,925
232,921
762,114
1496,148
1599,324
24,901
80,769
908,145
767,116
514,312
1502,249
5,863
965,81
1065,163
932,110
131,649
1610,321
339,362
349,349
1753,383
543,197
1174,105
76,734
1433,161
1767,362
8,838
903,61
766,97
197,938
1501,242
1523,294
846,57
1352,158
1106,149
664,128
1201,111
1513,173
85,698
963,140
768,110
493,293
590,173
369,287
1291,122
1576,284
46,803
17,955
751,90
347,352
976,144
1558,271
1338,162
532,221
77,776
579,218
911,59
1689,381
1581,311
1713,327
938,103
1770,368
962,97
69,793
178,560
820,71
1579,282
1507,263
1470,153
759,114
448,278
891,58
1722,366
503,304
1266,98
182,987
772,113
1080,162
654,117
1299,128
715,121
183,551
1161,103
22,995
1507,229
1731,389
578,211
621,143
933,19
1090,182
374,289
196,961
32,930
583,215
1520,199
1544,271
956,75
919,49
758,91
1308,144
135,614
1697,375
1725,321
552,200
205,926
24,993
573,206
979,139
304,433
653,118
31,806
818,55
1118,122
1028,134
219,526
1122,105
1706,382
19,890
918,122
558,205
814,59
11,826
1424,155
23,947
1165,108
465,275
84,707
582,198
1564,278
131,626
1772,401
1700,374
504,310
548,193
1022,152
591,173
1296,131
968,84
1121,114
950,68
1410,151
917,133
1733,411
133,662
940,42
1781,399
546,192
1305,149
224,514
404,270
650,98
1606,325
172,994
357,298
727,112
731,117
949,54
1049,152
1582,306
973,144
1751,329
959,77
527,265
929,42
12,970
1101,148
1560,268
1102,151
1741,371
55,804
260,476
579,182
47,1012
378,285
1005,144
952,100
1581,283
972,95
1509,256
317,398
407,268
783,81
215,531
1111,189
601,172
144,603
937,146
96,1032
833,65
1167,108
13,887
527,205
531,262
914,130
937,35
1053,149
815,70
1725,387
70,1019
75,787
611,165
1090,154
1014,162
104,1037
815,55
1018,161
687,120
158,1026
133,1044
1515,280
999,139
624,135
1505,258
1051,154
316,381
761,114
84,769
250,489
639,113
1541,275
179,559
609,166
936,146
75,718
99,1040
1526,299
361,301
586,222
1303,145
941,48
157,577
1739,375
927,109
1724,385
510,281
1093,190
193,953
63,1016
1311,152
1533,280
584,209
305,432
474,281
1523,286
1486,150
1055,135
389,272
160,568
56,1017
117,1040
1130,87
1775,389
1020,147
379,285
1728,384
275,454
314,416
299,444
321,388
949,10
164,1014
327,362
351,352
939,108
925,49
284,447
750,94
1765,401
21,904
151,585
1536,273
905,61
159,1022
1693,325
226,893
152,584
545,247
655,126
130,631
961,103
320,361
1774,387
1081,150
937,142
648,119
725,119
1265,98
1104,160
539,255
80,760
1110,138
445,272
502,291
184,550
10,882
136,649
1017,154
139,602
1516,196
196,537
90,1028
748,94
1119,121
552,241
932,149
1727,382
91,1033
39,809
919,121
316,402
156,587
1351,154
767,83
643,107
553,233
1032,138
231,918
585,216
861,59
1748,333
183,979
936,142
99,1036
171,1003
1326,159
210,911
54,804
1302,132
1269,95
367,295
1787,414
1743,379
112,1040
127,679
441,274
168,566
81,779
188,553
1164,108
1501,237
137,666
944,102
1106,174
132,667
1510,212
651,97
381,282
788,78
920,126
774,105
1510,167
1537,281
1665,332
1206,108
17,990
1428,158
721,118
351,311
935,15
351,324
1698,383
1125,86
354,347
958,71
1513,268
88,691
1768,374
810,70
773,82
503,303
565,208
749,83
1029,161
1755,385
320,373
924,113
1590,322
928,116
530,216
531,209
1008,162
1413,147
208,538
192,959
388,278
1133,126
984,139
231,502
1578,285
161,1012
1104,140
957,104
943,53
677,121
805,52
364,292
224,511
923,169
27,924
552,237
24,902
538,256
1776,380
908,146
909,167
1189,111
514,313
932,24
1435,163
5,862
965,80
1065,162
1084,138
509,308
328,363
932,111
993,143
131,648
582,219
16,824
110,680
349,348
1753,382
927,37
180,990
76,735
295,447
685,115
1500,152
197,937
1501,241
846,62
95,1038
694,114
312,428
916,168
627,141
1107,151
1106,146
1201,110
1513,172
944,145
85,697
768,111
493,292
590,178
1011,155
1576,285
1686,326
1580,317
1049,131
1710,328
220,531
590,221
939,39
225,899
116,684
318,416
911,149
949,66
532,222
1186,111
413,261
1581,310
1746,375
240,491
1770,369
958,99
138,620
397,273
293,448
810,58
1507,262
21,817
763,118
503,307
1336,158
1029,133
91,693
424,256
138,1042
106,686
1004,139
786,82
1503,227
735,117
863,64
79,753
467,275
1062,166
621,142
933,18
1469,160
1090,183
80,704
1554,262
104,1042
544,223
1735,325
32,931
105,1043
490,291
752,82
149,596
222,890
956,68
1308,145
135,609
1422,153
912,162
1725,320
552,201
1123,178
1630,327
304,434
619,147
653,117
1118,123
514,285
1122,102
1785,414
1088,186
918,123
1424,156
662,124
1222,100
582,199
14,819
1047,139
384,280
671,119
504,311
1026,130
1406,144
1505,161
591,172
1529,299
584,182
968,85
1121,113
534,260
537,224
385,275
917,132
133,661
1107,194
940,43
1733,410
68,1022
1207,103
1462,160
1103,182
1714,377
1130,112
1096,160
211,910
1020,136
1534,278
342,356
113,684
1305,148
224,515
650,99
172,995
1495,153
855,62
1582,307
1035,156
26,924
1741,370
929,41
12,971
622,142
1101,147
1102,148
129,673
958,140
102,1042
1581,282
317,397
948,17
215,530
971,144
1195,112
1111,188
120,1040
1100,179
96,1033
833,64
230,912
1171,104
1104,197
937,34
22,908
1053,148
79,725
923,115
1725,386
435,269
607,163
22,895
611,164
10,863
104,1038
31,999
213,896
876,64
1727,325
133,1043
956,104
297,445
634,126
966,81
549,247
1505,257
316,382
942,30
84,770
656,131
1099,169
639,112
1541,274
936,147
184,984
1012,166
1016,161
814,84
89,1033
361,300
15,817
1084,178
1303,144
941,47
157,576
1739,374
1702,382
1724,386
931,105
1121,179
510,286
193,952
1690,385
897,58
146,1038
1711,373
1382,149
1419,157
1533,279
584,210
1705,324
305,439
840,60
1583,303
1055,134
489,291
608,167
155,1022
1775,388
546,229
379,284
1519,186
1708,323
93,1030
1728,385
369,294
1200,106
1220,101
949,9
164,1015
327,357
1105,163
256,490
60,800
925,48
229,899
1405,144
821,79
1637,325
1765,400
169,1000
186,982
1536,274
1427,163
532,261
152,585
545,246
820,56
716,121
130,628
1033,137
114,679
242,496
961,102
320,362
934,147
648,120
796,80
1076,152
1265,97
1104,161
1124,172
539,254
80,761
1110,139
1039,133
1668,331
785,82
1156,103
862,64
184,551
809,84
421,262
10,883
120,677
136,650
762,92
1516,197
90,1029
1119,120
1764,355
919,120
316,403
526,266
643,106
148,596
553,232
1506,222
81,735
1274,98
1592,323
230,504
286,446
183,978
656,126
1302,133
1743,378
107,685
81,778
651,130
1168,104
124,680
417,264
1501,236
137,665
1106,175
522,268
1662,328
1510,213
1116,116
142,597
489,287
788,79
920,127
1537,280
1775,408
17,989
566,204
1428,159
130,1044
95,684
721,117
351,310
1751,387
155,587
1737,369
321,359
1105,143
935,14
207,919
351,327
669,126
673,123
1082,137
134,634
88,692
1579,304
35,1007
237,493
1768,375
1567,275
1789,415
834,65
503,302
1029,160
1755,384
320,374
924,114
1590,323
1081,177
1614,325
531,208
1194,112
1008,163
1275,103
1530,296
1133,125
1469,155
22,948
957,103
209,903
890,58
563,208
943,52
433,267
1039,153
218,895
364,293
862,60
1379,146
1086,156
923,168
27,927
552,238
1364,149
1776,381
908,147
875,64
909,166
514,310
932,25
1193,107
553,196
442,269
1435,162
5,861
1132,104
1136,107
965,95
477,277
16,825
515,273
349,347
927,36
180,991
1433,167
295,446
689,119
907,56
1117,111
1245,90
1481,147
1500,153
1705,371
1501,240
94,1036
1523,296
1362,150
206,926
281,453
312,429
916,169
627,140
1126,86
1234,92
1106,147
944,146
85,696
637,123
1704,324
1395,147
150,1036
1011,154
394,270
1580,318
1049,130
225,898
318,417
949,65
26,808
958,145
1441,169
212,531
240,492
190,974
138,621
948,62
1507,265
296,445
1470,159
21,816
649,127
706,120
887,59
125,1040
503,306
1029,132
1716,322
134,640
1015,151
1740,376
711,126
1318,162
1655,335
1507,231
187,546
739,113
79,752
1731,391
66,1021
196,956
805,70
18,888
80,705
795,80
1018,139
32,932
105,1042
583,209
947,141
1086,184
149,595
956,69
919,51
1308,146
540,260
1113,126
1754,334
139,613
1721,383
912,163
808,84
576,208
761,84
1203,109
118,683
1720,321
619,146
1028,128
1122,103
1785,413
1088,187
330,363
11,828
1303,143
662,125
1491,151
525,267
1050,154
384,281
1564,272
1292,115
1757,353
1406,145
429,263
1501,163
1505,160
223,895
59,1014
1529,298
584,183
1079,138
1121,112
1733,409
133,660
68,1023
1045,135
1207,102
197,541
755,95
1130,113
318,355
1096,161
1020,137
802,52
342,357
1534,279
646,109
224,516
160,1020
12,885
674,122
1357,151
449,274
1101,146
1229,93
1102,149
129,672
579,184
284,452
313,428
21,995
317,396
948,18
1091,162
1777,391
195,961
1545,265
18,954
971,96
230,913
527,207
469,275
1518,278
914,128
218,533
1104,198
937,33
22,909
1053,147
79,724
923,114
435,268
1089,167
1090,152
1109,172
1331,158
190,550
1792,412
856,62
31,998
105,1038
158,1024
1307,153
634,127
818,70
842,64
1505,256
1032,144
643,113
1640,325
757,115
316,383
1773,407
942,31
1095,175
84,771
1541,273
1506,170
184,985
790,83
1016,162
1667,327
1758,388
1084,179
941,46
945,43
1515,201
180,992
803,85
510,287
827,75
244,495
1098,194
1316,157
548,231
76,736
146,1039
202,935
348,349
699,117
225,526
1419,156
1311,154
305,438
1583,302
537,195
940,8
1513,218
29,807
873,59
86,696
1244,94
198,934
1011,165
1594,324
1742,372
369,293
17,897
949,8
164,1008
1105,162
256,491
1125,175
351,354
959,99
797,68
229,898
602,172
821,78
1768,397
169,1007
186,983
151,587
1536,275
1513,278
588,222
1474,155
1347,155
317,400
1114,178
545,245
105,686
659,125
130,629
1033,136
1712,323
1256,95
1403,144
1774,385
648,121
705,120
1104,162
457,279
1124,173
1788,404
80,762
283,447
1298,126
143,603
58,1013
610,166
1783,403
115,1040
120,678
136,651
540,221
1014,140
1516,198
1721,326
277,454
1473,157
1778,384
767,93
148,597
81,734
230,505
585,222
1724,321
171,1005
23,900
871,64
50,802
585,175
14,889
1672,331
1729,366
367,289
547,231
81,777
124,681
931,149
1501,235
63,798
137,664
484,289
37,1003
647,102
1662,329
1513,182
489,286
1728,383
1657,335
774,111
778,98
1480,152
566,205
845,58
1751,386
1129,119
333,358
1149,108
1737,368
212,905
345,360
55,1017
1343,156
351,326
669,125
1239,95
1775,377
673,122
693,119
938,142
1508,172
354,345
134,635
1719,326
237,492
1567,274
503,297
952,141
293,443
278,449
117,679
1716,367
1436,167
320,375
1077,179
1080,137
1081,176
530,214
782,81
363,299
531,211
18,898
1584,297
1530,297
578,202
1721,384
231,496
32,810
1469,154
22,949
539,221
829,59
209,902
1039,152
433,266
1617,320
1251,94
1398,147
758,114
1075,172
27,926
762,113
1119,95
552,239
1364,150
1776,382
909,165
514,311
932,26
5,860
1132,105
945,145
1136,108
841,64
932,105
86,1032
16,826
515,272
349,346
1791,412
180,984
1433,166
295,441
372,284
1629,322
1117,110
1500,154
533,205
94,1037
95,1032
964,79
1723,370
312,430
1107,153
557,200
637,122
107,1043
1025,158
17,815
1732,371
1073,170
357,307
929,146
56,802
1054,146
1633,323
1334,162
911,151
949,64
1780,406
825,82
356,332
134,615
190,975
1115,174
269,452
948,63
1636,324
1507,264
296,446
1770,398
649,126
759,79
706,121
830,63
1777,410
1024,158
928,35
891,63
91,695
1318,163
199,933
933,143
1507,230
1731,390
79,755
196,957
18,889
80,706
1110,176
32,933
583,208
1086,185
956,70
919,50
135,611
1113,125
1701,324
139,612
1422,159
468,280
912,164
1119,179
352,305
576,209
1199,107
1392,147
534,222
918,121
922,116
1084,168
1377,146
1269,100
1273,97
1491,150
1112,161
525,266
1353,153
582,197
1047,133
870,64
817,84
447,273
429,262
1757,352
1022,159
1501,162
1505,167
370,286
595,171
1529,297
228,896
1311,161
1315,162
1410,146
556,198
1733,408
133,659
580,204
197,540
1738,369
1020,138
802,53
270,455
1376,146
224,517
404,265
1476,149
160,1021
12,886
1751,330
26,922
1054,142
449,273
622,140
659,130
1101,145
1768,402
848,57
683,120
939,146
1512,208
378,280
344,360
21,994
995,139
1509,269
317,395
1591,323
948,19
783,82
1545,264
326,362
18,955
204,914
61,1015
227,499
527,206
251,489
531,267
914,129
937,32
1694,378
1053,146
79,727
1113,191
75,788
1090,153
1109,171
27,937
1792,413
1703,329
1445,169
158,1025
67,789
781,81
1616,320
1032,145
1640,326
1587,321
316,376
1773,406
1099,171
179,560
1023,147
184,986
1622,325
15,819
1303,146
1678,330
1112,189
1131,107
941,45
927,110
510,284
827,74
1625,321
1316,158
699,116
348,350
917,53
150,588
225,525
1709,370
1513,217
1628,326
198,935
1092,155
25,903
1718,371
963,73
46,1007
416,260
159,564
177,989
17,896
215,893
1120,179
551,199
626,132
1125,174
959,98
797,67
229,897
1768,398
169,1006
151,586
1513,277
1423,160
1371,147
948,64
1181,110
824,61
130,626
40,1004
1033,143
612,164
1384,149
501,291
550,246
648,122
18,814
1788,405
80,763
135,645
1039,135
1516,176
966,145
10,881
27,949
136,652
1721,325
1516,199
32,1005
362,300
1119,122
932,144
1764,365
91,1034
791,79
1473,156
960,73
1459,161
528,269
1778,385
213,531
1118,166
148,598
1341,157
1506,220
1720,378
231,915
585,221
804,57
171,1004
1734,367
1368,148
267,465
585,174
1061,159
1226,94
1524,287
1070,167
1787,403
547,230
1027,144
1743,324
1784,395
224,897
1002,144
1501,234
1505,239
63,793
816,84
319,355
1573,278
1511,273
1513,181
651,98
64,792
926,40
418,259
589,210
1657,334
778,99
906,60
