103,291
58,283
45,111
150,196
221,364
42,20
139,341
10,61
24,203
45,128
75,301
203,240
194,368
10,158
45,35
160,345
45,154
223,272
11,22
229,333
180,363
176,192
45,61
10,97
22,200
205,232
231,331
13,20
229,343
225,359
152,341
178,361
215,260
230,292
32,224
10,75
208,170
44,251
134,198
45,78
28,10
169,194
197,172
200,172
48,259
166,351
29,11
73,202
222,363
10,85
42,245
172,357
231,319
45,104
229,283
116,296
20,14
10,36
168,353
22,12
120,198
221,202
123,339
10,153
120,335
193,367
30,220
45,28
65,200
16,181
12,171
45,147
116,325
195,369
216,213
52,270
50,266
45,54
10,104
231,320
45,173
37,16
229,336
112,200
20,193
10,114
92,200
209,248
45,71
219,209
116,198
221,184
38,241
212,367
10,92
231,308
45,97
116,311
58,279
114,293
47,31
45,123
10,47
137,343
211,367
140,196
203,238
221,195
185,367
10,128
182,188
174,194
31,223
170,354
12,162
45,140
101,292
227,278
136,343
14,19
142,196
177,192
45,47
191,367
209,223
45,166
14,172
167,196
40,243
194,173
118,334
229,345
201,369
10,125
205,244
181,365
45,64
170,194
229,291
223,189
178,363
47,183
44,252
10,71
231,301
45,90
219,204
211,219
116,318
125,341
46,33
67,297
10,161
159,345
45,116
174,360
208,369
10,139
102,200
61,200
121,337
126,341
10,48
18,187
45,133
55,194
221,267
99,200
64,294
10,149
184,184
223,271
45,40
10,26
16,185
46,259
65,295
45,159
220,365
112,198
217,176
12,20
10,100
93,200
34,233
231,332
192,174
49,190
223,186
210,369
27,10
10,78
84,201
196,172
71,202
45,83
44,254
218,209
207,231
83,301
231,298
58,281
136,196
68,297
45,109
66,297
212,254
225,274
139,343
10,59
24,205
229,353
163,196
10,156
29,219
30,219
45,33
178,192
56,275
189,178
77,301
45,152
89,299
47,259
176,194
45,59
10,111
56,196
225,357
209,227
45,178
224,272
231,325
26,10
229,341
200,369
152,343
20,196
32,226
10,73
213,173
30,12
45,76
134,196
48,261
166,349
159,196
172,359
10,83
231,313
45,102
116,298
124,341
134,343
204,170
158,345
94,295
10,34
127,198
164,348
46,255
203,235
221,200
100,200
10,135
182,187
213,219
186,182
45,26
120,337
16,183
12,165
45,145
116,327
90,299
116,315
50,264
45,52
10,22
231,322
45,171
14,171
188,178
229,350
20,195
10,112
207,245
45,69
66,202
221,182
220,264
32,223
10,90
217,213
231,310
45,95
116,305
46,28
207,229
209,170
45,121
10,45
211,369
174,359
164,347
130,343
221,193
10,142
10,55
18,190
45,138
108,291
122,338
227,280
14,17
195,172
45,45
219,366
176,361
53,193
45,164
14,178
40,245
118,332
96,295
214,174
131,343
10,123
155,196
215,175
205,242
97,294
229,289
98,293
49,187
225,361
60,198
110,200
38,238
223,191
10,69
168,194
45,88
219,206
211,221
231,303
116,312
191,176
72,202
123,198
58,284
54,275
184,366
45,114
41,18
122,198
10,137
101,200
61,198
186,184
215,217
10,62
222,268
45,131
221,265
180,191
10,147
28,214
79,202
184,186
45,38
10,24
16,187
35,233
46,257
45,157
228,282
119,335
194,367
62,292
24,11
119,198
12,22
10,98
25,10
34,231
205,235
178,362
211,252
49,188
10,76
231,292
45,81
188,367
10,86
42,246
85,301
68,299
45,107
66,295
55,275
26,213
53,271
229,286
116,301
18,15
215,214
208,227
225,272
10,57
24,207
149,196
10,154
23,12
56,277
12,168
45,150
132,198
45,57
10,109
217,262
209,225
45,176
231,327
188,181
229,339
190,177
216,367
215,256
20,198
204,240
10,119
206,244
219,264
209,251
45,74
48,263
36,234
10,81
112,292
133,198
217,210
45,100
116,308
57,198
231,315
168,351
216,260
91,298
213,255
114,294
199,369
45,126
10,32
133,343
77,202
203,237
221,198
213,217
10,133
206,170
214,217
99,293
45,24
74,202
115,198
12,167
45,143
116,321
227,277
114,198
45,50
22,199
118,331
45,169
229,348
194,174
51,190
147,341
227,354
10,126
33,227
207,247
209,252
45,67
107,200
221,180
105,291
37,237
10,88
42,248
104,200
231,304
45,93
219,203
116,307
162,347
163,347
223,193
45,119
10,43
25,209
60,285
93,297
185,184
130,341
10,140
78,301
128,198
10,53
205,369
18,188
45,136
116,328
227,282
10,150
28,217
45,43
10,31
45,162
14,176
72,300
62,291
141,196
10,121
205,240
219,262
129,198
223,185
47,179
50,190
10,67
106,291
141,341
168,196
45,86
211,223
231,297
116,314
58,282
171,357
41,245
54,273
47,32
62,200
45,112
41,16
173,359
221,365
51,192
198,369
96,200
127,341
10,60
135,343
126,198
218,367
45,129
35,12
33,12
10,145
76,301
192,367
45,36
219,178
94,200
45,155
37,14
229,334
183,186
45,62
10,96
22,203
34,229
103,200
205,233
214,256
211,254
231,328
47,184
10,74
44,250
105,200
45,79
200,171
207,227
107,291
231,294
31,12
36,237
29,12
201,170
166,350
10,84
85,299
231,316
45,105
229,284
116,303
26,211
224,361
223,362
20,13
151,196
222,193
175,194
10,39
24,209
168,352
221,203
10,152
11,161
30,223
65,201
137,196
16,180
56,279
12,170
45,148
116,324
204,369
162,196
18,193
52,269
45,55
10,107
128,341
217,260
231,321
45,174
229,337
215,258
10,117
209,249
45,72
179,192
15,179
81,301
38,240
10,95
231,309
45,98
63,200
57,196
116,310
52,192
47,28
45,124
10,46
43,20
97,200
203,239
221,196
10,131
45,22
75,202
79,301
12,161
45,141
101,293
49,263
116,323
227,279
170,357
14,18
45,48
219,365
61,289
118,329
45,167
14,175
40,242
192,176
118,198
194,172
86,299
229,346
21,199
227,356
10,124
45,65
106,200
229,292
47,180
81,202
10,70
147,196
206,231
231,306
45,91
219,205
116,317
60,289
215,367
162,345
10,160
40,16
189,367
45,117
10,41
60,287
93,295
10,138
10,51
207,170
32,12
45,134
55,195
221,268
223,268
64,293
10,148
28,219
151,341
143,196
45,41
10,29
16,184
15,16
46,258
45,160
180,365
62,289
217,177
213,256
10,103
34,232
87,299
231,333
180,192
223,187
154,196
10,65
84,200
44,253
207,228
45,84
231,299
146,341
84,301
58,280
173,194
45,110
98,200
66,296
197,369
221,363
18,16
145,341
215,213
111,200
225,275
10,58
24,204
76,202
45,255
35,14
212,219
10,159
194,369
45,34
219,180
169,353
45,153
176,193
45,60
10,110
22,201
34,227
205,231
231,330
229,342
225,358
152,342
190,178
218,262
47,186
82,202
32,225
10,72
213,174
190,367
45,77
220,203
48,260
29,10
172,358
10,82
231,318
45,103
229,282
116,297
26,209
124,340
110,291
175,361
91,297
158,344
225,276
150,341
140,341
155,343
10,37
157,343
139,196
221,201
10,134
164,196
182,186
30,221
45,27
216,176
16,182
120,336
12,164
45,146
48,186
116,326
230,333
52,271
50,267
45,53
10,105
187,182
166,196
45,172
231,323
229,351
20,194
227,353
10,115
143,341
85,200
45,70
135,196
219,208
221,183
167,351
10,93
83,202
43,249
231,311
45,96
57,279
116,304
113,293
124,339
47,30
209,171
45,122
10,44
43,22
146,196
181,190
92,297
196,369
130,342
221,194
144,341
10,129
182,189
10,54
170,355
12,163
45,139
55,196
101,291
227,281
69,202
14,16
109,291
45,46
115,295
219,367
53,194
45,165
14,173
40,244
229,344
118,335
204,235
10,122
205,243
198,172
97,295
229,290
223,188
47,182
203,170
213,367
10,68
231,300
45,89
219,207
116,319
187,367
54,274
184,365
209,172
45,115
160,196
138,343
17,16
41,19
174,361
165,349
108,200
186,367
10,136
165,196
61,199
10,49
45,132
223,270
221,266
180,190
64,295
10,146
28,213
184,185
102,291
45,39
10,27
34,12
16,186
46,256
45,158
210,223
142,341
17,187
24,10
112,199
207,369
12,21
73,301
10,101
156,196
34,230
207,248
192,175
202,170
211,253
49,189
182,365
193,174
10,79
84,202
44,255
207,230
45,82
231,293
158,196
222,184
68,298
45,108
229,287
116,300
26,212
41,20
69,299
223,361
171,194
18,14
54,271
215,215
225,273
139,342
225,360
10,56
24,206
158,343
86,200
229,352
10,157
208,248
88,299
56,276
125,198
45,151
54,194
88,200
45,58
10,108
209,226
45,177
231,324
188,180
229,340
190,176
215,257
20,197
32,227
10,118
213,172
80,301
134,197
45,75
48,262
95,200
80,202
36,233
10,80
112,291
70,202
217,211
45,101
19,14
161,196
116,299
231,312
91,299
109,200
21,12
45,127
10,35
205,170
164,349
129,341
221,199
213,218
10,132
149,341
186,183
45,25
100,293
154,343
12,166
45,144
152,196
116,320
50,265
45,51
10,23
157,196
118,330
45,170
229,349
188,179
226,357
153,343
51,191
206,369
179,363
227,355
10,113
177,361
70,299
207,244
45,68
46,178
221,181
59,198
10,91
217,212
231,305
45,94
116,306
58,198
162,346
172,194
16,16
45,120
10,42
211,368
87,200
121,198
10,143
10,52
170,353
217,367
18,191
45,137
89,200
122,339
28,216
45,44
10,30
215,176
53,192
45,163
14,179
118,333
67,202
62,290
72,299
10,120
215,174
205,241
39,16
210,252
219,263
97,293
49,186
117,198
223,190
19,193
38,239
71,299
229,288
10,66
168,195
45,87
211,220
231,302
116,313
27,213
58,285
54,272
184,367
47,33
45,113
116,295
41,17
215,216
13,171
10,63
45,130
153,196
35,13
221,264
10,144
28,215
156,343
36,14
10,25
45,37
219,179
45,156
37,15
220,180
229,335
131,198
24,12
62,293
132,343
45,63
10,99
22,202
34,228
218,178
205,234
231,329
228,353
130,198
212,172
95,295
203,369
47,185
144,196
10,77
44,249
200,170
45,80
231,295
36,236
10,87
42,247
85,300
231,317
45,106
229,285
116,302
26,210
223,363
20,12
74,301
10,38
24,208
226,276
90,200
117,329
10,155
30,222
65,202
56,278
16,179
183,365
12,169
45,149
51,267
68,202
18,192
78,202
113,198
52,268
45,56
10,106
217,261
209,224
45,175
111,291
188,182
231,326
229,338
215,259
20,199
10,116
209,250
45,73
209,369
36,235
82,301
10,94
112,293
217,209
231,314
45,99
116,309
57,197
23,203
214,367
213,254
114,295
47,29
45,125
10,33
43,21
203,236
44,22
221,197
10,130
182,190
45,23
138,196
161,345
170,356
45,142
116,322
227,276
52,267
50,263
45,49
45,168
14,174
40,241
229,347
38,16
145,196
227,357
10,127
207,246
104,291
45,66
202,369
199,172
47,181
10,89
42,249
231,307
45,92
116,316
60,288
223,192
59,285
45,118
10,40
210,172
60,286
93,296
10,141
10,50
18,189
45,135
39,241
211,172
223,269
116,329
10,151
14,20
28,218
64,200
45,42
10,28
124,198
122,337
45,161
14,177
180,364
72,301
217,178
148,341
10,102
63,293
223,184
47,178
38,237
91,200
10,64
148,196
231,296
45,85
211,222
