58,207
209,261
216,275
191,189
204,219
38,124
127,334
207,259
57,262
125,330
22,19
19,143
37,217
121,205
158,336
59,264
169,344
17,46
199,247
125,315
38,179
99,207
211,181
214,194
208,261
38,40
17,64
200,224
38,149
35,21
90,290
86,292
212,267
222,319
36,22
17,90
101,284
220,281
71,290
126,332
222,321
17,124
35,214
36,101
105,207
25,184
95,207
63,278
38,119
94,287
125,323
27,194
201,179
19,148
40,186
23,19
209,179
31,200
65,281
17,39
174,350
140,205
125,308
38,170
185,358
163,203
214,197
78,294
38,35
112,284
150,334
160,336
143,203
17,57
220,353
188,193
125,302
38,140
210,210
196,236
214,191
222,294
219,279
17,83
46,197
203,360
212,181
193,187
38,31
222,328
123,294
17,117
181,356
169,203
67,282
21,167
41,230
222,338
38,110
36,74
205,257
211,265
19,157
20,21
87,209
159,336
38,64
36,80
63,209
55,259
97,207
127,205
119,288
19,131
47,242
38,173
90,209
51,247
170,344
61,207
210,179
196,235
17,50
183,356
201,224
198,243
38,135
38,60
222,297
196,241
206,216
17,84
37,25
38,153
120,290
112,207
119,207
222,307
123,319
121,291
17,110
66,282
179,200
209,360
167,341
222,341
83,292
19,162
206,257
210,265
208,212
38,123
36,95
161,203
45,235
19,136
38,164
108,207
50,246
51,252
34,21
17,43
161,336
132,334
138,205
203,253
41,189
88,291
38,55
178,201
89,290
17,77
200,251
38,144
100,284
222,314
121,292
17,103
156,203
166,203
216,358
220,284
214,268
117,286
21,169
123,298
222,348
204,255
17,121
35,211
61,269
134,205
58,205
38,114
62,207
183,197
57,260
23,177
125,328
168,342
86,209
19,145
40,181
17,129
208,360
204,179
59,266
31,205
62,209
23,175
17,44
125,313
47,238
38,177
202,224
214,192
38,46
79,209
75,209
17,70
44,193
54,205
220,356
38,139
194,360
200,226
214,186
222,317
17,88
53,255
94,209
179,355
220,283
210,360
38,26
222,327
17,114
35,216
36,103
198,179
25,190
45,195
41,227
33,206
63,272
38,117
205,218
36,77
197,180
27,196
173,349
19,150
40,188
39,220
214,360
118,288
31,202
55,260
17,37
211,360
198,228
75,292
38,168
125,306
221,285
43,191
38,33
128,205
196,238
220,355
17,63
77,294
210,208
125,300
38,130
212,201
114,284
214,189
38,59
157,334
222,292
206,215
17,81
104,282
202,223
202,360
212,183
141,205
38,29
193,185
222,334
128,334
17,107
166,340
60,207
199,179
67,284
222,336
41,228
38,108
134,334
69,286
19,159
38,70
36,82
220,348
17,30
175,351
119,290
19,133
38,163
49,245
120,207
51,249
101,207
17,48
183,358
218,358
202,252
38,133
123,320
78,209
38,50
29,199
222,303
74,209
196,243
17,74
189,190
38,159
203,220
190,189
222,305
91,209
17,108
214,267
107,207
116,207
122,294
67,209
21,174
222,347
38,103
216,272
19,164
215,360
210,263
52,202
38,121
85,292
36,89
92,289
127,333
208,214
69,289
19,138
37,220
185,195
164,203
17,41
103,282
198,232
108,282
38,53
17,67
176,352
38,150
95,286
222,312
87,292
17,101
111,283
216,360
170,203
102,284
145,203
222,322
33,209
17,127
35,213
187,359
25,187
62,272
171,344
63,277
38,112
183,199
125,326
23,179
27,193
19,147
40,183
117,288
185,196
59,268
65,209
17,34
77,209
125,311
50,201
214,198
38,44
17,68
44,195
200,228
38,137
212,204
214,184
114,207
222,291
25,19
17,94
53,253
222,325
17,112
36,97
48,242
25,188
136,205
41,225
63,274
204,257
38,107
36,79
95,209
19,152
58,264
39,222
163,338
173,347
139,334
175,201
36,85
204,253
17,27
210,180
75,294
47,241
49,242
38,174
125,304
136,334
38,39
155,334
196,232
17,61
210,206
125,298
38,128
129,334
212,203
132,205
38,57
222,298
36,25
56,205
17,87
142,334
167,203
202,221
38,154
26,19
47,197
180,356
141,203
222,332
17,105
129,205
179,199
67,286
222,342
19,22
19,161
84,292
206,258
173,203
38,68
21,20
36,92
65,278
115,284
17,28
32,20
45,238
19,135
38,161
220,350
51,251
64,209
115,207
17,54
76,209
218,356
46,238
198,247
123,322
192,360
38,48
29,197
222,301
42,191
93,209
17,72
207,214
200,248
38,157
218,279
69,209
222,311
27,19
177,353
17,98
111,284
27,190
102,283
21,172
123,297
97,286
147,203
104,207
222,345
48,198
98,285
58,206
216,274
19,166
162,338
32,206
210,261
204,218
38,127
36,91
57,263
23,180
125,331
110,282
19,140
37,218
121,206
174,201
59,265
197,232
17,47
139,205
38,178
153,203
208,260
38,43
17,65
38,148
151,334
200,360
182,199
156,334
212,199
222,318
36,21
213,267
212,266
17,91
28,19
220,280
71,291
222,320
43,232
17,125
35,215
36,100
141,334
25,185
146,334
135,205
158,203
168,203
171,346
191,187
202,179
38,118
30,19
94,286
57,264
125,324
27,195
19,149
40,185
51,201
38,72
94,288
31,201
65,282
96,207
17,32
198,360
125,309
38,181
50,199
195,360
193,360
38,34
214,196
222,287
220,352
17,58
55,205
38,143
125,303
212,206
214,190
222,289
92,209
17,92
46,196
220,279
68,209
118,207
147,334
38,30
222,331
123,295
17,118
36,99
67,283
81,209
203,179
38,105
36,73
137,334
31,19
19,154
163,340
186,195
38,67
36,87
160,203
55,256
17,25
36,216
119,289
38,172
149,203
186,358
150,203
38,37
157,336
204,360
137,205
196,234
17,51
183,357
38,134
201,360
38,63
222,296
56,260
196,240
17,85
38,152
222,306
123,316
43,230
17,111
179,201
81,294
172,346
82,293
42,230
83,209
133,205
222,340
22,174
19,24
57,205
19,163
173,201
208,211
38,122
199,360
36,94
115,286
210,264
45,236
19,137
38,167
171,203
18,25
206,179
169,342
161,337
17,52
189,192
198,245
88,290
38,54
42,189
187,194
17,78
200,250
38,147
218,277
195,182
222,309
121,293
17,96
214,271
116,286
71,292
117,287
21,170
204,254
17,122
61,270
25,182
80,209
191,188
38,125
189,360
57,261
23,182
125,329
175,352
19,142
37,216
17,130
93,288
52,252
59,267
62,208
124,315
205,360
17,45
205,179
60,268
125,314
47,239
38,176
164,340
149,334
207,179
38,41
39,181
154,334
214,195
17,71
44,192
54,204
200,225
40,224
38,138
162,203
222,316
36,23
17,89
46,195
220,282
181,199
206,360
222,326
43,234
17,115
36,102
59,207
33,207
63,273
38,116
200,179
36,76
125,322
197,181
48,199
173,350
19,151
40,187
39,221
145,334
54,256
122,205
31,203
65,280
135,334
17,38
198,231
75,293
38,171
125,307
100,207
38,32
76,294
222,285
196,237
220,354
17,56
79,294
44,191
125,301
38,141
212,200
213,198
214,188
38,58
157,335
222,295
206,214
17,82
192,187
202,222
212,182
193,186
38,28
222,329
213,183
17,116
148,203
106,207
107,282
67,285
21,166
41,229
212,360
222,339
38,111
68,286
36,75
19,21
69,287
19,156
184,358
38,65
36,81
55,258
17,31
199,228
19,130
38,162
49,246
165,340
51,246
17,49
131,334
38,132
123,321
214,183
38,61
29,200
222,302
196,242
206,217
17,75
189,191
217,275
38,158
207,360
222,304
73,292
106,282
121,290
17,109
44,234
123,318
85,209
167,340
159,203
144,203
221,348
222,346
98,286
216,271
19,165
210,262
52,201
20,166
38,120
36,88
92,288
98,207
208,213
45,234
19,139
69,290
38,165
33,21
74,292
17,42
88,292
38,52
219,356
125,205
17,76
53,203
54,203
38,145
218,275
113,207
222,315
17,102
103,207
216,359
214,269
220,285
198,230
21,168
82,209
33,210
213,360
17,120
35,210
61,268
171,345
38,115
125,327
23,176
53,256
61,271
19,144
38,220
17,128
40,182
109,207
151,203
185,197
31,204
23,174
17,35
125,312
50,200
214,193
38,47
17,69
44,194
200,227
201,251
38,136
131,205
214,187
222,290
17,95
53,254
182,356
179,354
157,203
153,334
38,27
222,324
143,334
84,209
17,113
36,96
25,189
204,256
41,226
63,275
38,106
36,78
211,206
197,179
133,334
173,348
19,153
40,189
39,223
73,209
163,339
197,360
172,203
36,84
146,203
17,36
126,205
198,229
125,305
38,169
49,243
38,38
124,298
196,239
17,62
217,358
210,209
125,299
38,131
194,183
212,202
38,56
222,293
36,24
124,205
17,80
202,220
66,209
72,292
105,282
141,204
193,184
39,224
123,315
222,335
34,210
17,106
37,103
222,337
82,294
38,109
71,209
187,360
19,23
19,158
64,278
38,71
21,21
36,83
65,279
115,285
17,29
32,19
140,334
19,132
38,160
49,244
175,350
51,248
220,349
184,197
17,55
198,246
152,203
130,334
202,253
38,51
29,198
142,203
42,190
191,360
17,73
187,193
189,189
222,300
38,156
200,247
218,278
195,181
177,354
222,310
17,99
26,190
70,290
27,191
96,286
102,282
167,342
21,173
222,344
48,197
98,284
18,130
216,273
52,203
38,126
127,332
36,90
92,290
23,181
124,322
125,332
69,288
19,141
37,219
72,209
144,334
121,207
102,207
111,207
17,40
89,209
49,199
208,259
38,42
109,282
197,243
17,66
38,151
99,284
212,198
212,265
222,313
17,100
61,272
111,282
117,207
29,19
222,323
33,208
43,233
17,126
35,212
187,358
188,360
25,186
190,360
63,276
196,181
38,113
70,209
183,198
125,325
23,178
27,192
19,146
40,184
165,203
31,206
17,33
125,310
38,180
38,45
222,286
17,59
38,142
212,205
24,19
28,196
214,185
177,201
222,288
178,354
17,93
53,252
179,356
38,25
222,330
154,203
155,203
17,119
36,98
41,224
38,104
36,72
196,360
95,208
19,155
173,346
123,205
38,66
36,86
55,257
17,26
210,181
47,240
38,175
38,36
196,233
17,60
113,284
88,209
210,207
38,129
38,62
222,299
206,218
17,86
38,155
148,334
222,333
123,317
43,231
17,104
80,294
222,343
82,292
19,25
138,334
19,160
206,259
91,290
204,220
173,202
208,210
38,69
21,19
36,93
220,351
32,21
45,237
19,134
38,166
51,250
30,200
169,343
161,338
17,53
218,357
189,193
202,251
198,244
38,49
29,196
187,195
17,79
209,210
200,249
38,146
218,276
193,183
176,201
195,183
177,352
222,308
121,294
17,97
214,270
152,334
130,205
180,199
110,207
215,271
21,171
123,296
24,182
208,179
17,123
37,72
25,183
