50,96
63,102
14,74
97,120
96,90
5,57
99,68
91,35
92,36
102,92
11,22
7,68
98,45
47,93
72,8
99,48
13,20
26,12
91,118
69,106
75,11
29,11
111,97
19,13
8,38
98,91
7,44
22,12
56,6
92,35
114,105
100,50
92,119
48,8
43,91
98,120
53,7
9,70
11,72
70,107
27,82
24,80
82,113
108,95
97,70
5,53
89,33
113,108
71,8
108,117
112,112
14,19
57,99
8,69
88,31
10,71
66,104
72,107
65,5
109,96
5,62
113,101
90,33
88,81
81,22
90,75
86,29
10,26
17,77
31,85
97,43
20,78
79,111
61,5
38,9
12,20
90,117
49,7
105,93
95,89
55,7
6,52
102,120
109,115
112,110
36,10
114,108
98,43
99,50
84,115
93,88
100,53
75,13
76,14
77,15
8,40
6,47
21,13
7,46
6,65
49,95
114,103
54,97
33,86
74,11
51,7
102,62
104,93
43,9
113,98
83,25
38,88
94,38
14,17
95,39
30,84
82,24
87,29
94,72
101,58
44,92
79,17
111,113
68,106
35,87
96,71
95,120
5,60
98,69
6,51
88,83
84,25
99,67
35,10
85,28
56,98
97,41
98,46
12,22
96,120
30,11
34,86
93,119
12,74
71,107
104,119
9,34
18,15
77,110
101,120
23,12
93,37
114,106
37,9
58,99
73,9
91,74
59,101
101,54
31,11
8,42
82,114
100,65
28,83
89,77
11,25
74,9
18,77
101,63
23,80
102,60
93,73
64,5
45,93
97,90
48,94
29,84
6,62
90,34
88,78
99,92
32,10
80,20
89,86
40,90
88,116
10,31
82,22
87,31
91,88
92,74
90,118
101,56
65,104
79,19
63,103
107,94
74,109
15,75
5,58
26,81
6,49
81,112
88,85
84,27
90,87
52,97
11,23
42,91
98,44
99,49
16,15
75,110
8,37
20,13
9,32
69,6
7,45
112,98
6,66
101,64
114,104
79,112
7,66
92,88
54,98
92,118
55,98
102,59
61,101
9,71
11,73
70,106
105,118
36,87
7,42
100,67
5,54
113,109
108,116
14,18
78,111
89,117
103,93
8,68
21,78
86,116
78,17
66,5
15,76
99,120
70,7
76,110
113,102
88,80
90,74
96,41
86,28
10,29
101,92
15,16
61,6
110,115
22,79
50,7
105,94
27,11
14,75
25,81
5,56
107,118
47,8
45,8
109,116
106,118
91,34
95,40
102,93
58,100
13,19
65,103
84,114
94,89
100,52
93,89
62,102
10,72
95,71
28,11
76,13
111,96
77,16
8,39
67,6
100,120
7,47
57,6
6,64
114,102
16,76
100,51
74,10
86,115
52,7
106,94
24,81
97,69
5,52
89,32
113,99
99,91
22,80
19,78
8,70
68,105
66,105
72,108
94,119
41,9
96,70
36,88
109,95
13,74
5,61
46,8
26,82
44,8
113,100
98,68
6,50
88,82
59,6
81,21
10,27
17,76
31,84
97,42
46,93
12,21
54,7
55,6
12,73
42,9
75,109
80,112
9,35
18,14
77,111
39,89
112,111
103,119
99,47
37,10
47,94
25,12
26,11
100,54
101,55
75,12
73,108
77,14
19,14
37,88
8,41
9,36
21,12
88,32
28,82
49,94
62,5
51,96
85,115
41,90
33,85
43,92
16,16
43,8
97,91
83,24
38,89
88,77
50,95
80,19
94,39
40,89
10,30
94,73
92,73
101,57
67,105
111,112
35,86
107,95
74,108
107,117
5,59
6,48
81,113
88,84
84,26
100,92
85,27
90,86
103,120
10,25
34,10
52,96
56,99
24,12
42,90
98,47
39,9
32,85
95,90
8,36
17,15
67,5
9,33
68,6
112,97
101,65
93,36
58,6
114,107
7,67
83,114
91,87
89,75
73,8
63,5
59,100
110,96
102,58
31,10
61,102
105,119
95,119
7,43
100,66
5,55
113,110
89,76
19,77
11,24
60,101
101,62
49,8
21,79
95,72
78,16
102,61
40,9
45,92
29,83
70,6
6,63
71,7
88,79
80,21
94,37
9,31
33,10
89,85
96,40
88,117
10,28
60,6
15,17
82,23
87,30
53,97
110,114
64,103
87,116
79,18
111,114
