91,23
47,152
29,50
217,197
160,216
31,44
33,41
139,204
19,117
37,35
85,25
152,212
191,97
87,176
191,232
174,176
196,124
60,29
162,53
62,162
185,140
131,200
87,174
168,61
158,48
205,232
186,139
168,166
188,185
170,63
172,148
189,136
143,25
135,204
220,202
40,148
195,232
187,138
129,19
193,103
214,227
57,29
40,35
208,230
97,182
41,34
19,122
26,67
94,23
148,33
214,197
38,35
111,188
196,123
192,132
80,25
74,168
51,31
180,76
21,90
209,230
182,78
23,84
136,19
216,225
170,64
114,190
27,60
186,230
196,190
56,158
89,176
115,191
161,216
130,19
197,191
184,83
25,70
47,31
153,212
165,220
194,110
143,208
137,204
179,181
39,35
19,105
170,158
180,182
156,214
180,75
21,99
146,28
220,216
25,138
166,61
27,53
134,202
31,144
46,152
172,69
46,33
123,196
29,142
192,99
67,27
149,211
152,41
27,65
182,183
194,105
36,37
19,110
133,19
171,224
150,37
190,92
184,184
61,162
174,175
170,153
196,119
156,45
76,170
162,56
168,161
36,146
78,25
75,169
117,194
220,215
190,136
37,147
220,205
115,20
47,154
29,48
140,21
110,188
66,29
30,47
31,46
174,71
68,27
182,142
188,85
79,171
83,172
139,206
154,42
19,119
212,228
196,126
134,19
45,33
45,152
170,170
176,73
131,202
183,183
62,29
168,63
21,95
48,154
107,187
188,187
181,77
172,150
23,89
17,114
170,222
171,171
27,57
172,172
208,194
103,185
175,225
179,226
21,134
25,67
97,180
34,39
127,198
19,124
171,222
172,224
69,166
148,35
111,190
33,145
135,19
192,134
203,193
213,197
107,21
144,25
183,140
26,140
178,74
192,188
118,194
163,57
23,86
116,192
30,144
27,62
172,171
167,61
150,212
103,21
25,68
213,228
83,25
165,218
194,108
187,232
19,107
176,71
162,218
190,91
132,202
216,222
151,37
170,156
21,97
121,19
98,23
164,57
102,184
95,180
167,220
220,218
190,135
142,22
27,55
133,202
217,222
29,53
50,154
77,27
43,151
25,77
192,101
211,195
67,29
29,47
27,67
173,224
188,88
79,172
183,228
194,103
176,145
57,158
84,25
198,232
160,52
148,31
196,113
61,160
156,47
157,215
162,54
202,193
212,197
173,148
122,19
186,140
196,128
168,163
63,29
220,209
117,192
99,182
142,25
49,31
219,199
220,207
199,191
101,23
176,178
174,69
182,140
93,180
185,83
188,87
83,174
187,230
188,232
19,121
98,182
212,230
194,131
196,120
143,206
23,135
66,164
125,197
175,177
170,168
194,189
70,166
21,93
71,167
123,19
17,112
54,31
219,220
144,208
27,59
172,174
184,80
179,228
171,67
188,137
113,21
21,132
24,77
199,232
19,126
69,164
215,197
196,232
94,180
19,100
144,27
109,21
124,19
80,172
23,80
55,156
89,25
23,78
138,21
49,154
126,19
64,162
103,23
25,74
186,85
65,163
189,232
152,38
41,150
194,106
177,226
128,198
43,33
19,109
70,27
189,89
163,218
190,89
170,154
196,116
96,23
169,167
174,146
164,59
167,222
220,212
129,198
145,208
206,232
29,144
90,25
115,19
47,153
29,51
77,25
92,23
127,19
47,32
113,190
65,164
192,103
32,43
31,45
122,196
35,38
33,42
183,230
197,232
126,198
139,205
37,36
44,33
196,115
71,27
105,21
23,136
168,159
86,174
38,148
131,201
87,175
195,189
158,51
186,138
196,130
71,168
168,165
220,211
147,208
99,23
53,156
218,221
220,201
191,187
116,19
218,199
56,31
190,97
214,226
93,178
57,30
178,226
58,29
68,164
41,35
19,123
181,183
148,32
164,218
196,122
111,189
95,23
110,21
21,91
159,51
52,31
27,140
23,85
207,232
135,202
137,19
216,224
170,67
27,61
196,189
89,177
161,217
184,82
91,24
21,130
25,71
19,128
121,194
153,213
180,143
92,178
19,102
180,181
51,154
210,230
101,182
146,31
72,27
193,189
24,138
23,82
17,111
105,186
55,158
25,139
166,60
138,19
200,191
28,53
172,68
28,142
25,72
29,143
186,83
192,98
85,174
149,212
78,170
152,40
41,148
187,85
20,130
73,168
194,104
138,204
19,111
150,36
170,152
190,95
155,43
184,183
142,206
196,118
156,44
87,25
168,160
220,214
25,140
182,228
37,148
100,182
178,181
220,204
172,67
115,21
29,49
31,47
174,70
33,40
63,162
83,173
69,27
192,232
19,116
194,132
59,29
196,125
161,53
174,177
158,47
23,138
156,43
111,21
176,72
101,184
119,194
168,62
158,49
168,167
169,63
175,146
188,186
172,149
205,193
147,210
17,115
211,230
220,203
128,19
185,230
208,193
218,197
112,21
179,227
208,231
97,181
41,33
140,206
19,125
203,232
58,160
91,178
171,223
148,34
176,226
149,35
33,146
35,146
200,232
209,195
19,99
81,172
192,133
155,214
108,21
21,89
22,89
180,77
192,187
27,142
141,206
154,214
182,79
23,87
17,116
88,25
129,200
216,226
170,65
166,59
27,63
196,191
23,77
115,190
25,69
173,69
44,152
19,130
72,168
193,232
131,19
42,33
165,219
194,111
42,150
19,104
150,35
180,183
190,90
51,156
21,98
146,29
148,210
167,221
220,217
190,134
177,179
204,193
190,232
151,212
109,188
174,224
22,134
192,100
149,210
35,37
27,64
180,144
183,229
176,144
132,19
57,159
201,232
160,51
104,21
190,93
196,112
184,185
61,161
156,46
157,216
162,57
202,192
157,47
77,170
212,196
39,148
177,73
168,162
220,208
75,168
117,193
130,200
173,175
37,146
142,24
172,152
218,222
169,222
220,206
178,179
139,21
50,31
54,156
65,29
18,116
176,177
195,111
194,232
188,86
79,170
146,208
57,160
187,231
154,43
120,194
19,118
194,130
212,229
196,127
143,207
125,198
170,171
61,29
212,195
207,193
21,94
107,186
184,140
172,151
23,88
17,113
202,191
55,31
136,204
18,111
27,56
208,195
172,173
103,184
175,224
184,79
188,136
21,133
175,71
60,160
43,152
33,39
114,21
19,127
202,232
69,165
33,144
19,101
81,25
144,26
106,186
145,27
178,75
192,189
190,187
182,77
23,81
125,19
166,220
55,157
220,220
23,79
75,27
138,20
108,188
180,228
158,216
90,178
25,75
186,84
179,144
88,176
152,37
185,185
194,109
169,158
19,106
170,157
67,164
216,223
86,25
124,196
120,19
21,96
82,25
97,23
170,167
146,27
216,197
164,58
206,193
220,219
129,199
165,59
171,152
142,23
27,54
76,27
112,190
29,52
184,230
77,26
43,150
25,76
47,33
215,226
192,102
93,23
67,28
178,144
35,39
27,66
33,43
188,89
153,41
186,185
176,146
147,31
160,53
37,37
20,99
210,195
196,114
23,137
157,214
162,55
106,21
168,158
174,148
158,50
196,129
179,75
168,164
220,210
75,170
48,31
79,25
147,209
198,191
218,220
220,200
100,23
181,228
159,216
183,79
176,179
218,198
141,21
117,19
59,160
31,43
181,142
191,134
190,96
182,141
34,146
93,179
57,31
154,41
19,120
32,144
196,121
115,192
23,134
125,196
170,169
82,172
21,92
71,166
107,188
27,141
53,31
135,203
220,199
170,66
27,58
172,175
103,186
175,226
89,178
161,218
184,81
91,25
188,138
21,131
118,19
214,228
19,129
121,195
153,214
180,142
195,130
96,180
19,103
51,155
193,132
52,156
178,73
101,183
146,30
104,186
204,232
23,83
73,27
168,222
102,23
201,191
103,22
177,144
25,73
84,174
65,162
119,19
192,97
121,196
152,39
41,149
196,111
208,232
194,107
19,108
170,155
190,94
196,117
189,187
174,147
187,185
220,213
74,27
142,21
64,29
178,180
