56,51
47,152
20,162
13,70
26,94
39,92
45,9
54,92
49,78
22,117
31,74
18,45
24,104
55,80
62,53
45,35
21,119
56,101
65,78
27,144
41,74
43,76
5,126
60,81
57,81
5,145
49,139
29,11
9,93
10,85
24,163
21,37
11,83
47,22
72,67
38,73
50,79
28,87
11,160
49,89
32,136
33,126
38,5
53,115
45,54
34,114
71,71
8,94
31,141
19,44
34,108
49,140
54,52
46,30
47,148
42,6
23,163
19,131
7,156
43,45
17,50
67,56
21,121
30,76
33,119
51,131
66,78
49,14
23,109
5,131
34,103
70,72
46,152
15,161
18,135
19,162
14,65
46,33
28,143
36,95
18,161
22,30
29,81
38,93
53,91
52,127
18,48
42,53
45,40
33,135
69,59
26,144
56,96
45,159
63,53
6,105
15,57
5,140
44,89
7,103
55,105
28,13
61,80
12,72
9,90
64,53
13,68
26,92
66,55
47,11
9,159
24,106
45,33
34,6
56,103
26,96
33,123
54,110
39,5
14,160
5,124
48,19
71,72
49,18
45,76
19,41
49,137
31,9
6,156
12,71
10,83
21,35
72,69
13,160
44,162
25,101
43,54
30,75
32,138
33,124
25,22
48,145
34,112
35,98
30,142
34,106
6,151
50,137
40,6
18,138
46,28
47,150
55,51
59,52
21,143
47,25
51,90
19,133
20,125
7,158
16,53
53,80
43,47
17,48
32,8
44,40
55,94
36,6
23,113
8,97
6,116
71,62
27,17
68,76
23,111
58,81
5,129
7,104
46,158
9,87
46,9
19,138
20,141
52,121
23,144
22,118
31,73
18,46
42,51
72,63
54,115
45,38
33,133
69,57
56,98
48,143
6,111
15,59
5,138
43,75
55,107
28,15
6,155
12,74
9,88
10,86
30,164
20,37
37,94
43,7
65,54
27,88
72,64
54,80
33,164
28,84
41,164
33,7
16,57
25,98
42,163
56,105
33,121
47,89
53,118
69,76
34,119
5,122
48,21
49,16
36,97
19,43
49,143
21,33
55,52
52,79
28,83
67,55
8,159
32,140
24,25
48,54
25,20
48,147
26,19
35,100
48,12
6,115
5,134
34,104
6,149
50,135
18,136
22,33
19,161
11,76
14,66
40,165
47,27
19,135
61,52
20,127
16,55
20,128
52,124
29,78
44,42
40,90
53,120
33,130
8,99
37,5
70,61
46,89
6,106
15,60
5,143
5,118
55,108
51,52
46,156
37,73
57,51
13,71
19,140
32,164
23,27
29,164
52,123
49,79
22,116
31,75
18,44
42,49
55,81
24,103
62,52
54,113
45,36
56,100
65,79
41,75
6,109
5,136
7,99
5,127
60,80
30,9
5,146
6,153
20,39
9,94
10,84
29,12
25,163
58,51
11,80
27,90
47,23
72,66
63,80
28,86
43,53
49,90
44,54
33,127
53,116
69,74
56,81
34,117
35,97
44,76
5,120
46,77
34,111
49,141
47,54
36,73
34,73
47,149
47,28
60,52
48,89
7,157
51,127
17,51
21,122
24,27
49,53
35,102
51,128
48,14
6,113
71,61
47,78
49,15
5,132
34,102
28,144
50,133
46,155
14,64
11,78
46,32
34,165
29,143
36,94
52,80
28,164
46,10
29,82
23,28
38,92
53,92
52,126
17,52
50,90
22,115
68,57
42,52
33,128
45,160
56,95
14,63
23,107
5,141
7,100
55,110
28,12
53,52
9,91
31,164
13,69
28,163
63,79
26,95
66,54
45,8
54,93
10,159
24,105
45,34
42,164
67,77
21,118
56,102
42,89
5,125
48,18
45,77
5,144
49,138
29,10
9,92
21,36
48,78
11,82
72,68
44,161
25,102
40,74
32,137
33,125
25,23
48,144
34,115
26,20
35,99
11,159
71,70
8,95
31,140
34,109
35,73
33,73
6,150
20,40
50,136
40,5
46,31
11,75
47,151
22,143
51,91
23,162
19,130
20,124
16,52
43,44
17,49
21,120
30,77
42,75
37,165
55,95
25,24
8,96
51,130
71,63
23,108
5,130
7,105
70,73
50,131
45,89
46,153
52,52
15,160
39,74
22,31
19,139
38,165
44,8
20,123
29,80
23,30
22,113
17,161
32,135
42,50
54,114
45,39
33,134
69,58
56,97
45,158
14,61
6,110
5,139
7,102
30,10
28,14
32,73
6,154
12,73
9,89
64,54
58,52
13,67
44,7
26,93
27,89
43,163
47,10
33,165
51,79
41,165
24,107
16,56
25,99
34,7
43,48
56,104
26,97
33,122
53,119
54,111
34,118
5,123
48,20
49,17
36,96
19,40
31,8
21,34
22,144
62,80
72,70
44,163
25,100
8,158
32,139
24,24
48,53
25,21
48,146
34,113
26,18
41,90
35,101
48,11
6,114
30,143
47,77
31,142
5,135
34,107
6,148
50,134
59,81
41,6
22,32
46,29
11,77
21,142
27,87
47,24
19,132
20,126
16,54
39,165
43,46
29,79
44,41
53,121
33,131
23,112
8,98
64,79
37,6
70,60
6,117
27,16
68,77
66,77
15,61
23,110
5,128
5,119
55,109
51,53
22,162
19,141
20,142
54,94
52,122
18,47
42,48
24,102
54,112
45,37
33,132
56,99
42,90
6,108
15,58
5,137
25,144
55,106
27,15
26,163
5,147
6,152
12,75
20,38
10,87
37,93
43,6
35,165
52,91
11,81
26,91
27,91
72,65
39,91
32,7
28,85
25,97
33,120
53,117
69,75
34,116
5,121
48,22
19,42
43,89
49,142
27,163
34,110
46,54
6,147
19,129
12,160
36,165
21,123
44,44
24,26
70,59
50,53
51,129
48,13
6,112
5,133
34,105
70,74
21,162
50,132
46,154
18,137
14,67
11,79
47,147
47,26
39,73
19,134
29,83
23,29
20,129
16,161
52,125
22,114
29,77
35,6
44,43
68,56
40,91
33,129
45,161
14,62
6,107
27,18
24,144
5,142
7,101
5,117
46,157
