30,160
18,121
42,10
25,82
39,70
46,135
52,94
15,74
44,147
63,76
16,130
47,134
42,157
9,153
41,57
20,109
41,160
51,112
17,64
13,157
9,123
17,124
39,97
37,113
31,15
14,77
21,158
30,16
50,117
22,42
42,31
43,30
35,141
9,130
13,89
17,158
44,25
42,57
52,105
63,57
18,62
10,104
36,134
25,159
50,56
11,156
9,124
37,122
14,84
30,146
21,46
22,45
40,161
23,40
20,158
40,42
49,120
9,139
61,56
42,32
45,140
31,70
64,76
21,99
15,157
26,30
41,94
68,66
28,24
20,54
16,126
24,87
16,141
44,150
9,140
40,55
45,14
49,75
9,150
32,13
19,110
51,109
52,101
67,71
65,75
41,71
46,92
38,9
9,110
66,73
19,58
28,23
37,108
25,147
11,96
29,22
9,112
17,121
21,48
37,118
21,147
18,119
58,55
19,145
42,155
43,27
51,76
10,156
52,108
39,47
44,58
49,56
56,77
15,137
46,73
9,121
23,89
14,83
22,147
46,140
25,160
50,115
12,93
43,153
20,145
9,128
13,87
52,107
45,145
18,60
36,128
22,94
12,96
68,69
37,120
32,70
24,35
25,34
23,42
40,44
64,57
38,70
60,55
9,137
41,41
48,92
27,74
45,19
9,147
50,94
68,61
42,72
16,68
25,31
26,28
53,100
9,107
19,55
44,92
15,133
28,147
38,103
29,146
48,125
59,77
24,89
43,151
15,73
49,119
47,133
17,142
66,58
45,12
42,158
9,148
19,112
40,95
51,111
52,103
17,67
39,48
43,58
67,73
42,93
55,77
9,108
11,98
29,20
9,118
37,116
56,55
14,78
18,117
31,161
46,139
35,162
50,118
48,74
47,130
43,29
20,105
34,143
40,70
53,76
17,68
30,70
22,99
37,9
45,57
16,72
15,139
9,127
23,91
58,77
12,156
37,125
35,69
27,160
14,81
38,107
50,113
22,46
12,95
43,155
49,123
9,134
13,85
14,157
41,38
44,21
50,75
42,37
26,79
54,77
49,93
45,143
28,73
21,102
36,130
44,73
27,26
68,71
24,37
25,32
38,98
40,46
43,11
49,124
9,143
65,58
44,12
27,76
45,17
67,60
9,145
68,63
33,11
37,162
16,70
39,53
36,137
53,98
66,74
19,57
37,111
15,135
20,50
9,115
38,101
52,55
48,127
18,120
25,83
16,129
15,75
44,146
63,77
47,135
44,11
61,77
26,81
33,161
42,156
9,154
19,114
29,71
20,108
41,161
51,113
17,65
39,50
21,104
48,129
46,74
11,100
9,116
23,92
26,160
17,125
37,114
21,159
25,84
30,19
46,137
50,116
42,30
9,131
13,90
20,107
44,24
32,145
34,141
52,104
22,97
10,107
36,133
9,125
37,123
62,77
38,105
21,47
54,55
37,69
18,143
22,44
23,41
49,121
9,132
44,23
27,73
42,35
26,77
45,141
33,143
64,75
21,100
27,28
68,65
20,53
31,145
24,86
23,38
51,94
16,140
15,76
9,141
44,149
40,54
45,15
9,151
32,12
41,55
19,111
35,9
43,57
26,147
36,139
53,96
9,111
10,103
19,59
28,22
37,109
33,69
11,97
9,113
17,122
21,49
36,127
37,119
30,161
18,118
25,81
36,69
52,95
35,161
16,131
47,129
39,95
9,152
41,56
19,116
20,110
36,9
34,9
27,147
47,92
13,156
49,57
11,102
9,122
23,94
39,96
37,112
52,56
31,14
14,82
30,17
50,114
22,43
12,92
52,76
35,140
9,129
13,88
50,76
17,157
44,26
42,38
52,106
63,56
18,63
10,105
24,159
36,135
27,25
68,68
37,121
32,69
14,85
25,35
40,162
12,91
40,43
9,138
41,42
38,162
61,55
27,75
42,33
45,20
67,59
26,31
41,93
53,101
68,67
28,25
16,127
47,57
38,102
29,147
41,9
48,124
24,88
18,158
17,143
32,161
45,13
9,149
19,113
40,94
51,108
52,102
39,49
65,74
42,92
9,109
18,64
24,147
37,107
43,72
15,131
11,99
29,21
9,119
51,56
57,77
37,117
21,146
18,116
42,9
57,55
46,138
19,144
47,131
29,160
43,26
34,142
62,56
53,77
39,46
22,98
42,71
45,58
15,136
9,120
39,98
37,126
14,80
38,106
18,144
12,94
43,152
20,146
9,135
13,86
41,39
44,20
26,78
42,36
33,144
45,144
28,72
18,61
21,103
36,129
22,95
44,72
27,27
68,70
43,92
24,36
30,145
25,33
34,69
19,158
59,55
40,45
9,136
41,40
48,93
45,18
67,61
9,146
36,162
68,62
16,69
36,136
26,29
47,74
53,99
19,54
15,132
38,100
48,126
53,55
34,161
43,150
16,128
44,145
28,160
47,132
17,141
26,80
66,59
39,162
42,159
23,147
9,155
19,115
29,72
51,110
34,10
17,66
39,51
52,96
48,128
67,72
21,105
48,57
39,9
11,101
29,19
9,117
23,93
17,126
37,115
31,13
14,79
60,77
25,85
30,18
22,159
46,136
50,119
48,75
43,28
16,157
35,139
13,91
20,106
32,144
10,155
40,71
42,160
30,71
22,96
10,106
16,73
36,132
15,138
9,126
23,90
45,73
37,124
38,104
31,16
55,55
43,154
49,122
9,133
44,22
26,76
42,34
23,159
45,142
18,59
21,101
36,131
68,64
24,38
46,57
20,52
40,9
38,99
45,92
24,85
23,39
38,69
43,10
15,77
9,142
44,148
65,57
16,139
40,53
45,16
9,144
32,11
50,93
33,10
16,71
39,52
36,138
53,97
10,102
19,56
37,110
15,134
20,51
9,114
17,123
21,50
36,126
